1 0.716797 0.955078 0.714844 0.957031 0.699219 0.957031 0.699219 0.958984 0.701172 0.960938 0.701172 0.962891 0.703125 0.964844 0.703125 0.966797 0.705078 0.968750 0.705078 0.970703 0.710938 0.976562 0.710938 0.978516 0.712891 0.980469 0.714844 0.980469 0.712891 0.980469 0.710938 0.978516 0.710938 0.976562 0.712891 0.974609 0.712891 0.970703 0.714844 0.968750 0.714844 0.964844 0.716797 0.962891 0.716797 0.958984 0.718750 0.957031 0.718750 0.955078
1 0.667969 0.955078 0.666016 0.957031 0.664062 0.957031 0.664062 0.964844 0.662109 0.966797 0.662109 0.978516 0.666016 0.978516 0.667969 0.980469 0.681641 0.980469 0.683594 0.982422 0.685547 0.982422 0.685547 0.978516 0.687500 0.976562 0.687500 0.974609 0.689453 0.972656 0.689453 0.966797 0.691406 0.964844 0.691406 0.960938 0.693359 0.958984 0.691406 0.957031 0.677734 0.957031 0.675781 0.955078
1 0.750000 0.953125 0.746094 0.957031 0.746094 0.976562 0.748047 0.978516 0.748047 0.980469 0.750000 0.982422 0.755859 0.982422 0.757812 0.984375 0.767578 0.984375 0.767578 0.974609 0.765625 0.972656 0.765625 0.957031 0.763672 0.957031 0.761719 0.955078 0.755859 0.955078 0.753906 0.953125
1 0.537109 0.953125 0.535156 0.955078 0.535156 0.958984 0.537109 0.960938 0.537109 0.972656 0.539062 0.974609 0.539062 0.978516 0.556641 0.978516 0.556641 0.968750 0.554688 0.966797 0.554688 0.955078 0.541016 0.955078 0.539062 0.953125
1 0.500000 0.951172 0.498047 0.953125 0.498047 0.955078 0.494141 0.958984 0.494141 0.960938 0.492188 0.962891 0.492188 0.966797 0.490234 0.968750 0.492188 0.970703 0.492188 0.974609 0.498047 0.974609 0.500000 0.976562 0.503906 0.976562 0.503906 0.974609 0.505859 0.972656 0.505859 0.970703 0.507812 0.968750 0.507812 0.964844 0.509766 0.962891 0.509766 0.958984 0.511719 0.957031 0.511719 0.955078 0.513672 0.953125 0.511719 0.951172
1 0.417969 0.951172 0.416016 0.953125 0.412109 0.953125 0.412109 0.958984 0.410156 0.960938 0.410156 0.972656 0.427734 0.972656 0.429688 0.970703 0.429688 0.964844 0.427734 0.962891 0.427734 0.958984 0.425781 0.957031 0.425781 0.951172
1 0.457031 0.947266 0.455078 0.949219 0.455078 0.953125 0.453125 0.955078 0.453125 0.957031 0.451172 0.958984 0.451172 0.974609 0.462891 0.974609 0.462891 0.970703 0.464844 0.968750 0.464844 0.962891 0.466797 0.960938 0.466797 0.955078 0.468750 0.953125 0.468750 0.949219 0.470703 0.947266 0.474609 0.947266
1 0.591797 0.945312 0.587891 0.949219 0.587891 0.951172 0.585938 0.953125 0.585938 0.957031 0.583984 0.958984 0.583984 0.962891 0.582031 0.964844 0.582031 0.966797 0.580078 0.968750 0.580078 0.972656 0.578125 0.974609 0.582031 0.978516 0.583984 0.978516 0.585938 0.980469 0.605469 0.980469 0.609375 0.976562 0.613281 0.980469 0.640625 0.980469 0.640625 0.976562 0.642578 0.974609 0.642578 0.964844 0.640625 0.962891 0.640625 0.955078 0.626953 0.955078 0.625000 0.953125 0.615234 0.953125 0.613281 0.955078 0.611328 0.953125 0.611328 0.951172 0.609375 0.949219 0.607422 0.949219 0.605469 0.947266 0.603516 0.947266 0.601562 0.945312
1 0.380859 0.945312 0.378906 0.947266 0.375000 0.947266 0.373047 0.949219 0.369141 0.949219 0.367188 0.951172 0.363281 0.951172 0.361328 0.953125 0.359375 0.953125 0.357422 0.955078 0.357422 0.958984 0.359375 0.960938 0.359375 0.968750 0.357422 0.970703 0.357422 0.972656 0.359375 0.974609 0.369141 0.974609 0.371094 0.972656 0.380859 0.972656 0.382812 0.970703 0.382812 0.949219 0.384766 0.947266 0.384766 0.945312
1 0.773438 0.880859 0.771484 0.882812 0.761719 0.882812 0.759766 0.884766 0.751953 0.884766 0.751953 0.886719 0.750000 0.888672 0.750000 0.906250 0.759766 0.906250 0.761719 0.908203 0.771484 0.908203 0.773438 0.906250 0.773438 0.894531 0.775391 0.892578 0.775391 0.884766 0.777344 0.882812 0.777344 0.880859
1 0.472656 0.880859 0.468750 0.884766 0.466797 0.884766 0.464844 0.886719 0.462891 0.886719 0.460938 0.888672 0.458984 0.888672 0.457031 0.890625 0.455078 0.890625 0.455078 0.892578 0.457031 0.894531 0.457031 0.902344 0.472656 0.902344 0.474609 0.900391 0.474609 0.882812
1 0.681641 0.878906 0.679688 0.880859 0.673828 0.880859 0.671875 0.882812 0.666016 0.882812 0.664062 0.884766 0.662109 0.884766 0.662109 0.892578 0.664062 0.894531 0.666016 0.894531 0.669922 0.898438 0.671875 0.898438 0.675781 0.902344 0.675781 0.904297 0.677734 0.904297 0.677734 0.900391 0.679688 0.898438 0.679688 0.888672 0.681641 0.886719
1 0.630859 0.876953 0.630859 0.882812 0.628906 0.884766 0.628906 0.886719 0.626953 0.888672 0.626953 0.894531 0.628906 0.896484 0.632812 0.896484 0.634766 0.898438 0.640625 0.898438 0.642578 0.896484 0.642578 0.890625 0.640625 0.888672 0.640625 0.878906 0.642578 0.876953
1 0.597656 0.876953 0.591797 0.882812 0.589844 0.882812 0.587891 0.884766 0.585938 0.884766 0.583984 0.886719 0.580078 0.886719 0.578125 0.888672 0.576172 0.888672 0.574219 0.890625 0.572266 0.890625 0.570312 0.892578 0.570312 0.896484 0.576172 0.902344 0.576172 0.904297 0.603516 0.904297 0.603516 0.902344 0.601562 0.900391 0.601562 0.894531 0.599609 0.892578 0.599609 0.886719 0.597656 0.884766
1 0.533203 0.876953 0.531250 0.878906 0.533203 0.880859 0.533203 0.888672 0.535156 0.890625 0.535156 0.896484 0.537109 0.896484 0.539062 0.898438 0.539062 0.900391 0.541016 0.900391 0.544922 0.904297 0.550781 0.904297 0.552734 0.902344 0.552734 0.900391 0.554688 0.898438 0.554688 0.896484 0.556641 0.894531 0.556641 0.892578 0.558594 0.890625 0.558594 0.888672 0.560547 0.886719 0.560547 0.884766 0.558594 0.882812 0.552734 0.882812 0.550781 0.880859 0.542969 0.880859 0.541016 0.878906 0.537109 0.878906 0.535156 0.876953
1 0.726562 0.875000 0.722656 0.878906 0.718750 0.878906 0.716797 0.880859 0.707031 0.880859 0.705078 0.882812 0.705078 0.904297 0.710938 0.904297 0.712891 0.906250 0.730469 0.906250 0.730469 0.896484 0.728516 0.894531 0.728516 0.880859 0.730469 0.878906 0.730469 0.876953 0.732422 0.875000
1 0.382812 0.873047 0.380859 0.875000 0.371094 0.875000 0.371094 0.876953 0.369141 0.878906 0.369141 0.884766 0.367188 0.886719 0.367188 0.892578 0.365234 0.894531 0.365234 0.900391 0.380859 0.900391 0.382812 0.898438 0.384766 0.898438 0.388672 0.894531 0.390625 0.894531 0.392578 0.892578 0.394531 0.892578 0.396484 0.890625 0.398438 0.892578 0.400391 0.892578 0.410156 0.902344 0.427734 0.902344 0.427734 0.880859 0.425781 0.880859 0.423828 0.878906 0.419922 0.878906 0.416016 0.875000 0.406250 0.875000 0.400391 0.880859 0.398438 0.880859 0.394531 0.876953 0.394531 0.875000 0.392578 0.873047
1 0.000000 0.751953 0.000000 0.998047 0.310547 0.998047 0.310547 0.982422 0.312500 0.980469 0.312500 0.974609 0.310547 0.972656 0.310547 0.962891 0.312500 0.960938 0.312500 0.923828 0.314453 0.921875 0.314453 0.904297 0.312500 0.902344 0.312500 0.898438 0.314453 0.896484 0.314453 0.888672 0.316406 0.886719 0.316406 0.880859 0.318359 0.878906 0.318359 0.857422 0.320312 0.855469 0.320312 0.808594 0.318359 0.806641 0.318359 0.791016 0.320312 0.789062 0.320312 0.787109 0.322266 0.785156 0.320312 0.783203 0.310547 0.783203 0.308594 0.785156 0.248047 0.785156 0.246094 0.787109 0.228516 0.787109 0.226562 0.785156 0.208984 0.785156 0.207031 0.783203 0.191406 0.783203 0.189453 0.781250 0.183594 0.781250 0.181641 0.779297 0.175781 0.779297 0.173828 0.777344 0.167969 0.777344 0.166016 0.775391 0.158203 0.775391 0.156250 0.773438 0.150391 0.773438 0.148438 0.771484 0.142578 0.771484 0.140625 0.769531 0.136719 0.769531 0.134766 0.767578 0.130859 0.767578 0.128906 0.765625 0.123047 0.765625 0.121094 0.763672 0.115234 0.763672 0.113281 0.761719 0.109375 0.761719 0.107422 0.759766 0.101562 0.759766 0.099609 0.757812 0.083984 0.757812 0.082031 0.755859 0.076172 0.755859 0.074219 0.753906 0.011719 0.753906 0.009766 0.751953
1 0.574219 0.666016 0.568359 0.671875 0.566406 0.671875 0.564453 0.673828 0.562500 0.673828 0.560547 0.675781 0.558594 0.675781 0.556641 0.677734 0.554688 0.677734 0.552734 0.679688 0.550781 0.679688 0.548828 0.681641 0.539062 0.681641 0.539062 0.683594 0.541016 0.685547 0.541016 0.691406 0.542969 0.693359 0.542969 0.695312 0.544922 0.697266 0.544922 0.701172 0.546875 0.703125 0.546875 0.710938 0.552734 0.710938 0.554688 0.708984 0.558594 0.708984 0.558594 0.707031 0.560547 0.705078 0.562500 0.705078 0.564453 0.703125 0.570312 0.703125 0.572266 0.701172 0.578125 0.701172 0.580078 0.699219 0.583984 0.699219 0.585938 0.697266 0.585938 0.695312 0.583984 0.693359 0.583984 0.689453 0.582031 0.687500 0.582031 0.683594 0.580078 0.681641 0.580078 0.677734 0.578125 0.675781 0.578125 0.671875 0.576172 0.669922 0.576172 0.666016
1 0.626953 0.640625 0.625000 0.642578 0.625000 0.644531 0.623047 0.646484 0.623047 0.648438 0.621094 0.650391 0.621094 0.652344 0.619141 0.654297 0.619141 0.656250 0.617188 0.658203 0.617188 0.660156 0.615234 0.662109 0.615234 0.664062 0.613281 0.666016 0.613281 0.669922 0.615234 0.671875 0.615234 0.673828 0.617188 0.675781 0.617188 0.677734 0.619141 0.679688 0.619141 0.681641 0.621094 0.683594 0.621094 0.687500 0.623047 0.687500 0.625000 0.685547 0.628906 0.685547 0.630859 0.683594 0.634766 0.683594 0.636719 0.681641 0.640625 0.681641 0.642578 0.679688 0.646484 0.679688 0.646484 0.677734 0.642578 0.673828 0.640625 0.673828 0.638672 0.671875 0.636719 0.671875 0.632812 0.667969 0.636719 0.664062 0.636719 0.662109 0.642578 0.656250 0.644531 0.656250 0.650391 0.650391 0.650391 0.648438 0.648438 0.646484 0.646484 0.646484 0.644531 0.644531 0.642578 0.644531 0.640625 0.642578 0.638672 0.642578 0.636719 0.640625
1 0.791016 0.630859 0.775391 0.646484 0.773438 0.646484 0.769531 0.650391 0.767578 0.650391 0.765625 0.652344 0.753906 0.640625 0.751953 0.640625 0.750000 0.642578 0.744141 0.642578 0.742188 0.644531 0.736328 0.644531 0.734375 0.646484 0.734375 0.648438 0.732422 0.650391 0.732422 0.658203 0.730469 0.660156 0.730469 0.662109 0.728516 0.664062 0.726562 0.664062 0.724609 0.662109 0.720703 0.662109 0.718750 0.660156 0.712891 0.660156 0.710938 0.662109 0.708984 0.662109 0.705078 0.666016 0.703125 0.666016 0.699219 0.669922 0.699219 0.673828 0.697266 0.675781 0.693359 0.675781 0.691406 0.677734 0.687500 0.677734 0.685547 0.679688 0.685547 0.681641 0.681641 0.685547 0.677734 0.685547 0.675781 0.683594 0.673828 0.683594 0.671875 0.681641 0.667969 0.685547 0.666016 0.685547 0.662109 0.689453 0.660156 0.687500 0.654297 0.687500 0.654297 0.707031 0.648438 0.712891 0.646484 0.712891 0.644531 0.714844 0.642578 0.714844 0.640625 0.716797 0.638672 0.716797 0.634766 0.712891 0.634766 0.710938 0.632812 0.708984 0.626953 0.708984 0.625000 0.710938 0.625000 0.714844 0.623047 0.716797 0.623047 0.720703 0.619141 0.724609 0.617188 0.724609 0.615234 0.722656 0.613281 0.722656 0.611328 0.720703 0.607422 0.720703 0.605469 0.718750 0.589844 0.718750 0.589844 0.724609 0.587891 0.726562 0.587891 0.732422 0.580078 0.740234 0.578125 0.740234 0.576172 0.742188 0.572266 0.742188 0.570312 0.744141 0.566406 0.740234 0.566406 0.738281 0.564453 0.736328 0.562500 0.736328 0.560547 0.734375 0.558594 0.734375 0.556641 0.732422 0.548828 0.732422 0.541016 0.724609 0.539062 0.724609 0.537109 0.726562 0.533203 0.726562 0.531250 0.728516 0.521484 0.728516 0.519531 0.730469 0.517578 0.730469 0.515625 0.728516 0.513672 0.728516 0.511719 0.726562 0.507812 0.726562 0.503906 0.722656 0.501953 0.724609 0.498047 0.724609 0.496094 0.726562 0.492188 0.726562 0.490234 0.728516 0.490234 0.732422 0.488281 0.734375 0.488281 0.736328 0.486328 0.738281 0.486328 0.740234 0.480469 0.746094 0.447266 0.746094 0.445312 0.744141 0.435547 0.744141 0.431641 0.740234 0.433594 0.738281 0.433594 0.736328 0.435547 0.734375 0.433594 0.732422 0.433594 0.730469 0.431641 0.730469 0.419922 0.718750 0.412109 0.718750 0.406250 0.724609 0.406250 0.726562 0.404297 0.728516 0.404297 0.730469 0.402344 0.732422 0.402344 0.738281 0.400391 0.740234 0.400391 0.755859 0.404297 0.759766 0.406250 0.759766 0.408203 0.761719 0.416016 0.761719 0.417969 0.763672 0.433594 0.763672 0.435547 0.765625 0.451172 0.765625 0.453125 0.767578 0.464844 0.767578 0.466797 0.769531 0.484375 0.769531 0.486328 0.771484 0.513672 0.771484 0.515625 0.773438 0.558594 0.773438 0.560547 0.771484 0.562500 0.771484 0.564453 0.769531 0.566406 0.769531 0.568359 0.767578 0.570312 0.767578 0.572266 0.765625 0.574219 0.765625 0.576172 0.763672 0.578125 0.763672 0.580078 0.761719 0.583984 0.761719 0.585938 0.759766 0.587891 0.759766 0.589844 0.757812 0.591797 0.757812 0.593750 0.755859 0.595703 0.755859 0.597656 0.753906 0.599609 0.753906 0.601562 0.751953 0.603516 0.751953 0.605469 0.750000 0.609375 0.750000 0.611328 0.748047 0.613281 0.748047 0.615234 0.746094 0.619141 0.746094 0.621094 0.744141 0.623047 0.744141 0.625000 0.742188 0.628906 0.742188 0.630859 0.740234 0.634766 0.740234 0.636719 0.738281 0.638672 0.738281 0.640625 0.736328 0.644531 0.736328 0.646484 0.734375 0.648438 0.734375 0.650391 0.732422 0.654297 0.732422 0.656250 0.730469 0.658203 0.730469 0.660156 0.728516 0.664062 0.728516 0.666016 0.726562 0.667969 0.726562 0.669922 0.724609 0.671875 0.724609 0.673828 0.722656 0.675781 0.722656 0.677734 0.720703 0.679688 0.720703 0.681641 0.718750 0.683594 0.718750 0.685547 0.716797 0.687500 0.716797 0.689453 0.714844 0.691406 0.714844 0.693359 0.712891 0.695312 0.712891 0.697266 0.710938 0.699219 0.710938 0.701172 0.708984 0.703125 0.708984 0.705078 0.707031 0.707031 0.707031 0.708984 0.705078 0.710938 0.705078 0.712891 0.703125 0.714844 0.703125 0.716797 0.701172 0.718750 0.701172 0.722656 0.697266 0.724609 0.697266 0.726562 0.695312 0.728516 0.695312 0.732422 0.691406 0.734375 0.691406 0.736328 0.689453 0.738281 0.689453 0.742188 0.685547 0.744141 0.685547 0.746094 0.683594 0.748047 0.683594 0.751953 0.679688 0.753906 0.679688 0.755859 0.677734 0.757812 0.677734 0.759766 0.675781 0.771484 0.675781 0.775391 0.671875 0.777344 0.671875 0.779297 0.669922 0.781250 0.669922 0.783203 0.667969 0.785156 0.667969 0.787109 0.666016 0.789062 0.666016 0.791016 0.664062 0.792969 0.664062 0.794922 0.662109 0.798828 0.662109 0.800781 0.660156 0.802734 0.660156 0.804688 0.658203 0.806641 0.658203 0.808594 0.656250 0.806641 0.654297 0.806641 0.650391 0.800781 0.644531 0.800781 0.642578 0.794922 0.636719 0.794922 0.634766 0.792969 0.632812 0.792969 0.630859
1 0.687500 0.611328 0.685547 0.613281 0.683594 0.613281 0.681641 0.615234 0.679688 0.615234 0.677734 0.617188 0.675781 0.617188 0.675781 0.634766 0.673828 0.636719 0.673828 0.640625 0.683594 0.640625 0.685547 0.642578 0.687500 0.642578 0.691406 0.638672 0.691406 0.628906 0.693359 0.626953 0.693359 0.623047 0.689453 0.619141 0.689453 0.617188 0.685547 0.613281 0.687500 0.611328 0.689453 0.611328
1 0.242188 0.589844 0.238281 0.593750 0.238281 0.595703 0.236328 0.597656 0.234375 0.597656 0.232422 0.599609 0.232422 0.607422 0.230469 0.609375 0.230469 0.617188 0.228516 0.619141 0.228516 0.626953 0.230469 0.628906 0.232422 0.626953 0.234375 0.626953 0.236328 0.625000 0.238281 0.625000 0.244141 0.619141 0.246094 0.619141 0.250000 0.615234 0.250000 0.613281 0.255859 0.607422 0.255859 0.605469 0.253906 0.603516 0.253906 0.601562 0.251953 0.599609 0.251953 0.597656 0.246094 0.591797 0.246094 0.589844
1 0.300781 0.582031 0.298828 0.583984 0.294922 0.583984 0.292969 0.585938 0.289062 0.585938 0.287109 0.587891 0.283203 0.587891 0.281250 0.589844 0.281250 0.591797 0.279297 0.593750 0.279297 0.599609 0.281250 0.601562 0.281250 0.609375 0.283203 0.611328 0.283203 0.615234 0.285156 0.617188 0.285156 0.619141 0.287109 0.621094 0.287109 0.623047 0.291016 0.626953 0.291016 0.628906 0.292969 0.628906 0.294922 0.626953 0.298828 0.626953 0.300781 0.625000 0.302734 0.625000 0.304688 0.623047 0.306641 0.623047 0.308594 0.621094 0.310547 0.621094 0.310547 0.607422 0.308594 0.605469 0.308594 0.589844 0.306641 0.589844 0.302734 0.585938 0.302734 0.583984
1 0.732422 0.580078 0.730469 0.582031 0.728516 0.582031 0.726562 0.583984 0.722656 0.583984 0.720703 0.585938 0.718750 0.585938 0.716797 0.587891 0.716797 0.595703 0.718750 0.597656 0.718750 0.603516 0.720703 0.605469 0.720703 0.609375 0.722656 0.611328 0.722656 0.615234 0.724609 0.617188 0.724609 0.619141 0.728516 0.623047 0.730469 0.623047 0.732422 0.625000 0.734375 0.623047 0.736328 0.623047 0.740234 0.619141 0.740234 0.615234 0.742188 0.613281 0.742188 0.609375 0.744141 0.607422 0.744141 0.601562 0.742188 0.599609 0.742188 0.595703 0.740234 0.593750 0.740234 0.591797 0.738281 0.589844 0.738281 0.587891 0.736328 0.585938 0.736328 0.583984 0.734375 0.582031 0.734375 0.580078
1 0.365234 0.568359 0.365234 0.570312 0.363281 0.572266 0.363281 0.574219 0.357422 0.580078 0.357422 0.582031 0.347656 0.591797 0.347656 0.603516 0.349609 0.605469 0.349609 0.617188 0.351562 0.619141 0.351562 0.617188 0.353516 0.615234 0.355469 0.615234 0.363281 0.607422 0.365234 0.607422 0.371094 0.601562 0.371094 0.597656 0.369141 0.595703 0.369141 0.587891 0.367188 0.585938 0.367188 0.578125 0.365234 0.576172
1 0.525391 0.552734 0.523438 0.554688 0.515625 0.554688 0.515625 0.556641 0.509766 0.562500 0.509766 0.564453 0.507812 0.566406 0.507812 0.572266 0.505859 0.574219 0.505859 0.580078 0.503906 0.582031 0.503906 0.583984 0.501953 0.585938 0.501953 0.587891 0.500000 0.589844 0.498047 0.589844 0.496094 0.587891 0.496094 0.576172 0.494141 0.574219 0.494141 0.562500 0.492188 0.562500 0.490234 0.564453 0.482422 0.564453 0.480469 0.566406 0.476562 0.566406 0.474609 0.564453 0.472656 0.566406 0.455078 0.566406 0.453125 0.568359 0.449219 0.568359 0.447266 0.570312 0.443359 0.570312 0.441406 0.568359 0.441406 0.566406 0.439453 0.564453 0.439453 0.560547 0.437500 0.558594 0.437500 0.554688 0.435547 0.556641 0.425781 0.556641 0.421875 0.560547 0.419922 0.560547 0.417969 0.562500 0.416016 0.562500 0.414062 0.564453 0.412109 0.564453 0.410156 0.566406 0.408203 0.566406 0.406250 0.568359 0.404297 0.568359 0.402344 0.570312 0.400391 0.570312 0.398438 0.572266 0.398438 0.578125 0.400391 0.580078 0.400391 0.585938 0.402344 0.587891 0.402344 0.597656 0.404297 0.599609 0.404297 0.607422 0.406250 0.609375 0.406250 0.611328 0.404297 0.613281 0.404297 0.615234 0.402344 0.617188 0.402344 0.619141 0.390625 0.630859 0.390625 0.632812 0.384766 0.638672 0.384766 0.640625 0.386719 0.642578 0.386719 0.644531 0.388672 0.646484 0.388672 0.648438 0.390625 0.650391 0.390625 0.652344 0.392578 0.654297 0.392578 0.656250 0.394531 0.658203 0.394531 0.660156 0.396484 0.662109 0.396484 0.664062 0.398438 0.664062 0.400391 0.666016 0.402344 0.664062 0.402344 0.662109 0.404297 0.660156 0.404297 0.658203 0.408203 0.654297 0.408203 0.652344 0.410156 0.650391 0.410156 0.648438 0.414062 0.644531 0.414062 0.642578 0.417969 0.638672 0.417969 0.636719 0.421875 0.632812 0.421875 0.630859 0.423828 0.628906 0.423828 0.626953 0.427734 0.623047 0.427734 0.621094 0.431641 0.617188 0.431641 0.615234 0.437500 0.609375 0.439453 0.609375 0.447266 0.601562 0.449219 0.601562 0.451172 0.603516 0.455078 0.603516 0.457031 0.605469 0.457031 0.607422 0.460938 0.611328 0.460938 0.613281 0.462891 0.615234 0.462891 0.617188 0.466797 0.621094 0.466797 0.623047 0.470703 0.626953 0.472656 0.626953 0.474609 0.628906 0.480469 0.628906 0.482422 0.626953 0.484375 0.626953 0.488281 0.623047 0.490234 0.623047 0.492188 0.621094 0.494141 0.621094 0.496094 0.619141 0.496094 0.617188 0.498047 0.615234 0.498047 0.613281 0.500000 0.611328 0.500000 0.607422 0.503906 0.603516 0.511719 0.603516 0.525391 0.617188 0.529297 0.617188 0.537109 0.609375 0.537109 0.607422 0.541016 0.603516 0.541016 0.601562 0.544922 0.597656 0.544922 0.595703 0.542969 0.593750 0.542969 0.589844 0.541016 0.587891 0.541016 0.585938 0.539062 0.583984 0.539062 0.580078 0.537109 0.578125 0.537109 0.570312 0.535156 0.568359 0.535156 0.564453 0.533203 0.562500 0.533203 0.558594 0.527344 0.552734
1 0.671875 0.509766 0.671875 0.511719 0.664062 0.519531 0.660156 0.519531 0.660156 0.521484 0.658203 0.523438 0.658203 0.527344 0.660156 0.529297 0.660156 0.537109 0.662109 0.539062 0.662109 0.546875 0.664062 0.548828 0.664062 0.556641 0.666016 0.558594 0.666016 0.562500 0.669922 0.562500 0.671875 0.560547 0.675781 0.560547 0.677734 0.558594 0.681641 0.558594 0.683594 0.556641 0.683594 0.535156 0.681641 0.533203 0.681641 0.529297 0.679688 0.527344 0.679688 0.525391 0.677734 0.523438 0.677734 0.519531 0.675781 0.517578 0.675781 0.515625 0.673828 0.513672 0.673828 0.511719
1 0.728516 0.482422 0.720703 0.490234 0.720703 0.492188 0.714844 0.498047 0.714844 0.500000 0.712891 0.501953 0.712891 0.507812 0.710938 0.509766 0.710938 0.513672 0.712891 0.515625 0.712891 0.521484 0.714844 0.523438 0.716797 0.523438 0.718750 0.525391 0.722656 0.525391 0.724609 0.527344 0.728516 0.527344 0.730469 0.529297 0.732422 0.527344 0.734375 0.527344 0.734375 0.521484 0.736328 0.519531 0.736328 0.513672 0.738281 0.511719 0.738281 0.505859 0.736328 0.503906 0.736328 0.500000 0.734375 0.498047 0.734375 0.492188 0.732422 0.490234 0.732422 0.486328 0.730469 0.484375 0.730469 0.482422
1 0.246094 0.480469 0.244141 0.482422 0.244141 0.494141 0.242188 0.496094 0.242188 0.511719 0.244141 0.513672 0.244141 0.521484 0.250000 0.527344 0.251953 0.527344 0.253906 0.529297 0.259766 0.529297 0.261719 0.527344 0.261719 0.525391 0.263672 0.523438 0.263672 0.521484 0.265625 0.519531 0.265625 0.517578 0.267578 0.515625 0.267578 0.513672 0.269531 0.511719 0.269531 0.509766 0.267578 0.507812 0.267578 0.503906 0.265625 0.501953 0.265625 0.496094 0.263672 0.494141 0.263672 0.492188 0.261719 0.490234 0.261719 0.488281 0.259766 0.486328 0.259766 0.484375 0.255859 0.480469
1 0.289062 0.474609 0.287109 0.476562 0.287109 0.482422 0.285156 0.484375 0.285156 0.498047 0.283203 0.500000 0.283203 0.511719 0.285156 0.513672 0.285156 0.519531 0.287109 0.521484 0.287109 0.527344 0.304688 0.527344 0.304688 0.523438 0.306641 0.521484 0.306641 0.517578 0.308594 0.515625 0.308594 0.513672 0.310547 0.511719 0.310547 0.498047 0.312500 0.496094 0.312500 0.486328 0.310547 0.484375 0.310547 0.482422 0.306641 0.482422 0.302734 0.478516 0.300781 0.478516 0.298828 0.476562 0.294922 0.476562 0.292969 0.474609
1 0.429688 0.464844 0.425781 0.468750 0.425781 0.470703 0.423828 0.472656 0.421875 0.472656 0.416016 0.478516 0.414062 0.478516 0.412109 0.480469 0.412109 0.521484 0.414062 0.523438 0.417969 0.523438 0.419922 0.521484 0.421875 0.521484 0.423828 0.519531 0.435547 0.519531 0.439453 0.523438 0.439453 0.517578 0.441406 0.515625 0.441406 0.513672 0.439453 0.511719 0.439453 0.505859 0.437500 0.503906 0.437500 0.494141 0.433594 0.490234 0.433594 0.468750 0.431641 0.466797 0.431641 0.464844
1 0.339844 0.457031 0.339844 0.474609 0.337891 0.476562 0.337891 0.486328 0.335938 0.488281 0.335938 0.498047 0.337891 0.500000 0.337891 0.507812 0.339844 0.509766 0.339844 0.515625 0.341797 0.517578 0.341797 0.523438 0.343750 0.525391 0.343750 0.531250 0.345703 0.529297 0.369141 0.529297 0.371094 0.527344 0.375000 0.527344 0.375000 0.519531 0.376953 0.517578 0.376953 0.482422 0.378906 0.480469 0.373047 0.474609 0.371094 0.474609 0.367188 0.470703 0.365234 0.470703 0.357422 0.462891 0.355469 0.462891 0.349609 0.457031
1 0.484375 0.449219 0.478516 0.455078 0.476562 0.455078 0.468750 0.462891 0.466797 0.462891 0.458984 0.470703 0.458984 0.478516 0.460938 0.480469 0.460938 0.488281 0.466797 0.494141 0.466797 0.496094 0.480469 0.509766 0.482422 0.509766 0.484375 0.507812 0.486328 0.507812 0.488281 0.505859 0.490234 0.505859 0.492188 0.503906 0.494141 0.503906 0.496094 0.501953 0.500000 0.501953 0.500000 0.488281 0.498047 0.486328 0.498047 0.482422 0.496094 0.480469 0.496094 0.478516 0.494141 0.476562 0.494141 0.472656 0.492188 0.470703 0.492188 0.466797 0.490234 0.464844 0.490234 0.460938 0.488281 0.458984 0.488281 0.455078 0.486328 0.453125 0.486328 0.451172
1 0.544922 0.433594 0.542969 0.435547 0.531250 0.435547 0.531250 0.441406 0.529297 0.443359 0.529297 0.460938 0.531250 0.462891 0.531250 0.468750 0.533203 0.470703 0.533203 0.474609 0.535156 0.474609 0.537109 0.476562 0.539062 0.476562 0.541016 0.478516 0.542969 0.478516 0.544922 0.480469 0.546875 0.480469 0.550781 0.484375 0.550781 0.486328 0.554688 0.486328 0.556641 0.484375 0.556641 0.482422 0.558594 0.480469 0.558594 0.478516 0.560547 0.476562 0.560547 0.457031 0.558594 0.455078 0.558594 0.451172 0.556641 0.449219 0.556641 0.443359 0.554688 0.441406 0.554688 0.439453 0.550781 0.435547 0.550781 0.433594
1 0.615234 0.429688 0.613281 0.431641 0.607422 0.431641 0.605469 0.433594 0.601562 0.433594 0.599609 0.435547 0.591797 0.435547 0.591797 0.441406 0.593750 0.443359 0.593750 0.458984 0.595703 0.460938 0.597656 0.460938 0.603516 0.466797 0.605469 0.466797 0.611328 0.472656 0.611328 0.474609 0.613281 0.474609 0.615234 0.476562 0.619141 0.476562 0.621094 0.474609 0.625000 0.474609 0.626953 0.472656 0.628906 0.472656 0.630859 0.470703 0.634766 0.470703 0.636719 0.468750 0.638672 0.468750 0.642578 0.464844 0.640625 0.462891 0.640625 0.460938 0.638672 0.458984 0.638672 0.457031 0.634766 0.453125 0.634766 0.451172 0.617188 0.433594 0.617188 0.431641
1 0.429688 0.404297 0.427734 0.406250 0.414062 0.406250 0.412109 0.408203 0.408203 0.408203 0.408203 0.429688 0.410156 0.431641 0.433594 0.431641 0.435547 0.429688 0.435547 0.427734 0.437500 0.425781 0.437500 0.421875 0.439453 0.419922 0.439453 0.412109 0.431641 0.404297
1 0.726562 0.396484 0.724609 0.398438 0.724609 0.400391 0.722656 0.402344 0.720703 0.402344 0.718750 0.404297 0.716797 0.404297 0.714844 0.406250 0.710938 0.406250 0.708984 0.408203 0.707031 0.408203 0.707031 0.412109 0.705078 0.414062 0.705078 0.423828 0.703125 0.425781 0.703125 0.435547 0.701172 0.437500 0.701172 0.439453 0.705078 0.443359 0.707031 0.443359 0.710938 0.447266 0.712891 0.445312 0.714844 0.445312 0.716797 0.447266 0.720703 0.447266 0.722656 0.445312 0.722656 0.439453 0.724609 0.437500 0.724609 0.431641 0.726562 0.429688 0.726562 0.419922 0.728516 0.417969 0.728516 0.398438
1 0.257812 0.392578 0.255859 0.394531 0.255859 0.396484 0.253906 0.398438 0.253906 0.402344 0.251953 0.404297 0.251953 0.408203 0.250000 0.410156 0.250000 0.412109 0.248047 0.414062 0.248047 0.416016 0.246094 0.417969 0.246094 0.421875 0.244141 0.423828 0.242188 0.423828 0.240234 0.421875 0.240234 0.412109 0.236328 0.412109 0.234375 0.414062 0.222656 0.414062 0.220703 0.416016 0.222656 0.417969 0.222656 0.425781 0.220703 0.427734 0.220703 0.441406 0.224609 0.441406 0.226562 0.439453 0.228516 0.439453 0.230469 0.437500 0.234375 0.437500 0.236328 0.435547 0.238281 0.435547 0.240234 0.433594 0.240234 0.425781 0.242188 0.423828 0.244141 0.423828 0.246094 0.425781 0.269531 0.425781 0.271484 0.423828 0.271484 0.421875 0.273438 0.419922 0.273438 0.416016 0.275391 0.414062 0.275391 0.410156 0.277344 0.408203 0.277344 0.402344 0.279297 0.400391 0.279297 0.398438 0.281250 0.396484 0.269531 0.396484 0.267578 0.394531 0.259766 0.394531
1 0.304688 0.384766 0.302734 0.386719 0.302734 0.388672 0.300781 0.390625 0.300781 0.392578 0.298828 0.394531 0.298828 0.398438 0.296875 0.400391 0.296875 0.404297 0.300781 0.408203 0.302734 0.408203 0.304688 0.410156 0.308594 0.410156 0.310547 0.412109 0.312500 0.410156 0.312500 0.408203 0.314453 0.406250 0.314453 0.404297 0.316406 0.402344 0.316406 0.400391 0.318359 0.398438 0.318359 0.396484 0.320312 0.394531 0.320312 0.390625 0.316406 0.390625 0.312500 0.386719 0.310547 0.386719 0.308594 0.384766
1 0.355469 0.371094 0.355469 0.375000 0.353516 0.376953 0.353516 0.388672 0.349609 0.392578 0.353516 0.396484 0.355469 0.396484 0.357422 0.398438 0.359375 0.398438 0.363281 0.402344 0.365234 0.402344 0.369141 0.406250 0.371094 0.406250 0.371094 0.402344 0.373047 0.400391 0.373047 0.392578 0.375000 0.390625 0.375000 0.375000 0.371094 0.375000 0.369141 0.373047 0.361328 0.373047 0.359375 0.371094
1 0.302734 0.320312 0.300781 0.322266 0.300781 0.330078 0.302734 0.332031 0.300781 0.333984 0.300781 0.341797 0.302734 0.343750 0.302734 0.347656 0.306641 0.351562 0.306641 0.353516 0.310547 0.353516 0.312500 0.355469 0.314453 0.355469 0.316406 0.357422 0.320312 0.357422 0.320312 0.351562 0.322266 0.349609 0.322266 0.333984 0.324219 0.332031 0.324219 0.328125 0.322266 0.326172 0.320312 0.326172 0.318359 0.324219 0.316406 0.324219 0.314453 0.322266 0.308594 0.322266 0.306641 0.320312
1 0.583984 0.310547 0.582031 0.312500 0.582031 0.314453 0.580078 0.316406 0.580078 0.318359 0.578125 0.320312 0.578125 0.324219 0.576172 0.326172 0.576172 0.335938 0.578125 0.337891 0.578125 0.339844 0.582031 0.343750 0.582031 0.345703 0.587891 0.351562 0.595703 0.351562 0.597656 0.353516 0.599609 0.351562 0.601562 0.351562 0.601562 0.345703 0.603516 0.343750 0.603516 0.337891 0.601562 0.335938 0.601562 0.326172 0.599609 0.324219 0.599609 0.314453 0.603516 0.310547 0.605469 0.310547 0.595703 0.310547 0.593750 0.312500 0.585938 0.312500
1 0.273438 0.308594 0.271484 0.310547 0.265625 0.310547 0.263672 0.312500 0.255859 0.312500 0.253906 0.314453 0.246094 0.314453 0.244141 0.316406 0.244141 0.318359 0.246094 0.320312 0.246094 0.335938 0.248047 0.337891 0.248047 0.343750 0.251953 0.343750 0.253906 0.345703 0.269531 0.345703 0.269531 0.343750 0.271484 0.341797 0.271484 0.335938 0.273438 0.333984 0.273438 0.332031 0.275391 0.330078 0.275391 0.320312 0.277344 0.318359 0.277344 0.308594
1 0.542969 0.298828 0.541016 0.300781 0.533203 0.300781 0.531250 0.302734 0.527344 0.302734 0.525391 0.304688 0.523438 0.304688 0.523438 0.312500 0.525391 0.314453 0.525391 0.324219 0.523438 0.326172 0.523438 0.328125 0.521484 0.330078 0.521484 0.332031 0.519531 0.333984 0.519531 0.335938 0.517578 0.337891 0.517578 0.341797 0.515625 0.343750 0.515625 0.349609 0.525391 0.359375 0.527344 0.359375 0.539062 0.371094 0.541016 0.371094 0.541016 0.369141 0.546875 0.363281 0.548828 0.363281 0.550781 0.361328 0.552734 0.361328 0.558594 0.355469 0.558594 0.349609 0.556641 0.347656 0.556641 0.337891 0.554688 0.335938 0.554688 0.310547 0.546875 0.302734 0.546875 0.300781 0.544922 0.298828
1 0.634766 0.292969 0.630859 0.296875 0.630859 0.300781 0.628906 0.302734 0.628906 0.332031 0.630859 0.333984 0.634766 0.333984 0.638672 0.337891 0.640625 0.335938 0.646484 0.335938 0.648438 0.333984 0.652344 0.333984 0.656250 0.330078 0.656250 0.328125 0.658203 0.326172 0.656250 0.324219 0.656250 0.318359 0.654297 0.316406 0.654297 0.310547 0.652344 0.308594 0.652344 0.302734 0.650391 0.300781 0.650391 0.296875 0.648438 0.294922 0.644531 0.294922 0.642578 0.292969
1 0.693359 0.275391 0.691406 0.277344 0.689453 0.277344 0.685547 0.281250 0.683594 0.281250 0.679688 0.285156 0.679688 0.287109 0.677734 0.289062 0.677734 0.291016 0.675781 0.292969 0.675781 0.298828 0.677734 0.300781 0.677734 0.302734 0.679688 0.304688 0.679688 0.306641 0.681641 0.308594 0.681641 0.310547 0.683594 0.312500 0.683594 0.314453 0.687500 0.318359 0.687500 0.320312 0.689453 0.322266 0.689453 0.324219 0.691406 0.326172 0.691406 0.328125 0.695312 0.328125 0.699219 0.324219 0.701172 0.324219 0.707031 0.318359 0.708984 0.318359 0.710938 0.316406 0.714844 0.316406 0.714844 0.310547 0.712891 0.308594 0.712891 0.298828 0.710938 0.296875 0.710938 0.283203 0.708984 0.281250 0.708984 0.275391 0.703125 0.275391 0.701172 0.277344 0.697266 0.277344 0.695312 0.275391
1 0.000000 0.000000 0.000000 0.708984 0.007812 0.708984 0.009766 0.710938 0.023438 0.710938 0.025391 0.712891 0.039062 0.712891 0.041016 0.714844 0.054688 0.714844 0.056641 0.716797 0.070312 0.716797 0.072266 0.718750 0.085938 0.718750 0.087891 0.720703 0.109375 0.720703 0.111328 0.722656 0.132812 0.722656 0.134766 0.724609 0.148438 0.724609 0.150391 0.726562 0.156250 0.726562 0.158203 0.728516 0.160156 0.728516 0.162109 0.730469 0.164062 0.730469 0.166016 0.732422 0.169922 0.732422 0.171875 0.734375 0.175781 0.734375 0.177734 0.736328 0.181641 0.736328 0.183594 0.738281 0.187500 0.738281 0.189453 0.740234 0.195312 0.740234 0.197266 0.742188 0.201172 0.742188 0.203125 0.744141 0.207031 0.744141 0.208984 0.746094 0.212891 0.746094 0.214844 0.748047 0.220703 0.748047 0.222656 0.750000 0.226562 0.750000 0.228516 0.751953 0.234375 0.751953 0.236328 0.753906 0.240234 0.753906 0.242188 0.755859 0.273438 0.755859 0.275391 0.753906 0.330078 0.753906 0.332031 0.751953 0.357422 0.751953 0.359375 0.750000 0.359375 0.746094 0.361328 0.744141 0.361328 0.736328 0.363281 0.734375 0.363281 0.730469 0.365234 0.728516 0.365234 0.726562 0.367188 0.724609 0.367188 0.720703 0.369141 0.718750 0.369141 0.716797 0.367188 0.714844 0.367188 0.712891 0.363281 0.712891 0.361328 0.710938 0.361328 0.705078 0.359375 0.703125 0.359375 0.701172 0.357422 0.699219 0.355469 0.699219 0.353516 0.701172 0.351562 0.701172 0.349609 0.703125 0.349609 0.705078 0.347656 0.707031 0.347656 0.708984 0.345703 0.710938 0.345703 0.712891 0.343750 0.714844 0.343750 0.718750 0.341797 0.720703 0.341797 0.726562 0.337891 0.730469 0.320312 0.730469 0.318359 0.728516 0.310547 0.728516 0.308594 0.726562 0.306641 0.726562 0.296875 0.716797 0.296875 0.714844 0.294922 0.712891 0.294922 0.708984 0.292969 0.707031 0.289062 0.707031 0.287109 0.705078 0.285156 0.705078 0.281250 0.708984 0.281250 0.712891 0.279297 0.714844 0.279297 0.724609 0.275391 0.728516 0.267578 0.728516 0.265625 0.726562 0.251953 0.726562 0.250000 0.724609 0.246094 0.724609 0.244141 0.722656 0.242188 0.722656 0.240234 0.720703 0.238281 0.720703 0.234375 0.716797 0.232422 0.716797 0.230469 0.714844 0.228516 0.714844 0.224609 0.710938 0.224609 0.708984 0.220703 0.705078 0.218750 0.705078 0.216797 0.703125 0.214844 0.705078 0.210938 0.705078 0.208984 0.707031 0.205078 0.707031 0.203125 0.708984 0.199219 0.708984 0.197266 0.710938 0.193359 0.710938 0.191406 0.708984 0.183594 0.708984 0.181641 0.707031 0.181641 0.705078 0.177734 0.701172 0.177734 0.699219 0.179688 0.697266 0.175781 0.693359 0.173828 0.693359 0.171875 0.691406 0.167969 0.691406 0.166016 0.689453 0.166016 0.685547 0.164062 0.683594 0.164062 0.677734 0.162109 0.675781 0.162109 0.669922 0.164062 0.667969 0.164062 0.662109 0.166016 0.660156 0.166016 0.654297 0.167969 0.652344 0.167969 0.648438 0.169922 0.646484 0.169922 0.640625 0.171875 0.638672 0.171875 0.632812 0.173828 0.630859 0.173828 0.626953 0.175781 0.625000 0.177734 0.625000 0.179688 0.623047 0.183594 0.626953 0.189453 0.626953 0.191406 0.628906 0.193359 0.628906 0.195312 0.630859 0.197266 0.630859 0.197266 0.626953 0.199219 0.625000 0.199219 0.623047 0.201172 0.621094 0.201172 0.619141 0.203125 0.617188 0.203125 0.613281 0.205078 0.611328 0.205078 0.605469 0.207031 0.603516 0.207031 0.601562 0.205078 0.599609 0.185547 0.599609 0.183594 0.601562 0.181641 0.601562 0.177734 0.597656 0.177734 0.591797 0.179688 0.589844 0.179688 0.580078 0.181641 0.578125 0.181641 0.568359 0.183594 0.566406 0.183594 0.556641 0.185547 0.554688 0.185547 0.544922 0.187500 0.542969 0.187500 0.539062 0.189453 0.537109 0.189453 0.535156 0.193359 0.531250 0.195312 0.531250 0.197266 0.533203 0.203125 0.533203 0.205078 0.531250 0.208984 0.531250 0.210938 0.529297 0.220703 0.529297 0.220703 0.521484 0.222656 0.519531 0.222656 0.507812 0.224609 0.505859 0.224609 0.496094 0.226562 0.494141 0.226562 0.482422 0.228516 0.480469 0.228516 0.474609 0.226562 0.474609 0.216797 0.464844 0.214844 0.464844 0.205078 0.474609 0.203125 0.474609 0.199219 0.470703 0.199219 0.458984 0.201172 0.457031 0.201172 0.447266 0.203125 0.445312 0.203125 0.417969 0.205078 0.416016 0.207031 0.416016 0.207031 0.408203 0.208984 0.406250 0.208984 0.398438 0.210938 0.396484 0.210938 0.390625 0.212891 0.388672 0.212891 0.380859 0.214844 0.378906 0.214844 0.371094 0.216797 0.369141 0.216797 0.363281 0.218750 0.361328 0.218750 0.353516 0.220703 0.351562 0.220703 0.345703 0.222656 0.343750 0.222656 0.337891 0.224609 0.335938 0.224609 0.330078 0.226562 0.328125 0.226562 0.322266 0.228516 0.320312 0.228516 0.314453 0.230469 0.312500 0.230469 0.310547 0.232422 0.308594 0.228516 0.304688 0.228516 0.302734 0.230469 0.300781 0.230469 0.298828 0.232422 0.296875 0.232422 0.294922 0.234375 0.292969 0.234375 0.291016 0.236328 0.289062 0.236328 0.287109 0.238281 0.285156 0.238281 0.281250 0.240234 0.279297 0.240234 0.277344 0.242188 0.275391 0.242188 0.271484 0.244141 0.269531 0.244141 0.265625 0.246094 0.263672 0.246094 0.259766 0.248047 0.257812 0.248047 0.253906 0.250000 0.251953 0.250000 0.250000 0.251953 0.248047 0.251953 0.244141 0.253906 0.242188 0.253906 0.238281 0.255859 0.236328 0.255859 0.232422 0.257812 0.230469 0.257812 0.226562 0.259766 0.224609 0.259766 0.222656 0.261719 0.220703 0.261719 0.216797 0.263672 0.214844 0.263672 0.212891 0.265625 0.210938 0.269531 0.210938 0.273438 0.214844 0.275391 0.214844 0.279297 0.218750 0.281250 0.218750 0.283203 0.220703 0.285156 0.220703 0.289062 0.224609 0.291016 0.224609 0.294922 0.228516 0.296875 0.228516 0.298828 0.230469 0.300781 0.230469 0.304688 0.234375 0.306641 0.234375 0.310547 0.238281 0.312500 0.238281 0.314453 0.240234 0.316406 0.240234 0.330078 0.253906 0.330078 0.255859 0.333984 0.259766 0.333984 0.261719 0.341797 0.269531 0.341797 0.271484 0.345703 0.275391 0.345703 0.277344 0.351562 0.283203 0.351562 0.285156 0.353516 0.285156 0.355469 0.287109 0.357422 0.287109 0.359375 0.285156 0.369141 0.285156 0.371094 0.283203 0.376953 0.283203 0.376953 0.281250 0.375000 0.279297 0.375000 0.277344 0.373047 0.275391 0.373047 0.273438 0.371094 0.271484 0.371094 0.269531 0.373047 0.267578 0.375000 0.267578 0.376953 0.269531 0.378906 0.269531 0.380859 0.271484 0.384766 0.271484 0.386719 0.273438 0.388672 0.273438 0.390625 0.275391 0.392578 0.275391 0.394531 0.277344 0.396484 0.277344 0.398438 0.279297 0.400391 0.279297 0.402344 0.281250 0.404297 0.281250 0.406250 0.283203 0.412109 0.283203 0.414062 0.285156 0.419922 0.285156 0.421875 0.287109 0.431641 0.287109 0.433594 0.289062 0.441406 0.289062 0.443359 0.291016 0.447266 0.291016 0.449219 0.292969 0.449219 0.294922 0.466797 0.312500 0.462891 0.316406 0.462891 0.318359 0.460938 0.320312 0.460938 0.324219 0.458984 0.326172 0.460938 0.328125 0.460938 0.332031 0.462891 0.333984 0.462891 0.343750 0.464844 0.345703 0.464844 0.363281 0.466797 0.365234 0.466797 0.371094 0.464844 0.373047 0.464844 0.375000 0.468750 0.375000 0.470703 0.376953 0.476562 0.376953 0.478516 0.375000 0.480469 0.375000 0.486328 0.369141 0.488281 0.369141 0.490234 0.367188 0.490234 0.365234 0.492188 0.363281 0.492188 0.357422 0.494141 0.355469 0.494141 0.343750 0.492188 0.341797 0.492188 0.324219 0.490234 0.322266 0.490234 0.320312 0.488281 0.318359 0.488281 0.314453 0.486328 0.314453 0.484375 0.316406 0.482422 0.316406 0.480469 0.314453 0.472656 0.314453 0.470703 0.312500 0.468750 0.312500 0.466797 0.310547 0.466797 0.308594 0.464844 0.306641 0.464844 0.304688 0.462891 0.302734 0.462891 0.300781 0.460938 0.298828 0.460938 0.296875 0.458984 0.294922 0.458984 0.291016 0.460938 0.289062 0.460938 0.283203 0.462891 0.281250 0.462891 0.275391 0.464844 0.273438 0.464844 0.267578 0.466797 0.265625 0.466797 0.257812 0.468750 0.255859 0.468750 0.250000 0.470703 0.248047 0.470703 0.242188 0.472656 0.240234 0.472656 0.234375 0.474609 0.232422 0.474609 0.224609 0.476562 0.222656 0.476562 0.216797 0.478516 0.214844 0.478516 0.208984 0.480469 0.207031 0.480469 0.201172 0.482422 0.199219 0.482422 0.191406 0.484375 0.189453 0.484375 0.183594 0.486328 0.181641 0.486328 0.175781 0.488281 0.173828 0.488281 0.166016 0.490234 0.164062 0.490234 0.158203 0.492188 0.156250 0.492188 0.150391 0.494141 0.148438 0.494141 0.142578 0.496094 0.140625 0.496094 0.132812 0.498047 0.130859 0.498047 0.125000 0.500000 0.123047 0.500000 0.117188 0.501953 0.115234 0.501953 0.109375 0.503906 0.107422 0.503906 0.099609 0.505859 0.097656 0.505859 0.091797 0.507812 0.089844 0.507812 0.083984 0.509766 0.082031 0.509766 0.076172 0.511719 0.074219 0.511719 0.066406 0.513672 0.064453 0.513672 0.058594 0.515625 0.056641 0.515625 0.050781 0.517578 0.048828 0.517578 0.042969 0.519531 0.041016 0.519531 0.037109 0.521484 0.035156 0.523438 0.035156 0.525391 0.033203 0.535156 0.033203 0.537109 0.031250 0.548828 0.031250 0.552734 0.027344 0.554688 0.027344 0.554688 0.025391 0.562500 0.017578 0.562500 0.015625 0.568359 0.009766 0.568359 0.007812 0.576172 0.000000
2 0.800781 0.685547 0.798828 0.687500 0.792969 0.687500 0.791016 0.689453 0.785156 0.689453 0.783203 0.691406 0.781250 0.691406 0.779297 0.693359 0.775391 0.693359 0.773438 0.695312 0.771484 0.695312 0.769531 0.697266 0.767578 0.697266 0.765625 0.699219 0.763672 0.699219 0.761719 0.701172 0.759766 0.701172 0.757812 0.703125 0.755859 0.703125 0.753906 0.705078 0.751953 0.705078 0.750000 0.707031 0.746094 0.707031 0.744141 0.708984 0.742188 0.708984 0.740234 0.710938 0.738281 0.710938 0.736328 0.712891 0.732422 0.712891 0.730469 0.714844 0.728516 0.714844 0.726562 0.716797 0.724609 0.716797 0.722656 0.718750 0.720703 0.718750 0.718750 0.720703 0.716797 0.720703 0.714844 0.722656 0.712891 0.722656 0.710938 0.724609 0.708984 0.724609 0.707031 0.726562 0.705078 0.726562 0.703125 0.728516 0.699219 0.728516 0.697266 0.730469 0.695312 0.730469 0.693359 0.732422 0.689453 0.732422 0.687500 0.734375 0.685547 0.734375 0.683594 0.736328 0.679688 0.736328 0.677734 0.738281 0.675781 0.738281 0.673828 0.740234 0.671875 0.740234 0.669922 0.742188 0.667969 0.742188 0.666016 0.744141 0.664062 0.744141 0.662109 0.746094 0.660156 0.746094 0.658203 0.748047 0.656250 0.748047 0.654297 0.750000 0.650391 0.750000 0.648438 0.751953 0.646484 0.751953 0.644531 0.753906 0.640625 0.753906 0.638672 0.755859 0.636719 0.755859 0.634766 0.757812 0.632812 0.757812 0.630859 0.759766 0.628906 0.759766 0.626953 0.761719 0.625000 0.761719 0.623047 0.763672 0.621094 0.763672 0.619141 0.765625 0.617188 0.765625 0.615234 0.767578 0.613281 0.767578 0.611328 0.769531 0.609375 0.769531 0.607422 0.771484 0.605469 0.771484 0.603516 0.773438 0.601562 0.773438 0.599609 0.775391 0.597656 0.775391 0.595703 0.777344 0.593750 0.777344 0.591797 0.779297 0.589844 0.779297 0.587891 0.781250 0.585938 0.781250 0.583984 0.783203 0.582031 0.783203 0.580078 0.785156 0.578125 0.785156 0.576172 0.787109 0.384766 0.787109 0.382812 0.785156 0.324219 0.785156 0.322266 0.787109 0.322266 0.789062 0.320312 0.791016 0.320312 0.806641 0.322266 0.808594 0.322266 0.812500 0.417969 0.812500 0.419922 0.810547 0.517578 0.810547 0.519531 0.808594 0.533203 0.808594 0.535156 0.806641 0.548828 0.806641 0.550781 0.804688 0.562500 0.804688 0.564453 0.802734 0.578125 0.802734 0.580078 0.800781 0.587891 0.800781 0.589844 0.798828 0.591797 0.798828 0.593750 0.796875 0.597656 0.796875 0.599609 0.794922 0.601562 0.794922 0.603516 0.792969 0.607422 0.792969 0.609375 0.791016 0.611328 0.791016 0.613281 0.789062 0.617188 0.789062 0.619141 0.787109 0.621094 0.787109 0.623047 0.785156 0.626953 0.785156 0.628906 0.783203 0.630859 0.783203 0.632812 0.781250 0.636719 0.781250 0.638672 0.779297 0.640625 0.779297 0.642578 0.777344 0.646484 0.777344 0.648438 0.775391 0.650391 0.775391 0.652344 0.773438 0.656250 0.773438 0.658203 0.771484 0.660156 0.771484 0.662109 0.769531 0.666016 0.769531 0.667969 0.767578 0.669922 0.767578 0.671875 0.765625 0.675781 0.765625 0.677734 0.763672 0.679688 0.763672 0.681641 0.761719 0.685547 0.761719 0.687500 0.759766 0.689453 0.759766 0.691406 0.757812 0.695312 0.757812 0.697266 0.755859 0.699219 0.755859 0.701172 0.753906 0.705078 0.753906 0.707031 0.751953 0.708984 0.751953 0.710938 0.750000 0.712891 0.750000 0.714844 0.748047 0.718750 0.748047 0.720703 0.746094 0.722656 0.746094 0.724609 0.744141 0.728516 0.744141 0.730469 0.742188 0.732422 0.742188 0.734375 0.740234 0.736328 0.740234 0.738281 0.738281 0.742188 0.738281 0.744141 0.736328 0.748047 0.736328 0.750000 0.734375 0.753906 0.734375 0.755859 0.732422 0.759766 0.732422 0.761719 0.730469 0.765625 0.730469 0.767578 0.728516 0.773438 0.728516 0.775391 0.726562 0.779297 0.726562 0.781250 0.724609 0.787109 0.724609 0.789062 0.722656 0.792969 0.722656 0.794922 0.720703 0.806641 0.720703 0.808594 0.718750 0.818359 0.718750 0.820312 0.716797 0.824219 0.716797 0.826172 0.714844 0.826172 0.705078 0.828125 0.703125 0.828125 0.697266 0.830078 0.695312 0.830078 0.691406 0.828125 0.689453 0.822266 0.689453 0.820312 0.687500 0.814453 0.687500 0.812500 0.685547
2 0.996094 0.109375 0.994141 0.111328 0.990234 0.111328 0.988281 0.113281 0.984375 0.113281 0.982422 0.115234 0.978516 0.115234 0.976562 0.117188 0.970703 0.117188 0.968750 0.119141 0.964844 0.119141 0.962891 0.121094 0.958984 0.121094 0.957031 0.123047 0.953125 0.123047 0.951172 0.125000 0.947266 0.125000 0.945312 0.126953 0.941406 0.126953 0.939453 0.128906 0.937500 0.128906 0.935547 0.130859 0.931641 0.130859 0.929688 0.132812 0.921875 0.132812 0.919922 0.134766 0.916016 0.134766 0.914062 0.136719 0.906250 0.136719 0.904297 0.138672 0.890625 0.138672 0.888672 0.136719 0.880859 0.136719 0.878906 0.134766 0.873047 0.134766 0.871094 0.132812 0.869141 0.132812 0.867188 0.130859 0.865234 0.130859 0.863281 0.128906 0.861328 0.128906 0.855469 0.123047 0.853516 0.123047 0.847656 0.117188 0.841797 0.117188 0.839844 0.119141 0.839844 0.121094 0.833984 0.126953 0.833984 0.128906 0.824219 0.138672 0.822266 0.138672 0.818359 0.142578 0.818359 0.144531 0.816406 0.146484 0.814453 0.146484 0.812500 0.148438 0.810547 0.148438 0.808594 0.150391 0.804688 0.150391 0.802734 0.152344 0.798828 0.152344 0.796875 0.154297 0.794922 0.154297 0.792969 0.156250 0.789062 0.156250 0.787109 0.158203 0.783203 0.158203 0.781250 0.160156 0.779297 0.160156 0.777344 0.162109 0.775391 0.162109 0.757812 0.179688 0.755859 0.179688 0.736328 0.199219 0.738281 0.201172 0.740234 0.199219 0.744141 0.199219 0.746094 0.201172 0.746094 0.207031 0.748047 0.208984 0.748047 0.212891 0.746094 0.214844 0.744141 0.214844 0.742188 0.216797 0.738281 0.216797 0.736328 0.218750 0.732422 0.218750 0.730469 0.220703 0.728516 0.220703 0.726562 0.222656 0.722656 0.222656 0.720703 0.224609 0.716797 0.224609 0.714844 0.226562 0.708984 0.226562 0.707031 0.228516 0.701172 0.228516 0.699219 0.230469 0.695312 0.230469 0.693359 0.232422 0.683594 0.232422 0.681641 0.234375 0.675781 0.234375 0.673828 0.236328 0.667969 0.236328 0.666016 0.238281 0.660156 0.238281 0.658203 0.240234 0.652344 0.240234 0.650391 0.242188 0.648438 0.242188 0.646484 0.244141 0.642578 0.244141 0.640625 0.246094 0.638672 0.246094 0.636719 0.248047 0.632812 0.248047 0.630859 0.250000 0.628906 0.250000 0.626953 0.251953 0.623047 0.251953 0.621094 0.253906 0.619141 0.253906 0.617188 0.255859 0.615234 0.255859 0.613281 0.257812 0.609375 0.257812 0.607422 0.259766 0.605469 0.259766 0.603516 0.261719 0.599609 0.261719 0.597656 0.263672 0.595703 0.263672 0.593750 0.265625 0.591797 0.265625 0.589844 0.267578 0.587891 0.265625 0.583984 0.265625 0.582031 0.267578 0.580078 0.267578 0.578125 0.269531 0.576172 0.269531 0.574219 0.271484 0.572266 0.271484 0.570312 0.273438 0.568359 0.273438 0.566406 0.275391 0.562500 0.275391 0.560547 0.277344 0.556641 0.277344 0.552734 0.281250 0.552734 0.285156 0.550781 0.287109 0.550781 0.291016 0.566406 0.291016 0.568359 0.292969 0.570312 0.292969 0.572266 0.294922 0.576172 0.294922 0.578125 0.296875 0.580078 0.296875 0.582031 0.298828 0.582031 0.304688 0.583984 0.306641 0.583984 0.308594 0.585938 0.310547 0.593750 0.310547 0.595703 0.308594 0.605469 0.308594 0.607422 0.310547 0.605469 0.312500 0.603516 0.312500 0.601562 0.314453 0.601562 0.324219 0.603516 0.326172 0.603516 0.335938 0.605469 0.337891 0.613281 0.337891 0.615234 0.335938 0.625000 0.335938 0.626953 0.333984 0.628906 0.333984 0.626953 0.332031 0.626953 0.302734 0.628906 0.300781 0.628906 0.296875 0.634766 0.291016 0.642578 0.291016 0.644531 0.292969 0.648438 0.292969 0.652344 0.296875 0.652344 0.300781 0.654297 0.302734 0.654297 0.308594 0.656250 0.310547 0.656250 0.316406 0.658203 0.318359 0.658203 0.324219 0.660156 0.326172 0.658203 0.328125 0.658203 0.330078 0.652344 0.335938 0.648438 0.335938 0.646484 0.337891 0.640625 0.337891 0.638672 0.339844 0.636719 0.337891 0.636719 0.339844 0.638672 0.339844 0.640625 0.341797 0.642578 0.341797 0.648438 0.347656 0.650391 0.347656 0.652344 0.349609 0.654297 0.349609 0.660156 0.355469 0.662109 0.355469 0.669922 0.363281 0.671875 0.363281 0.679688 0.371094 0.679688 0.376953 0.681641 0.378906 0.681641 0.384766 0.683594 0.386719 0.683594 0.388672 0.681641 0.390625 0.679688 0.388672 0.677734 0.388672 0.675781 0.386719 0.671875 0.386719 0.669922 0.384766 0.664062 0.384766 0.662109 0.382812 0.656250 0.382812 0.654297 0.380859 0.646484 0.380859 0.644531 0.378906 0.638672 0.378906 0.636719 0.376953 0.634766 0.376953 0.632812 0.378906 0.626953 0.378906 0.625000 0.380859 0.623047 0.380859 0.619141 0.384766 0.617188 0.384766 0.615234 0.386719 0.613281 0.386719 0.611328 0.384766 0.603516 0.384766 0.601562 0.382812 0.595703 0.382812 0.593750 0.380859 0.591797 0.380859 0.589844 0.378906 0.587891 0.378906 0.585938 0.376953 0.583984 0.376953 0.582031 0.375000 0.580078 0.375000 0.578125 0.373047 0.574219 0.373047 0.572266 0.371094 0.570312 0.371094 0.566406 0.375000 0.564453 0.375000 0.552734 0.386719 0.552734 0.388672 0.548828 0.392578 0.548828 0.394531 0.539062 0.404297 0.537109 0.404297 0.533203 0.408203 0.531250 0.408203 0.529297 0.406250 0.529297 0.388672 0.527344 0.386719 0.519531 0.386719 0.517578 0.388672 0.505859 0.388672 0.503906 0.390625 0.500000 0.390625 0.492188 0.398438 0.492188 0.402344 0.490234 0.404297 0.490234 0.408203 0.488281 0.410156 0.488281 0.414062 0.486328 0.416016 0.486328 0.427734 0.484375 0.429688 0.484375 0.443359 0.486328 0.445312 0.486328 0.449219 0.488281 0.451172 0.488281 0.453125 0.490234 0.455078 0.490234 0.458984 0.492188 0.460938 0.492188 0.464844 0.494141 0.466797 0.494141 0.470703 0.496094 0.472656 0.496094 0.476562 0.498047 0.478516 0.498047 0.480469 0.500000 0.482422 0.500000 0.486328 0.501953 0.488281 0.501953 0.501953 0.500000 0.503906 0.496094 0.503906 0.494141 0.505859 0.492188 0.505859 0.490234 0.507812 0.488281 0.507812 0.486328 0.509766 0.484375 0.509766 0.482422 0.511719 0.480469 0.511719 0.480469 0.519531 0.478516 0.521484 0.478516 0.535156 0.476562 0.537109 0.476562 0.541016 0.474609 0.542969 0.474609 0.552734 0.476562 0.554688 0.476562 0.564453 0.480469 0.564453 0.482422 0.562500 0.490234 0.562500 0.492188 0.560547 0.494141 0.560547 0.496094 0.562500 0.496094 0.574219 0.498047 0.576172 0.498047 0.587891 0.500000 0.587891 0.500000 0.585938 0.501953 0.583984 0.501953 0.582031 0.503906 0.580078 0.503906 0.574219 0.505859 0.572266 0.505859 0.566406 0.507812 0.564453 0.507812 0.562500 0.513672 0.556641 0.513672 0.554688 0.515625 0.552734 0.523438 0.552734 0.525391 0.550781 0.527344 0.550781 0.527344 0.537109 0.525391 0.535156 0.525391 0.525391 0.523438 0.523438 0.523438 0.513672 0.527344 0.509766 0.531250 0.509766 0.533203 0.507812 0.535156 0.507812 0.537109 0.505859 0.541016 0.505859 0.542969 0.503906 0.544922 0.503906 0.546875 0.501953 0.552734 0.501953 0.554688 0.500000 0.556641 0.500000 0.558594 0.498047 0.560547 0.498047 0.562500 0.496094 0.566406 0.496094 0.568359 0.494141 0.570312 0.494141 0.572266 0.492188 0.574219 0.492188 0.576172 0.490234 0.578125 0.490234 0.580078 0.488281 0.583984 0.488281 0.585938 0.486328 0.587891 0.486328 0.589844 0.484375 0.591797 0.484375 0.593750 0.482422 0.595703 0.482422 0.597656 0.480469 0.599609 0.480469 0.601562 0.478516 0.605469 0.478516 0.607422 0.476562 0.609375 0.476562 0.609375 0.472656 0.605469 0.468750 0.603516 0.468750 0.597656 0.462891 0.595703 0.462891 0.591797 0.458984 0.591797 0.443359 0.589844 0.441406 0.589844 0.435547 0.591797 0.433594 0.599609 0.433594 0.601562 0.431641 0.605469 0.431641 0.607422 0.429688 0.613281 0.429688 0.615234 0.427734 0.619141 0.431641 0.619141 0.433594 0.636719 0.451172 0.636719 0.453125 0.640625 0.457031 0.640625 0.458984 0.642578 0.460938 0.642578 0.462891 0.644531 0.464844 0.646484 0.464844 0.648438 0.466797 0.648438 0.468750 0.650391 0.470703 0.650391 0.480469 0.652344 0.482422 0.652344 0.492188 0.654297 0.494141 0.654297 0.503906 0.656250 0.505859 0.656250 0.509766 0.660156 0.513672 0.660156 0.517578 0.664062 0.517578 0.669922 0.511719 0.669922 0.509766 0.671875 0.507812 0.675781 0.511719 0.675781 0.513672 0.677734 0.515625 0.677734 0.517578 0.679688 0.519531 0.679688 0.523438 0.681641 0.525391 0.681641 0.527344 0.683594 0.529297 0.683594 0.533203 0.685547 0.535156 0.685547 0.556641 0.681641 0.560547 0.677734 0.560547 0.675781 0.562500 0.671875 0.562500 0.669922 0.564453 0.667969 0.564453 0.667969 0.574219 0.669922 0.576172 0.669922 0.589844 0.667969 0.591797 0.667969 0.593750 0.662109 0.599609 0.660156 0.599609 0.658203 0.601562 0.656250 0.601562 0.654297 0.603516 0.652344 0.603516 0.650391 0.605469 0.648438 0.605469 0.646484 0.607422 0.644531 0.607422 0.642578 0.609375 0.640625 0.609375 0.638672 0.611328 0.634766 0.611328 0.632812 0.613281 0.630859 0.613281 0.628906 0.615234 0.626953 0.615234 0.625000 0.617188 0.623047 0.617188 0.621094 0.619141 0.619141 0.619141 0.617188 0.621094 0.615234 0.621094 0.613281 0.623047 0.611328 0.623047 0.609375 0.625000 0.605469 0.625000 0.603516 0.626953 0.601562 0.626953 0.599609 0.628906 0.597656 0.628906 0.595703 0.630859 0.593750 0.630859 0.591797 0.632812 0.589844 0.632812 0.587891 0.634766 0.585938 0.634766 0.583984 0.636719 0.580078 0.636719 0.578125 0.638672 0.576172 0.638672 0.574219 0.640625 0.572266 0.640625 0.570312 0.642578 0.568359 0.642578 0.566406 0.644531 0.564453 0.644531 0.562500 0.646484 0.560547 0.646484 0.558594 0.648438 0.556641 0.648438 0.554688 0.650391 0.550781 0.650391 0.546875 0.646484 0.546875 0.630859 0.544922 0.628906 0.544922 0.619141 0.542969 0.617188 0.542969 0.607422 0.541016 0.605469 0.539062 0.607422 0.539062 0.609375 0.529297 0.619141 0.525391 0.619141 0.511719 0.605469 0.503906 0.605469 0.501953 0.607422 0.501953 0.611328 0.500000 0.613281 0.500000 0.615234 0.498047 0.617188 0.498047 0.619141 0.494141 0.623047 0.492188 0.623047 0.490234 0.625000 0.488281 0.625000 0.484375 0.628906 0.488281 0.632812 0.490234 0.632812 0.500000 0.642578 0.501953 0.642578 0.505859 0.646484 0.505859 0.648438 0.503906 0.650391 0.503906 0.652344 0.501953 0.654297 0.501953 0.664062 0.496094 0.669922 0.494141 0.669922 0.492188 0.671875 0.490234 0.671875 0.488281 0.673828 0.486328 0.673828 0.472656 0.687500 0.470703 0.687500 0.468750 0.689453 0.464844 0.689453 0.462891 0.691406 0.453125 0.691406 0.451172 0.693359 0.429688 0.693359 0.427734 0.695312 0.417969 0.695312 0.417969 0.697266 0.416016 0.699219 0.412109 0.699219 0.412109 0.716797 0.419922 0.716797 0.431641 0.728516 0.433594 0.728516 0.435547 0.730469 0.435547 0.732422 0.437500 0.734375 0.435547 0.736328 0.435547 0.738281 0.433594 0.740234 0.435547 0.742188 0.445312 0.742188 0.447266 0.744141 0.480469 0.744141 0.484375 0.740234 0.484375 0.738281 0.486328 0.736328 0.486328 0.734375 0.488281 0.732422 0.488281 0.728516 0.492188 0.724609 0.496094 0.724609 0.498047 0.722656 0.501953 0.722656 0.501953 0.714844 0.500000 0.712891 0.500000 0.695312 0.498047 0.693359 0.498047 0.685547 0.496094 0.683594 0.496094 0.677734 0.498047 0.675781 0.503906 0.675781 0.505859 0.673828 0.511719 0.673828 0.513672 0.671875 0.517578 0.671875 0.519531 0.669922 0.531250 0.669922 0.537109 0.675781 0.537109 0.677734 0.539062 0.679688 0.548828 0.679688 0.550781 0.677734 0.552734 0.677734 0.554688 0.675781 0.556641 0.675781 0.558594 0.673828 0.560547 0.673828 0.562500 0.671875 0.564453 0.671875 0.566406 0.669922 0.568359 0.669922 0.574219 0.664062 0.576172 0.664062 0.578125 0.666016 0.578125 0.669922 0.580078 0.671875 0.580078 0.675781 0.582031 0.677734 0.582031 0.681641 0.583984 0.683594 0.583984 0.687500 0.585938 0.689453 0.585938 0.693359 0.587891 0.695312 0.587891 0.697266 0.583984 0.701172 0.580078 0.701172 0.578125 0.703125 0.572266 0.703125 0.570312 0.705078 0.564453 0.705078 0.562500 0.707031 0.560547 0.707031 0.560547 0.708984 0.558594 0.710938 0.554688 0.710938 0.552734 0.712891 0.546875 0.712891 0.544922 0.714844 0.544922 0.716797 0.542969 0.718750 0.542969 0.720703 0.541016 0.722656 0.548828 0.730469 0.556641 0.730469 0.558594 0.732422 0.560547 0.732422 0.562500 0.734375 0.564453 0.734375 0.568359 0.738281 0.568359 0.740234 0.570312 0.742188 0.572266 0.740234 0.576172 0.740234 0.578125 0.738281 0.580078 0.738281 0.585938 0.732422 0.585938 0.726562 0.587891 0.724609 0.587891 0.718750 0.589844 0.716797 0.605469 0.716797 0.607422 0.718750 0.611328 0.718750 0.613281 0.720703 0.615234 0.720703 0.617188 0.722656 0.619141 0.722656 0.621094 0.720703 0.621094 0.716797 0.623047 0.714844 0.623047 0.710938 0.626953 0.707031 0.632812 0.707031 0.636719 0.710938 0.636719 0.712891 0.638672 0.714844 0.640625 0.714844 0.642578 0.712891 0.644531 0.712891 0.646484 0.710938 0.648438 0.710938 0.652344 0.707031 0.652344 0.687500 0.654297 0.685547 0.660156 0.685547 0.662109 0.687500 0.666016 0.683594 0.667969 0.683594 0.671875 0.679688 0.673828 0.681641 0.675781 0.681641 0.677734 0.683594 0.681641 0.683594 0.683594 0.681641 0.683594 0.679688 0.687500 0.675781 0.691406 0.675781 0.693359 0.673828 0.697266 0.673828 0.697266 0.669922 0.703125 0.664062 0.705078 0.664062 0.708984 0.660156 0.710938 0.660156 0.712891 0.658203 0.718750 0.658203 0.720703 0.660156 0.724609 0.660156 0.726562 0.662109 0.728516 0.662109 0.728516 0.660156 0.730469 0.658203 0.730469 0.650391 0.732422 0.648438 0.732422 0.646484 0.736328 0.642578 0.742188 0.642578 0.744141 0.640625 0.750000 0.640625 0.751953 0.638672 0.753906 0.638672 0.765625 0.650391 0.767578 0.648438 0.769531 0.648438 0.773438 0.644531 0.775391 0.644531 0.791016 0.628906 0.792969 0.628906 0.792969 0.626953 0.794922 0.625000 0.794922 0.623047 0.800781 0.617188 0.802734 0.617188 0.804688 0.615234 0.806641 0.615234 0.808594 0.613281 0.810547 0.613281 0.812500 0.611328 0.814453 0.611328 0.818359 0.607422 0.818359 0.605469 0.822266 0.601562 0.824219 0.601562 0.830078 0.607422 0.830078 0.611328 0.832031 0.613281 0.832031 0.619141 0.833984 0.621094 0.833984 0.625000 0.835938 0.626953 0.835938 0.632812 0.837891 0.634766 0.837891 0.638672 0.841797 0.642578 0.841797 0.646484 0.843750 0.648438 0.843750 0.654297 0.845703 0.656250 0.845703 0.662109 0.847656 0.664062 0.847656 0.669922 0.849609 0.671875 0.849609 0.673828 0.853516 0.673828 0.855469 0.671875 0.873047 0.671875 0.875000 0.669922 0.890625 0.669922 0.892578 0.667969 0.910156 0.667969 0.912109 0.666016 0.921875 0.666016 0.923828 0.667969 0.925781 0.667969 0.929688 0.671875 0.925781 0.675781 0.923828 0.675781 0.921875 0.677734 0.919922 0.677734 0.917969 0.679688 0.916016 0.679688 0.912109 0.683594 0.910156 0.683594 0.908203 0.685547 0.906250 0.685547 0.904297 0.687500 0.902344 0.687500 0.900391 0.689453 0.898438 0.689453 0.896484 0.691406 0.894531 0.691406 0.892578 0.693359 0.890625 0.693359 0.888672 0.695312 0.886719 0.695312 0.884766 0.697266 0.882812 0.697266 0.878906 0.701172 0.876953 0.701172 0.875000 0.703125 0.873047 0.703125 0.871094 0.705078 0.869141 0.705078 0.867188 0.707031 0.865234 0.707031 0.863281 0.708984 0.861328 0.708984 0.857422 0.712891 0.855469 0.712891 0.853516 0.714844 0.851562 0.714844 0.849609 0.716797 0.847656 0.716797 0.845703 0.718750 0.843750 0.718750 0.841797 0.720703 0.839844 0.720703 0.837891 0.722656 0.835938 0.722656 0.833984 0.724609 0.832031 0.722656 0.830078 0.722656 0.828125 0.720703 0.828125 0.767578 0.826172 0.769531 0.826172 0.798828 0.824219 0.800781 0.824219 0.828125 0.822266 0.830078 0.822266 0.855469 0.820312 0.857422 0.820312 0.873047 0.818359 0.875000 0.820312 0.876953 0.820312 0.892578 0.822266 0.894531 0.822266 0.912109 0.820312 0.914062 0.820312 0.935547 0.822266 0.937500 0.822266 0.951172 0.824219 0.953125 0.824219 0.994141 0.828125 0.998047 0.998047 0.998047 0.998047 0.109375
3 0.519531 0.671875 0.517578 0.673828 0.513672 0.673828 0.511719 0.675781 0.505859 0.675781 0.503906 0.677734 0.498047 0.677734 0.498047 0.683594 0.500000 0.685547 0.500000 0.693359 0.501953 0.695312 0.501953 0.712891 0.503906 0.714844 0.503906 0.720703 0.507812 0.724609 0.511719 0.724609 0.513672 0.726562 0.515625 0.726562 0.517578 0.728516 0.519531 0.728516 0.521484 0.726562 0.531250 0.726562 0.533203 0.724609 0.537109 0.724609 0.541016 0.720703 0.541016 0.718750 0.542969 0.716797 0.542969 0.714844 0.544922 0.712891 0.544922 0.703125 0.542969 0.701172 0.542969 0.697266 0.541016 0.695312 0.541016 0.693359 0.539062 0.691406 0.539062 0.685547 0.537109 0.683594 0.537109 0.679688 0.535156 0.677734 0.535156 0.675781 0.531250 0.671875
3 0.822266 0.603516 0.820312 0.605469 0.820312 0.607422 0.814453 0.613281 0.812500 0.613281 0.810547 0.615234 0.808594 0.615234 0.806641 0.617188 0.804688 0.617188 0.802734 0.619141 0.800781 0.619141 0.796875 0.623047 0.796875 0.625000 0.794922 0.626953 0.794922 0.632812 0.796875 0.634766 0.796875 0.636719 0.802734 0.642578 0.802734 0.644531 0.806641 0.648438 0.812500 0.648438 0.814453 0.646484 0.820312 0.646484 0.822266 0.644531 0.828125 0.644531 0.830078 0.642578 0.833984 0.642578 0.835938 0.640625 0.835938 0.634766 0.833984 0.632812 0.833984 0.626953 0.832031 0.625000 0.832031 0.621094 0.830078 0.619141 0.830078 0.613281 0.828125 0.611328 0.828125 0.607422 0.824219 0.603516
3 0.642578 0.466797 0.638672 0.470703 0.636719 0.470703 0.634766 0.472656 0.630859 0.472656 0.628906 0.474609 0.626953 0.474609 0.625000 0.476562 0.621094 0.476562 0.619141 0.478516 0.615234 0.478516 0.613281 0.476562 0.611328 0.476562 0.609375 0.478516 0.607422 0.478516 0.605469 0.480469 0.601562 0.480469 0.599609 0.482422 0.597656 0.482422 0.595703 0.484375 0.593750 0.484375 0.591797 0.486328 0.589844 0.486328 0.587891 0.488281 0.585938 0.488281 0.583984 0.490234 0.580078 0.490234 0.578125 0.492188 0.576172 0.492188 0.574219 0.494141 0.572266 0.494141 0.570312 0.496094 0.568359 0.496094 0.566406 0.498047 0.562500 0.498047 0.560547 0.500000 0.558594 0.500000 0.556641 0.501953 0.554688 0.501953 0.552734 0.503906 0.546875 0.503906 0.544922 0.505859 0.542969 0.505859 0.541016 0.507812 0.537109 0.507812 0.535156 0.509766 0.533203 0.509766 0.531250 0.511719 0.527344 0.511719 0.525391 0.513672 0.525391 0.523438 0.527344 0.525391 0.527344 0.535156 0.529297 0.537109 0.529297 0.552734 0.535156 0.558594 0.535156 0.562500 0.537109 0.564453 0.537109 0.568359 0.539062 0.570312 0.539062 0.578125 0.541016 0.580078 0.541016 0.583984 0.542969 0.585938 0.542969 0.587891 0.544922 0.589844 0.544922 0.593750 0.546875 0.595703 0.546875 0.597656 0.542969 0.601562 0.542969 0.605469 0.544922 0.607422 0.544922 0.617188 0.546875 0.619141 0.546875 0.628906 0.548828 0.630859 0.548828 0.646484 0.550781 0.648438 0.554688 0.648438 0.556641 0.646484 0.558594 0.646484 0.560547 0.644531 0.562500 0.644531 0.564453 0.642578 0.566406 0.642578 0.568359 0.640625 0.570312 0.640625 0.572266 0.638672 0.574219 0.638672 0.576172 0.636719 0.578125 0.636719 0.580078 0.634766 0.583984 0.634766 0.585938 0.632812 0.587891 0.632812 0.589844 0.630859 0.591797 0.630859 0.593750 0.628906 0.595703 0.628906 0.597656 0.626953 0.599609 0.626953 0.601562 0.625000 0.603516 0.625000 0.605469 0.623047 0.609375 0.623047 0.611328 0.621094 0.613281 0.621094 0.615234 0.619141 0.617188 0.619141 0.619141 0.617188 0.621094 0.617188 0.623047 0.615234 0.625000 0.615234 0.626953 0.613281 0.628906 0.613281 0.630859 0.611328 0.632812 0.611328 0.634766 0.609375 0.638672 0.609375 0.640625 0.607422 0.642578 0.607422 0.644531 0.605469 0.646484 0.605469 0.648438 0.603516 0.650391 0.603516 0.652344 0.601562 0.654297 0.601562 0.656250 0.599609 0.658203 0.599609 0.660156 0.597656 0.662109 0.597656 0.666016 0.593750 0.666016 0.591797 0.667969 0.589844 0.667969 0.576172 0.666016 0.574219 0.666016 0.564453 0.664062 0.562500 0.664062 0.558594 0.662109 0.556641 0.662109 0.548828 0.660156 0.546875 0.660156 0.539062 0.658203 0.537109 0.658203 0.529297 0.656250 0.527344 0.656250 0.523438 0.658203 0.521484 0.658203 0.513672 0.654297 0.509766 0.654297 0.505859 0.652344 0.503906 0.652344 0.494141 0.650391 0.492188 0.650391 0.482422 0.648438 0.480469 0.648438 0.470703 0.646484 0.468750 0.646484 0.466797
3 0.453125 0.416016 0.453125 0.417969 0.451172 0.419922 0.451172 0.421875 0.449219 0.423828 0.447266 0.421875 0.445312 0.421875 0.443359 0.419922 0.441406 0.419922 0.439453 0.421875 0.439453 0.425781 0.437500 0.427734 0.437500 0.431641 0.439453 0.433594 0.439453 0.437500 0.437500 0.439453 0.437500 0.447266 0.435547 0.449219 0.435547 0.457031 0.433594 0.458984 0.433594 0.466797 0.435547 0.468750 0.435547 0.490234 0.439453 0.494141 0.441406 0.494141 0.445312 0.490234 0.447266 0.490234 0.447266 0.488281 0.451172 0.484375 0.453125 0.486328 0.455078 0.486328 0.457031 0.488281 0.458984 0.486328 0.458984 0.480469 0.457031 0.478516 0.457031 0.453125 0.455078 0.451172 0.455078 0.416016
3 0.771484 0.402344 0.769531 0.404297 0.767578 0.404297 0.763672 0.408203 0.761719 0.408203 0.757812 0.412109 0.755859 0.412109 0.748047 0.419922 0.748047 0.421875 0.744141 0.425781 0.744141 0.437500 0.746094 0.439453 0.746094 0.445312 0.748047 0.447266 0.748047 0.460938 0.750000 0.462891 0.750000 0.474609 0.751953 0.476562 0.751953 0.480469 0.753906 0.482422 0.753906 0.486328 0.755859 0.488281 0.755859 0.490234 0.757812 0.492188 0.757812 0.498047 0.759766 0.500000 0.759766 0.501953 0.761719 0.503906 0.761719 0.511719 0.763672 0.513672 0.763672 0.521484 0.765625 0.523438 0.765625 0.525391 0.767578 0.527344 0.767578 0.529297 0.773438 0.535156 0.779297 0.535156 0.783203 0.531250 0.785156 0.531250 0.787109 0.529297 0.789062 0.529297 0.791016 0.527344 0.791016 0.519531 0.792969 0.517578 0.792969 0.509766 0.794922 0.507812 0.794922 0.500000 0.796875 0.498047 0.796875 0.492188 0.794922 0.490234 0.794922 0.486328 0.792969 0.484375 0.792969 0.480469 0.791016 0.478516 0.791016 0.472656 0.789062 0.470703 0.789062 0.458984 0.787109 0.457031 0.787109 0.445312 0.785156 0.443359 0.785156 0.433594 0.783203 0.431641 0.783203 0.419922 0.781250 0.417969 0.781250 0.412109 0.779297 0.410156 0.779297 0.408203 0.775391 0.404297 0.773438 0.404297
3 0.576172 0.402344 0.574219 0.404297 0.570312 0.404297 0.568359 0.406250 0.564453 0.406250 0.566406 0.408203 0.566406 0.412109 0.568359 0.414062 0.568359 0.416016 0.570312 0.417969 0.570312 0.419922 0.572266 0.421875 0.572266 0.425781 0.574219 0.427734 0.574219 0.429688 0.576172 0.429688 0.578125 0.431641 0.580078 0.431641 0.582031 0.433594 0.585938 0.433594 0.587891 0.431641 0.585938 0.429688 0.585938 0.427734 0.583984 0.425781 0.583984 0.416016 0.582031 0.414062 0.582031 0.404297 0.580078 0.402344
3 0.697266 0.394531 0.695312 0.396484 0.693359 0.396484 0.691406 0.398438 0.685547 0.398438 0.685547 0.406250 0.687500 0.408203 0.687500 0.417969 0.689453 0.419922 0.689453 0.429688 0.691406 0.431641 0.691406 0.443359 0.693359 0.445312 0.693359 0.457031 0.695312 0.458984 0.695312 0.464844 0.705078 0.464844 0.707031 0.462891 0.708984 0.462891 0.710938 0.460938 0.710938 0.455078 0.708984 0.453125 0.708984 0.447266 0.707031 0.445312 0.705078 0.445312 0.699219 0.439453 0.699219 0.437500 0.701172 0.435547 0.701172 0.425781 0.703125 0.423828 0.703125 0.414062 0.705078 0.412109 0.705078 0.408203 0.703125 0.406250 0.703125 0.402344 0.701172 0.400391 0.701172 0.398438 0.699219 0.396484 0.699219 0.394531
3 0.373047 0.269531 0.373047 0.271484 0.375000 0.273438 0.375000 0.275391 0.376953 0.277344 0.376953 0.279297 0.378906 0.281250 0.378906 0.287109 0.380859 0.289062 0.380859 0.291016 0.382812 0.292969 0.382812 0.294922 0.380859 0.296875 0.380859 0.300781 0.376953 0.304688 0.375000 0.304688 0.373047 0.306641 0.361328 0.306641 0.359375 0.308594 0.359375 0.314453 0.357422 0.316406 0.357422 0.322266 0.359375 0.324219 0.359375 0.326172 0.367188 0.333984 0.367188 0.335938 0.369141 0.337891 0.369141 0.343750 0.371094 0.343750 0.376953 0.349609 0.380859 0.349609 0.382812 0.351562 0.394531 0.351562 0.396484 0.353516 0.398438 0.353516 0.400391 0.355469 0.402344 0.355469 0.404297 0.357422 0.406250 0.357422 0.408203 0.359375 0.410156 0.359375 0.412109 0.361328 0.414062 0.361328 0.416016 0.363281 0.417969 0.363281 0.419922 0.365234 0.423828 0.365234 0.425781 0.367188 0.433594 0.367188 0.435547 0.369141 0.445312 0.369141 0.447266 0.367188 0.447266 0.361328 0.445312 0.359375 0.445312 0.355469 0.443359 0.353516 0.443359 0.349609 0.441406 0.347656 0.441406 0.343750 0.443359 0.341797 0.443359 0.339844 0.445312 0.337891 0.445312 0.335938 0.453125 0.328125 0.455078 0.328125 0.458984 0.324219 0.458984 0.320312 0.460938 0.318359 0.460938 0.316406 0.464844 0.312500 0.447266 0.294922 0.447266 0.292969 0.443359 0.292969 0.441406 0.291016 0.433594 0.291016 0.431641 0.289062 0.421875 0.289062 0.419922 0.287109 0.414062 0.287109 0.412109 0.285156 0.406250 0.285156 0.404297 0.283203 0.402344 0.283203 0.400391 0.281250 0.398438 0.281250 0.396484 0.279297 0.394531 0.279297 0.392578 0.277344 0.390625 0.277344 0.388672 0.275391 0.386719 0.275391 0.384766 0.273438 0.380859 0.273438 0.378906 0.271484 0.376953 0.271484 0.375000 0.269531
3 0.734375 0.201172 0.730469 0.205078 0.728516 0.205078 0.724609 0.208984 0.720703 0.208984 0.718750 0.210938 0.708984 0.210938 0.707031 0.212891 0.699219 0.212891 0.697266 0.214844 0.691406 0.214844 0.689453 0.216797 0.685547 0.216797 0.683594 0.218750 0.677734 0.218750 0.675781 0.220703 0.673828 0.220703 0.671875 0.222656 0.669922 0.222656 0.667969 0.224609 0.664062 0.224609 0.662109 0.226562 0.660156 0.226562 0.658203 0.228516 0.654297 0.228516 0.652344 0.230469 0.648438 0.230469 0.646484 0.232422 0.644531 0.232422 0.642578 0.234375 0.638672 0.234375 0.636719 0.236328 0.632812 0.236328 0.630859 0.238281 0.626953 0.238281 0.625000 0.240234 0.623047 0.240234 0.621094 0.242188 0.617188 0.242188 0.615234 0.244141 0.611328 0.244141 0.609375 0.246094 0.607422 0.246094 0.605469 0.248047 0.601562 0.248047 0.599609 0.250000 0.595703 0.250000 0.593750 0.251953 0.591797 0.251953 0.589844 0.253906 0.585938 0.253906 0.583984 0.255859 0.580078 0.255859 0.578125 0.257812 0.574219 0.257812 0.572266 0.259766 0.568359 0.259766 0.566406 0.261719 0.562500 0.261719 0.560547 0.263672 0.556641 0.263672 0.554688 0.265625 0.550781 0.265625 0.548828 0.267578 0.544922 0.267578 0.542969 0.269531 0.539062 0.269531 0.537109 0.271484 0.535156 0.271484 0.533203 0.273438 0.529297 0.273438 0.527344 0.275391 0.523438 0.275391 0.521484 0.277344 0.517578 0.277344 0.515625 0.279297 0.511719 0.279297 0.509766 0.281250 0.505859 0.281250 0.503906 0.283203 0.500000 0.283203 0.498047 0.285156 0.494141 0.285156 0.492188 0.287109 0.490234 0.287109 0.488281 0.289062 0.486328 0.289062 0.472656 0.302734 0.472656 0.304688 0.470703 0.306641 0.470703 0.310547 0.472656 0.312500 0.480469 0.312500 0.482422 0.314453 0.484375 0.314453 0.486328 0.312500 0.490234 0.312500 0.492188 0.310547 0.494141 0.310547 0.496094 0.308594 0.498047 0.308594 0.501953 0.304688 0.503906 0.304688 0.505859 0.302734 0.525391 0.302734 0.527344 0.300781 0.531250 0.300781 0.533203 0.298828 0.541016 0.298828 0.542969 0.296875 0.544922 0.296875 0.548828 0.292969 0.548828 0.287109 0.550781 0.285156 0.550781 0.281250 0.556641 0.275391 0.560547 0.275391 0.562500 0.273438 0.566406 0.273438 0.568359 0.271484 0.570312 0.271484 0.572266 0.269531 0.574219 0.269531 0.576172 0.267578 0.578125 0.267578 0.580078 0.265625 0.582031 0.265625 0.583984 0.263672 0.587891 0.263672 0.589844 0.265625 0.591797 0.263672 0.593750 0.263672 0.595703 0.261719 0.597656 0.261719 0.599609 0.259766 0.603516 0.259766 0.605469 0.257812 0.607422 0.257812 0.609375 0.255859 0.613281 0.255859 0.615234 0.253906 0.617188 0.253906 0.619141 0.251953 0.621094 0.251953 0.623047 0.250000 0.626953 0.250000 0.628906 0.248047 0.630859 0.248047 0.632812 0.246094 0.636719 0.246094 0.638672 0.244141 0.640625 0.244141 0.642578 0.242188 0.646484 0.242188 0.648438 0.240234 0.650391 0.240234 0.652344 0.238281 0.658203 0.238281 0.660156 0.236328 0.666016 0.236328 0.667969 0.234375 0.673828 0.234375 0.675781 0.232422 0.681641 0.232422 0.683594 0.230469 0.693359 0.230469 0.695312 0.228516 0.699219 0.228516 0.701172 0.226562 0.707031 0.226562 0.708984 0.224609 0.714844 0.224609 0.716797 0.222656 0.720703 0.222656 0.722656 0.220703 0.726562 0.220703 0.728516 0.218750 0.730469 0.218750 0.732422 0.216797 0.736328 0.216797 0.738281 0.214844 0.742188 0.214844 0.744141 0.212891 0.746094 0.212891 0.746094 0.208984 0.744141 0.207031 0.744141 0.201172 0.740234 0.201172 0.738281 0.203125 0.736328 0.201172
5 0.265625 0.212891 0.265625 0.214844 0.263672 0.216797 0.263672 0.220703 0.261719 0.222656 0.261719 0.224609 0.259766 0.226562 0.259766 0.230469 0.257812 0.232422 0.257812 0.236328 0.255859 0.238281 0.255859 0.242188 0.253906 0.244141 0.253906 0.248047 0.251953 0.250000 0.251953 0.251953 0.250000 0.253906 0.250000 0.257812 0.248047 0.259766 0.248047 0.263672 0.246094 0.265625 0.246094 0.269531 0.244141 0.271484 0.244141 0.275391 0.242188 0.277344 0.242188 0.279297 0.240234 0.281250 0.240234 0.285156 0.238281 0.287109 0.238281 0.289062 0.236328 0.291016 0.236328 0.292969 0.234375 0.294922 0.234375 0.296875 0.232422 0.298828 0.232422 0.300781 0.230469 0.302734 0.230469 0.304688 0.234375 0.308594 0.232422 0.310547 0.232422 0.312500 0.230469 0.314453 0.230469 0.320312 0.228516 0.322266 0.228516 0.328125 0.226562 0.330078 0.226562 0.335938 0.224609 0.337891 0.224609 0.343750 0.222656 0.345703 0.222656 0.351562 0.220703 0.353516 0.220703 0.361328 0.218750 0.363281 0.218750 0.369141 0.216797 0.371094 0.216797 0.378906 0.214844 0.380859 0.214844 0.388672 0.212891 0.390625 0.212891 0.396484 0.210938 0.398438 0.210938 0.406250 0.208984 0.408203 0.208984 0.416016 0.207031 0.417969 0.205078 0.417969 0.205078 0.445312 0.203125 0.447266 0.203125 0.457031 0.201172 0.458984 0.201172 0.470703 0.203125 0.472656 0.205078 0.472656 0.214844 0.462891 0.216797 0.462891 0.226562 0.472656 0.228516 0.472656 0.230469 0.474609 0.230469 0.480469 0.228516 0.482422 0.228516 0.494141 0.226562 0.496094 0.226562 0.505859 0.224609 0.507812 0.224609 0.519531 0.222656 0.521484 0.222656 0.529297 0.220703 0.531250 0.210938 0.531250 0.208984 0.533203 0.205078 0.533203 0.203125 0.535156 0.197266 0.535156 0.195312 0.533203 0.193359 0.533203 0.191406 0.535156 0.191406 0.537109 0.189453 0.539062 0.189453 0.542969 0.187500 0.544922 0.187500 0.554688 0.185547 0.556641 0.185547 0.566406 0.183594 0.568359 0.183594 0.578125 0.181641 0.580078 0.181641 0.589844 0.179688 0.591797 0.179688 0.597656 0.181641 0.599609 0.183594 0.599609 0.185547 0.597656 0.205078 0.597656 0.208984 0.601562 0.208984 0.603516 0.207031 0.605469 0.207031 0.611328 0.205078 0.613281 0.205078 0.617188 0.203125 0.619141 0.203125 0.621094 0.201172 0.623047 0.201172 0.625000 0.199219 0.626953 0.199219 0.630859 0.197266 0.632812 0.195312 0.632812 0.193359 0.630859 0.191406 0.630859 0.189453 0.628906 0.183594 0.628906 0.179688 0.625000 0.177734 0.626953 0.175781 0.626953 0.175781 0.630859 0.173828 0.632812 0.173828 0.638672 0.171875 0.640625 0.171875 0.646484 0.169922 0.648438 0.169922 0.652344 0.167969 0.654297 0.167969 0.660156 0.166016 0.662109 0.166016 0.667969 0.164062 0.669922 0.164062 0.675781 0.166016 0.677734 0.166016 0.683594 0.167969 0.685547 0.167969 0.689453 0.171875 0.689453 0.173828 0.691406 0.175781 0.691406 0.181641 0.697266 0.179688 0.699219 0.179688 0.701172 0.183594 0.705078 0.183594 0.707031 0.191406 0.707031 0.193359 0.708984 0.197266 0.708984 0.199219 0.707031 0.203125 0.707031 0.205078 0.705078 0.208984 0.705078 0.210938 0.703125 0.214844 0.703125 0.216797 0.701172 0.218750 0.703125 0.220703 0.703125 0.226562 0.708984 0.226562 0.710938 0.228516 0.712891 0.230469 0.712891 0.232422 0.714844 0.234375 0.714844 0.238281 0.718750 0.240234 0.718750 0.242188 0.720703 0.244141 0.720703 0.246094 0.722656 0.250000 0.722656 0.251953 0.724609 0.265625 0.724609 0.267578 0.726562 0.275391 0.726562 0.277344 0.724609 0.277344 0.714844 0.279297 0.712891 0.279297 0.708984 0.285156 0.703125 0.287109 0.703125 0.289062 0.705078 0.292969 0.705078 0.296875 0.708984 0.296875 0.712891 0.298828 0.714844 0.298828 0.716797 0.306641 0.724609 0.308594 0.724609 0.310547 0.726562 0.318359 0.726562 0.320312 0.728516 0.337891 0.728516 0.339844 0.726562 0.339844 0.720703 0.341797 0.718750 0.341797 0.714844 0.343750 0.712891 0.343750 0.710938 0.345703 0.708984 0.345703 0.707031 0.347656 0.705078 0.347656 0.703125 0.351562 0.699219 0.353516 0.699219 0.355469 0.697266 0.357422 0.697266 0.361328 0.701172 0.361328 0.703125 0.363281 0.705078 0.363281 0.710938 0.367188 0.710938 0.369141 0.712891 0.369141 0.714844 0.371094 0.716797 0.371094 0.718750 0.369141 0.720703 0.369141 0.724609 0.367188 0.726562 0.367188 0.728516 0.365234 0.730469 0.365234 0.734375 0.363281 0.736328 0.363281 0.744141 0.361328 0.746094 0.361328 0.750000 0.357422 0.753906 0.332031 0.753906 0.330078 0.755859 0.275391 0.755859 0.273438 0.757812 0.242188 0.757812 0.240234 0.755859 0.236328 0.755859 0.234375 0.753906 0.228516 0.753906 0.226562 0.751953 0.222656 0.751953 0.220703 0.750000 0.214844 0.750000 0.212891 0.748047 0.208984 0.748047 0.207031 0.746094 0.203125 0.746094 0.201172 0.744141 0.197266 0.744141 0.195312 0.742188 0.189453 0.742188 0.187500 0.740234 0.183594 0.740234 0.181641 0.738281 0.177734 0.738281 0.175781 0.736328 0.171875 0.736328 0.169922 0.734375 0.166016 0.734375 0.164062 0.732422 0.162109 0.732422 0.160156 0.730469 0.158203 0.730469 0.156250 0.728516 0.150391 0.728516 0.148438 0.726562 0.134766 0.726562 0.132812 0.724609 0.111328 0.724609 0.109375 0.722656 0.087891 0.722656 0.085938 0.720703 0.072266 0.720703 0.070312 0.718750 0.056641 0.718750 0.054688 0.716797 0.041016 0.716797 0.039062 0.714844 0.025391 0.714844 0.023438 0.712891 0.009766 0.712891 0.007812 0.710938 0.000000 0.710938 0.000000 0.750000 0.009766 0.750000 0.011719 0.751953 0.074219 0.751953 0.076172 0.753906 0.082031 0.753906 0.083984 0.755859 0.099609 0.755859 0.101562 0.757812 0.107422 0.757812 0.109375 0.759766 0.113281 0.759766 0.115234 0.761719 0.121094 0.761719 0.123047 0.763672 0.128906 0.763672 0.130859 0.765625 0.134766 0.765625 0.136719 0.767578 0.140625 0.767578 0.142578 0.769531 0.148438 0.769531 0.150391 0.771484 0.156250 0.771484 0.158203 0.773438 0.166016 0.773438 0.167969 0.775391 0.173828 0.775391 0.175781 0.777344 0.181641 0.777344 0.183594 0.779297 0.189453 0.779297 0.191406 0.781250 0.207031 0.781250 0.208984 0.783203 0.226562 0.783203 0.228516 0.785156 0.246094 0.785156 0.248047 0.783203 0.308594 0.783203 0.310547 0.781250 0.320312 0.781250 0.322266 0.783203 0.382812 0.783203 0.384766 0.785156 0.576172 0.785156 0.578125 0.783203 0.580078 0.783203 0.582031 0.781250 0.583984 0.781250 0.585938 0.779297 0.587891 0.779297 0.589844 0.777344 0.591797 0.777344 0.593750 0.775391 0.595703 0.775391 0.597656 0.773438 0.599609 0.773438 0.601562 0.771484 0.603516 0.771484 0.605469 0.769531 0.607422 0.769531 0.609375 0.767578 0.611328 0.767578 0.613281 0.765625 0.615234 0.765625 0.617188 0.763672 0.619141 0.763672 0.621094 0.761719 0.623047 0.761719 0.625000 0.759766 0.626953 0.759766 0.628906 0.757812 0.630859 0.757812 0.632812 0.755859 0.634766 0.755859 0.636719 0.753906 0.638672 0.753906 0.640625 0.751953 0.644531 0.751953 0.646484 0.750000 0.648438 0.750000 0.650391 0.748047 0.654297 0.748047 0.656250 0.746094 0.658203 0.746094 0.660156 0.744141 0.662109 0.744141 0.664062 0.742188 0.666016 0.742188 0.667969 0.740234 0.669922 0.740234 0.671875 0.738281 0.673828 0.738281 0.675781 0.736328 0.677734 0.736328 0.679688 0.734375 0.683594 0.734375 0.685547 0.732422 0.687500 0.732422 0.689453 0.730469 0.693359 0.730469 0.695312 0.728516 0.697266 0.728516 0.699219 0.726562 0.703125 0.726562 0.705078 0.724609 0.707031 0.724609 0.708984 0.722656 0.710938 0.722656 0.712891 0.720703 0.714844 0.720703 0.716797 0.718750 0.718750 0.718750 0.720703 0.716797 0.722656 0.716797 0.724609 0.714844 0.726562 0.714844 0.728516 0.712891 0.730469 0.712891 0.732422 0.710938 0.736328 0.710938 0.738281 0.708984 0.740234 0.708984 0.742188 0.707031 0.744141 0.707031 0.746094 0.705078 0.750000 0.705078 0.751953 0.703125 0.753906 0.703125 0.755859 0.701172 0.757812 0.701172 0.759766 0.699219 0.761719 0.699219 0.763672 0.697266 0.765625 0.697266 0.767578 0.695312 0.769531 0.695312 0.771484 0.693359 0.773438 0.693359 0.775391 0.691406 0.779297 0.691406 0.781250 0.689453 0.783203 0.689453 0.785156 0.687500 0.791016 0.687500 0.792969 0.685547 0.798828 0.685547 0.800781 0.683594 0.812500 0.683594 0.814453 0.685547 0.820312 0.685547 0.822266 0.687500 0.828125 0.687500 0.832031 0.691406 0.832031 0.695312 0.830078 0.697266 0.830078 0.703125 0.828125 0.705078 0.828125 0.714844 0.824219 0.718750 0.820312 0.718750 0.818359 0.720703 0.808594 0.720703 0.806641 0.722656 0.794922 0.722656 0.792969 0.724609 0.789062 0.724609 0.787109 0.726562 0.781250 0.726562 0.779297 0.728516 0.775391 0.728516 0.773438 0.730469 0.767578 0.730469 0.765625 0.732422 0.761719 0.732422 0.759766 0.734375 0.755859 0.734375 0.753906 0.736328 0.750000 0.736328 0.748047 0.738281 0.744141 0.738281 0.742188 0.740234 0.738281 0.740234 0.736328 0.742188 0.734375 0.742188 0.732422 0.744141 0.730469 0.744141 0.728516 0.746094 0.724609 0.746094 0.722656 0.748047 0.720703 0.748047 0.718750 0.750000 0.714844 0.750000 0.712891 0.751953 0.710938 0.751953 0.708984 0.753906 0.707031 0.753906 0.705078 0.755859 0.701172 0.755859 0.699219 0.757812 0.697266 0.757812 0.695312 0.759766 0.691406 0.759766 0.689453 0.761719 0.687500 0.761719 0.685547 0.763672 0.681641 0.763672 0.679688 0.765625 0.677734 0.765625 0.675781 0.767578 0.671875 0.767578 0.669922 0.769531 0.667969 0.769531 0.666016 0.771484 0.662109 0.771484 0.660156 0.773438 0.658203 0.773438 0.656250 0.775391 0.652344 0.775391 0.650391 0.777344 0.648438 0.777344 0.646484 0.779297 0.642578 0.779297 0.640625 0.781250 0.638672 0.781250 0.636719 0.783203 0.632812 0.783203 0.630859 0.785156 0.628906 0.785156 0.626953 0.787109 0.623047 0.787109 0.621094 0.789062 0.619141 0.789062 0.617188 0.791016 0.613281 0.791016 0.611328 0.792969 0.609375 0.792969 0.607422 0.794922 0.603516 0.794922 0.601562 0.796875 0.599609 0.796875 0.597656 0.798828 0.593750 0.798828 0.591797 0.800781 0.589844 0.800781 0.587891 0.802734 0.580078 0.802734 0.578125 0.804688 0.564453 0.804688 0.562500 0.806641 0.550781 0.806641 0.548828 0.808594 0.535156 0.808594 0.533203 0.810547 0.519531 0.810547 0.517578 0.812500 0.419922 0.812500 0.417969 0.814453 0.322266 0.814453 0.322266 0.855469 0.320312 0.857422 0.320312 0.878906 0.318359 0.880859 0.318359 0.886719 0.316406 0.888672 0.316406 0.896484 0.314453 0.898438 0.314453 0.902344 0.316406 0.904297 0.316406 0.921875 0.314453 0.923828 0.314453 0.960938 0.312500 0.962891 0.312500 0.972656 0.314453 0.974609 0.314453 0.980469 0.312500 0.982422 0.312500 0.998047 0.826172 0.998047 0.822266 0.994141 0.822266 0.953125 0.820312 0.951172 0.820312 0.937500 0.818359 0.935547 0.818359 0.914062 0.820312 0.912109 0.820312 0.894531 0.818359 0.892578 0.818359 0.876953 0.816406 0.875000 0.818359 0.873047 0.818359 0.857422 0.820312 0.855469 0.820312 0.830078 0.822266 0.828125 0.822266 0.800781 0.824219 0.798828 0.824219 0.769531 0.826172 0.767578 0.826172 0.720703 0.828125 0.718750 0.830078 0.720703 0.832031 0.720703 0.833984 0.722656 0.835938 0.720703 0.837891 0.720703 0.839844 0.718750 0.841797 0.718750 0.843750 0.716797 0.845703 0.716797 0.847656 0.714844 0.849609 0.714844 0.851562 0.712891 0.853516 0.712891 0.855469 0.710938 0.857422 0.710938 0.861328 0.707031 0.863281 0.707031 0.865234 0.705078 0.867188 0.705078 0.869141 0.703125 0.871094 0.703125 0.873047 0.701172 0.875000 0.701172 0.876953 0.699219 0.878906 0.699219 0.882812 0.695312 0.884766 0.695312 0.886719 0.693359 0.888672 0.693359 0.890625 0.691406 0.892578 0.691406 0.894531 0.689453 0.896484 0.689453 0.898438 0.687500 0.900391 0.687500 0.902344 0.685547 0.904297 0.685547 0.906250 0.683594 0.908203 0.683594 0.910156 0.681641 0.912109 0.681641 0.916016 0.677734 0.917969 0.677734 0.919922 0.675781 0.921875 0.675781 0.923828 0.673828 0.925781 0.673828 0.927734 0.671875 0.925781 0.669922 0.923828 0.669922 0.921875 0.667969 0.912109 0.667969 0.910156 0.669922 0.892578 0.669922 0.890625 0.671875 0.875000 0.671875 0.873047 0.673828 0.855469 0.673828 0.853516 0.675781 0.849609 0.675781 0.847656 0.673828 0.847656 0.671875 0.845703 0.669922 0.845703 0.664062 0.843750 0.662109 0.843750 0.656250 0.841797 0.654297 0.841797 0.648438 0.839844 0.646484 0.839844 0.642578 0.837891 0.640625 0.833984 0.644531 0.830078 0.644531 0.828125 0.646484 0.822266 0.646484 0.820312 0.648438 0.814453 0.648438 0.812500 0.650391 0.808594 0.650391 0.808594 0.654297 0.810547 0.656250 0.806641 0.660156 0.804688 0.660156 0.802734 0.662109 0.800781 0.662109 0.798828 0.664062 0.794922 0.664062 0.792969 0.666016 0.791016 0.666016 0.789062 0.667969 0.787109 0.667969 0.785156 0.669922 0.783203 0.669922 0.781250 0.671875 0.779297 0.671875 0.777344 0.673828 0.775391 0.673828 0.771484 0.677734 0.759766 0.677734 0.757812 0.679688 0.755859 0.679688 0.753906 0.681641 0.751953 0.681641 0.748047 0.685547 0.746094 0.685547 0.744141 0.687500 0.742188 0.687500 0.738281 0.691406 0.736328 0.691406 0.734375 0.693359 0.732422 0.693359 0.728516 0.697266 0.726562 0.697266 0.724609 0.699219 0.722656 0.699219 0.718750 0.703125 0.716797 0.703125 0.714844 0.705078 0.712891 0.705078 0.710938 0.707031 0.708984 0.707031 0.707031 0.708984 0.705078 0.708984 0.703125 0.710938 0.701172 0.710938 0.699219 0.712891 0.697266 0.712891 0.695312 0.714844 0.693359 0.714844 0.691406 0.716797 0.689453 0.716797 0.687500 0.718750 0.685547 0.718750 0.683594 0.720703 0.681641 0.720703 0.679688 0.722656 0.677734 0.722656 0.675781 0.724609 0.673828 0.724609 0.671875 0.726562 0.669922 0.726562 0.667969 0.728516 0.666016 0.728516 0.664062 0.730469 0.660156 0.730469 0.658203 0.732422 0.656250 0.732422 0.654297 0.734375 0.650391 0.734375 0.648438 0.736328 0.646484 0.736328 0.644531 0.738281 0.640625 0.738281 0.638672 0.740234 0.636719 0.740234 0.634766 0.742188 0.630859 0.742188 0.628906 0.744141 0.625000 0.744141 0.623047 0.746094 0.621094 0.746094 0.619141 0.748047 0.615234 0.748047 0.613281 0.750000 0.611328 0.750000 0.609375 0.751953 0.605469 0.751953 0.603516 0.753906 0.601562 0.753906 0.599609 0.755859 0.597656 0.755859 0.595703 0.757812 0.593750 0.757812 0.591797 0.759766 0.589844 0.759766 0.587891 0.761719 0.585938 0.761719 0.583984 0.763672 0.580078 0.763672 0.578125 0.765625 0.576172 0.765625 0.574219 0.767578 0.572266 0.767578 0.570312 0.769531 0.568359 0.769531 0.566406 0.771484 0.564453 0.771484 0.562500 0.773438 0.560547 0.773438 0.558594 0.775391 0.515625 0.775391 0.513672 0.773438 0.486328 0.773438 0.484375 0.771484 0.466797 0.771484 0.464844 0.769531 0.453125 0.769531 0.451172 0.767578 0.435547 0.767578 0.433594 0.765625 0.417969 0.765625 0.416016 0.763672 0.408203 0.763672 0.406250 0.761719 0.404297 0.761719 0.398438 0.755859 0.398438 0.740234 0.400391 0.738281 0.400391 0.732422 0.402344 0.730469 0.402344 0.728516 0.404297 0.726562 0.404297 0.724609 0.410156 0.718750 0.410156 0.699219 0.412109 0.697266 0.416016 0.697266 0.416016 0.695312 0.417969 0.693359 0.427734 0.693359 0.429688 0.691406 0.451172 0.691406 0.453125 0.689453 0.462891 0.689453 0.464844 0.687500 0.468750 0.687500 0.470703 0.685547 0.472656 0.685547 0.486328 0.671875 0.488281 0.671875 0.490234 0.669922 0.492188 0.669922 0.494141 0.667969 0.496094 0.667969 0.500000 0.664062 0.500000 0.654297 0.501953 0.652344 0.501953 0.650391 0.503906 0.648438 0.503906 0.646484 0.501953 0.644531 0.500000 0.644531 0.490234 0.634766 0.488281 0.634766 0.482422 0.628906 0.480469 0.630859 0.474609 0.630859 0.472656 0.628906 0.470703 0.628906 0.464844 0.623047 0.464844 0.621094 0.460938 0.617188 0.460938 0.615234 0.458984 0.613281 0.458984 0.611328 0.455078 0.607422 0.455078 0.605469 0.451172 0.605469 0.449219 0.603516 0.447266 0.603516 0.439453 0.611328 0.437500 0.611328 0.433594 0.615234 0.433594 0.617188 0.429688 0.621094 0.429688 0.623047 0.425781 0.626953 0.425781 0.628906 0.423828 0.630859 0.423828 0.632812 0.419922 0.636719 0.419922 0.638672 0.416016 0.642578 0.416016 0.644531 0.412109 0.648438 0.412109 0.650391 0.410156 0.652344 0.410156 0.654297 0.406250 0.658203 0.406250 0.660156 0.404297 0.662109 0.404297 0.664062 0.400391 0.667969 0.398438 0.666016 0.396484 0.666016 0.394531 0.664062 0.394531 0.662109 0.392578 0.660156 0.392578 0.658203 0.390625 0.656250 0.390625 0.654297 0.388672 0.652344 0.388672 0.650391 0.386719 0.648438 0.386719 0.646484 0.384766 0.644531 0.384766 0.642578 0.382812 0.640625 0.382812 0.638672 0.388672 0.632812 0.388672 0.630859 0.400391 0.619141 0.400391 0.617188 0.402344 0.615234 0.402344 0.613281 0.404297 0.611328 0.404297 0.609375 0.402344 0.607422 0.402344 0.599609 0.400391 0.597656 0.400391 0.587891 0.398438 0.585938 0.398438 0.580078 0.396484 0.578125 0.396484 0.572266 0.400391 0.568359 0.402344 0.568359 0.404297 0.566406 0.406250 0.566406 0.408203 0.564453 0.410156 0.564453 0.412109 0.562500 0.414062 0.562500 0.416016 0.560547 0.417969 0.560547 0.419922 0.558594 0.421875 0.558594 0.425781 0.554688 0.435547 0.554688 0.437500 0.552734 0.439453 0.554688 0.439453 0.558594 0.441406 0.560547 0.441406 0.564453 0.443359 0.566406 0.443359 0.568359 0.447266 0.568359 0.449219 0.566406 0.453125 0.566406 0.455078 0.564453 0.472656 0.564453 0.474609 0.562500 0.474609 0.554688 0.472656 0.552734 0.472656 0.542969 0.474609 0.541016 0.474609 0.537109 0.476562 0.535156 0.476562 0.521484 0.478516 0.519531 0.478516 0.509766 0.464844 0.496094 0.464844 0.494141 0.458984 0.488281 0.457031 0.490234 0.455078 0.488281 0.453125 0.488281 0.451172 0.486328 0.449219 0.488281 0.449219 0.490234 0.447266 0.492188 0.445312 0.492188 0.441406 0.496094 0.439453 0.496094 0.439453 0.503906 0.441406 0.505859 0.441406 0.511719 0.443359 0.513672 0.443359 0.515625 0.441406 0.517578 0.441406 0.523438 0.439453 0.525391 0.435547 0.521484 0.423828 0.521484 0.421875 0.523438 0.419922 0.523438 0.417969 0.525391 0.414062 0.525391 0.410156 0.521484 0.410156 0.480469 0.414062 0.476562 0.416016 0.476562 0.421875 0.470703 0.423828 0.470703 0.423828 0.468750 0.429688 0.462891 0.431641 0.462891 0.431641 0.458984 0.433594 0.457031 0.433594 0.449219 0.435547 0.447266 0.435547 0.439453 0.437500 0.437500 0.437500 0.433594 0.435547 0.431641 0.433594 0.433594 0.410156 0.433594 0.406250 0.429688 0.406250 0.408203 0.408203 0.406250 0.412109 0.406250 0.414062 0.404297 0.427734 0.404297 0.429688 0.402344 0.431641 0.402344 0.441406 0.412109 0.441406 0.417969 0.443359 0.417969 0.445312 0.419922 0.447266 0.419922 0.449219 0.421875 0.449219 0.419922 0.451172 0.417969 0.451172 0.416016 0.453125 0.414062 0.455078 0.414062 0.457031 0.416016 0.457031 0.451172 0.458984 0.453125 0.458984 0.468750 0.466797 0.460938 0.468750 0.460938 0.476562 0.453125 0.478516 0.453125 0.484375 0.447266 0.484375 0.445312 0.482422 0.443359 0.482422 0.429688 0.484375 0.427734 0.484375 0.416016 0.486328 0.414062 0.486328 0.410156 0.488281 0.408203 0.488281 0.404297 0.490234 0.402344 0.490234 0.398438 0.500000 0.388672 0.503906 0.388672 0.505859 0.386719 0.517578 0.386719 0.519531 0.384766 0.527344 0.384766 0.531250 0.388672 0.531250 0.406250 0.533203 0.406250 0.537109 0.402344 0.539062 0.402344 0.546875 0.394531 0.546875 0.392578 0.550781 0.388672 0.550781 0.386719 0.564453 0.373047 0.566406 0.373047 0.570312 0.369141 0.572266 0.369141 0.574219 0.371094 0.578125 0.371094 0.580078 0.373047 0.582031 0.373047 0.583984 0.375000 0.585938 0.375000 0.587891 0.376953 0.589844 0.376953 0.591797 0.378906 0.593750 0.378906 0.595703 0.380859 0.601562 0.380859 0.603516 0.382812 0.611328 0.382812 0.613281 0.384766 0.615234 0.384766 0.617188 0.382812 0.619141 0.382812 0.623047 0.378906 0.625000 0.378906 0.626953 0.376953 0.632812 0.376953 0.634766 0.375000 0.636719 0.375000 0.638672 0.376953 0.644531 0.376953 0.646484 0.378906 0.654297 0.378906 0.656250 0.380859 0.662109 0.380859 0.664062 0.382812 0.669922 0.382812 0.671875 0.384766 0.675781 0.384766 0.677734 0.386719 0.679688 0.386719 0.681641 0.388672 0.681641 0.386719 0.679688 0.384766 0.679688 0.378906 0.677734 0.376953 0.677734 0.371094 0.671875 0.365234 0.669922 0.365234 0.662109 0.357422 0.660156 0.357422 0.654297 0.351562 0.652344 0.351562 0.650391 0.349609 0.648438 0.349609 0.642578 0.343750 0.640625 0.343750 0.638672 0.341797 0.636719 0.341797 0.634766 0.339844 0.634766 0.335938 0.626953 0.335938 0.625000 0.337891 0.615234 0.337891 0.613281 0.339844 0.605469 0.339844 0.605469 0.343750 0.603516 0.345703 0.603516 0.351562 0.601562 0.353516 0.599609 0.353516 0.597656 0.355469 0.595703 0.353516 0.587891 0.353516 0.580078 0.345703 0.580078 0.343750 0.576172 0.339844 0.576172 0.337891 0.574219 0.335938 0.574219 0.326172 0.576172 0.324219 0.576172 0.320312 0.578125 0.318359 0.578125 0.316406 0.580078 0.314453 0.580078 0.312500 0.582031 0.310547 0.582031 0.306641 0.580078 0.304688 0.580078 0.298828 0.578125 0.298828 0.576172 0.296875 0.572266 0.296875 0.570312 0.294922 0.568359 0.294922 0.566406 0.292969 0.550781 0.292969 0.546875 0.296875 0.546875 0.298828 0.548828 0.300781 0.548828 0.302734 0.556641 0.310547 0.556641 0.335938 0.558594 0.337891 0.558594 0.347656 0.560547 0.349609 0.560547 0.355469 0.552734 0.363281 0.550781 0.363281 0.548828 0.365234 0.546875 0.365234 0.542969 0.369141 0.542969 0.371094 0.541016 0.373047 0.539062 0.373047 0.527344 0.361328 0.525391 0.361328 0.513672 0.349609 0.513672 0.343750 0.515625 0.341797 0.515625 0.337891 0.517578 0.335938 0.517578 0.333984 0.519531 0.332031 0.519531 0.330078 0.521484 0.328125 0.521484 0.326172 0.523438 0.324219 0.523438 0.314453 0.521484 0.312500 0.521484 0.304688 0.505859 0.304688 0.503906 0.306641 0.501953 0.306641 0.498047 0.310547 0.496094 0.310547 0.494141 0.312500 0.492188 0.312500 0.490234 0.314453 0.490234 0.318359 0.492188 0.320312 0.492188 0.322266 0.494141 0.324219 0.494141 0.341797 0.496094 0.343750 0.496094 0.355469 0.494141 0.357422 0.494141 0.363281 0.492188 0.365234 0.492188 0.367188 0.488281 0.371094 0.486328 0.371094 0.480469 0.376953 0.478516 0.376953 0.476562 0.378906 0.470703 0.378906 0.468750 0.376953 0.464844 0.376953 0.462891 0.375000 0.462891 0.373047 0.464844 0.371094 0.464844 0.365234 0.462891 0.363281 0.462891 0.345703 0.460938 0.343750 0.460938 0.333984 0.458984 0.332031 0.458984 0.328125 0.457031 0.328125 0.455078 0.330078 0.453125 0.330078 0.447266 0.335938 0.447266 0.337891 0.445312 0.339844 0.445312 0.341797 0.443359 0.343750 0.443359 0.347656 0.445312 0.349609 0.445312 0.353516 0.447266 0.355469 0.447266 0.359375 0.449219 0.361328 0.449219 0.367188 0.445312 0.371094 0.435547 0.371094 0.433594 0.369141 0.425781 0.369141 0.423828 0.367188 0.419922 0.367188 0.417969 0.365234 0.416016 0.365234 0.414062 0.363281 0.412109 0.363281 0.410156 0.361328 0.408203 0.361328 0.406250 0.359375 0.404297 0.359375 0.402344 0.357422 0.400391 0.357422 0.398438 0.355469 0.396484 0.355469 0.394531 0.353516 0.382812 0.353516 0.380859 0.351562 0.376953 0.351562 0.371094 0.345703 0.369141 0.345703 0.367188 0.343750 0.367188 0.337891 0.365234 0.335938 0.365234 0.333984 0.357422 0.326172 0.357422 0.324219 0.355469 0.322266 0.355469 0.316406 0.357422 0.314453 0.357422 0.308594 0.361328 0.304688 0.373047 0.304688 0.375000 0.302734 0.376953 0.302734 0.378906 0.300781 0.378906 0.296875 0.380859 0.294922 0.380859 0.292969 0.378906 0.291016 0.378906 0.289062 0.376953 0.287109 0.376953 0.285156 0.371094 0.285156 0.369141 0.287109 0.359375 0.287109 0.357422 0.289062 0.355469 0.289062 0.353516 0.287109 0.351562 0.287109 0.349609 0.285156 0.349609 0.283203 0.343750 0.277344 0.343750 0.275391 0.339844 0.271484 0.339844 0.269531 0.332031 0.261719 0.332031 0.259766 0.328125 0.255859 0.328125 0.253906 0.316406 0.242188 0.314453 0.242188 0.312500 0.240234 0.310547 0.240234 0.306641 0.236328 0.304688 0.236328 0.300781 0.232422 0.298828 0.232422 0.296875 0.230469 0.294922 0.230469 0.291016 0.226562 0.289062 0.226562 0.285156 0.222656 0.283203 0.222656 0.281250 0.220703 0.279297 0.220703 0.275391 0.216797 0.273438 0.216797 0.269531 0.212891
5 0.578125 0.000000 0.570312 0.007812 0.570312 0.009766 0.564453 0.015625 0.564453 0.017578 0.556641 0.025391 0.556641 0.027344 0.554688 0.029297 0.552734 0.029297 0.548828 0.033203 0.537109 0.033203 0.535156 0.035156 0.525391 0.035156 0.523438 0.037109 0.521484 0.037109 0.521484 0.041016 0.519531 0.042969 0.519531 0.048828 0.517578 0.050781 0.517578 0.056641 0.515625 0.058594 0.515625 0.064453 0.513672 0.066406 0.513672 0.074219 0.511719 0.076172 0.511719 0.082031 0.509766 0.083984 0.509766 0.089844 0.507812 0.091797 0.507812 0.097656 0.505859 0.099609 0.505859 0.107422 0.503906 0.109375 0.503906 0.115234 0.501953 0.117188 0.501953 0.123047 0.500000 0.125000 0.500000 0.130859 0.498047 0.132812 0.498047 0.140625 0.496094 0.142578 0.496094 0.148438 0.494141 0.150391 0.494141 0.156250 0.492188 0.158203 0.492188 0.164062 0.490234 0.166016 0.490234 0.173828 0.488281 0.175781 0.488281 0.181641 0.486328 0.183594 0.486328 0.189453 0.484375 0.191406 0.484375 0.199219 0.482422 0.201172 0.482422 0.207031 0.480469 0.208984 0.480469 0.214844 0.478516 0.216797 0.478516 0.222656 0.476562 0.224609 0.476562 0.232422 0.474609 0.234375 0.474609 0.240234 0.472656 0.242188 0.472656 0.248047 0.470703 0.250000 0.470703 0.255859 0.468750 0.257812 0.468750 0.265625 0.466797 0.267578 0.466797 0.273438 0.464844 0.275391 0.464844 0.281250 0.462891 0.283203 0.462891 0.289062 0.460938 0.291016 0.460938 0.294922 0.462891 0.296875 0.462891 0.298828 0.464844 0.300781 0.464844 0.302734 0.466797 0.304688 0.466797 0.306641 0.468750 0.308594 0.468750 0.310547 0.468750 0.306641 0.470703 0.304688 0.470703 0.302734 0.486328 0.287109 0.488281 0.287109 0.490234 0.285156 0.492188 0.285156 0.494141 0.283203 0.498047 0.283203 0.500000 0.281250 0.503906 0.281250 0.505859 0.279297 0.509766 0.279297 0.511719 0.277344 0.515625 0.277344 0.517578 0.275391 0.521484 0.275391 0.523438 0.273438 0.527344 0.273438 0.529297 0.271484 0.533203 0.271484 0.535156 0.269531 0.537109 0.269531 0.539062 0.267578 0.542969 0.267578 0.544922 0.265625 0.548828 0.265625 0.550781 0.263672 0.554688 0.263672 0.556641 0.261719 0.560547 0.261719 0.562500 0.259766 0.566406 0.259766 0.568359 0.257812 0.572266 0.257812 0.574219 0.255859 0.578125 0.255859 0.580078 0.253906 0.583984 0.253906 0.585938 0.251953 0.589844 0.251953 0.591797 0.250000 0.593750 0.250000 0.595703 0.248047 0.599609 0.248047 0.601562 0.246094 0.605469 0.246094 0.607422 0.244141 0.609375 0.244141 0.611328 0.242188 0.615234 0.242188 0.617188 0.240234 0.621094 0.240234 0.623047 0.238281 0.625000 0.238281 0.626953 0.236328 0.630859 0.236328 0.632812 0.234375 0.636719 0.234375 0.638672 0.232422 0.642578 0.232422 0.644531 0.230469 0.646484 0.230469 0.648438 0.228516 0.652344 0.228516 0.654297 0.226562 0.658203 0.226562 0.660156 0.224609 0.662109 0.224609 0.664062 0.222656 0.667969 0.222656 0.669922 0.220703 0.671875 0.220703 0.673828 0.218750 0.675781 0.218750 0.677734 0.216797 0.683594 0.216797 0.685547 0.214844 0.689453 0.214844 0.691406 0.212891 0.697266 0.212891 0.699219 0.210938 0.707031 0.210938 0.708984 0.208984 0.718750 0.208984 0.720703 0.207031 0.724609 0.207031 0.728516 0.203125 0.730469 0.203125 0.755859 0.177734 0.757812 0.177734 0.775391 0.160156 0.777344 0.160156 0.779297 0.158203 0.781250 0.158203 0.783203 0.156250 0.787109 0.156250 0.789062 0.154297 0.792969 0.154297 0.794922 0.152344 0.796875 0.152344 0.798828 0.150391 0.802734 0.150391 0.804688 0.148438 0.808594 0.148438 0.810547 0.146484 0.812500 0.146484 0.814453 0.144531 0.816406 0.144531 0.816406 0.142578 0.822266 0.136719 0.824219 0.136719 0.832031 0.128906 0.832031 0.126953 0.837891 0.121094 0.837891 0.119141 0.841797 0.115234 0.847656 0.115234 0.853516 0.121094 0.855469 0.121094 0.861328 0.126953 0.863281 0.126953 0.865234 0.128906 0.867188 0.128906 0.869141 0.130859 0.871094 0.130859 0.873047 0.132812 0.878906 0.132812 0.880859 0.134766 0.888672 0.134766 0.890625 0.136719 0.904297 0.136719 0.906250 0.134766 0.914062 0.134766 0.916016 0.132812 0.919922 0.132812 0.921875 0.130859 0.929688 0.130859 0.931641 0.128906 0.935547 0.128906 0.937500 0.126953 0.939453 0.126953 0.941406 0.125000 0.945312 0.125000 0.947266 0.123047 0.951172 0.123047 0.953125 0.121094 0.957031 0.121094 0.958984 0.119141 0.962891 0.119141 0.964844 0.117188 0.968750 0.117188 0.970703 0.115234 0.976562 0.115234 0.978516 0.113281 0.982422 0.113281 0.984375 0.111328 0.988281 0.111328 0.990234 0.109375 0.994141 0.109375 0.996094 0.107422 0.998047 0.107422 0.998047 0.000000
