1 0.691406 0.669922 0.691406 0.671875 0.689453 0.673828 0.689453 0.675781 0.687500 0.677734 0.687500 0.679688 0.683594 0.683594 0.683594 0.685547 0.681641 0.687500 0.681641 0.689453 0.679688 0.691406 0.679688 0.693359 0.677734 0.695312 0.677734 0.697266 0.675781 0.699219 0.675781 0.705078 0.677734 0.707031 0.677734 0.708984 0.679688 0.710938 0.679688 0.712891 0.685547 0.718750 0.687500 0.718750 0.689453 0.720703 0.691406 0.720703 0.693359 0.722656 0.708984 0.722656 0.708984 0.716797 0.710938 0.714844 0.710938 0.703125 0.712891 0.701172 0.712891 0.691406 0.714844 0.689453 0.714844 0.685547 0.716797 0.683594 0.714844 0.681641 0.710938 0.681641 0.708984 0.679688 0.707031 0.679688 0.703125 0.675781 0.701172 0.675781 0.695312 0.669922
1 0.636719 0.662109 0.634766 0.664062 0.630859 0.664062 0.628906 0.666016 0.628906 0.695312 0.630859 0.697266 0.630859 0.701172 0.634766 0.705078 0.642578 0.705078 0.644531 0.703125 0.648438 0.703125 0.650391 0.701172 0.650391 0.697266 0.652344 0.695312 0.652344 0.689453 0.654297 0.687500 0.654297 0.681641 0.656250 0.679688 0.656250 0.673828 0.658203 0.671875 0.656250 0.669922 0.656250 0.667969 0.654297 0.667969 0.652344 0.666016 0.650391 0.666016 0.648438 0.664062 0.644531 0.664062 0.642578 0.662109
1 0.267578 0.652344 0.265625 0.654297 0.251953 0.654297 0.250000 0.656250 0.248047 0.656250 0.248047 0.662109 0.246094 0.664062 0.246094 0.677734 0.244141 0.679688 0.244141 0.683594 0.248047 0.683594 0.250000 0.685547 0.255859 0.685547 0.257812 0.687500 0.271484 0.687500 0.273438 0.689453 0.277344 0.689453 0.277344 0.679688 0.275391 0.677734 0.275391 0.667969 0.273438 0.666016 0.273438 0.664062 0.271484 0.662109 0.271484 0.656250 0.269531 0.654297 0.269531 0.652344
1 0.587891 0.646484 0.582031 0.652344 0.582031 0.654297 0.578125 0.658203 0.578125 0.660156 0.576172 0.662109 0.576172 0.671875 0.578125 0.673828 0.578125 0.677734 0.580078 0.679688 0.580078 0.681641 0.582031 0.683594 0.582031 0.685547 0.583984 0.687500 0.601562 0.687500 0.599609 0.685547 0.599609 0.673828 0.601562 0.671875 0.601562 0.662109 0.603516 0.660156 0.603516 0.656250 0.601562 0.654297 0.601562 0.646484
1 0.318359 0.640625 0.316406 0.642578 0.314453 0.642578 0.312500 0.644531 0.306641 0.644531 0.306641 0.646484 0.302734 0.650391 0.302734 0.654297 0.300781 0.656250 0.300781 0.664062 0.302734 0.666016 0.300781 0.667969 0.300781 0.675781 0.302734 0.677734 0.312500 0.677734 0.314453 0.675781 0.318359 0.675781 0.322266 0.671875 0.324219 0.671875 0.324219 0.666016 0.322266 0.664062 0.322266 0.648438 0.320312 0.646484 0.320312 0.640625
1 0.539062 0.626953 0.521484 0.644531 0.519531 0.644531 0.515625 0.648438 0.515625 0.654297 0.517578 0.656250 0.517578 0.660156 0.519531 0.662109 0.519531 0.664062 0.521484 0.666016 0.521484 0.667969 0.523438 0.669922 0.523438 0.671875 0.525391 0.673828 0.525391 0.693359 0.527344 0.695312 0.531250 0.695312 0.533203 0.697266 0.537109 0.697266 0.539062 0.699219 0.546875 0.699219 0.550781 0.695312 0.550781 0.693359 0.554688 0.689453 0.554688 0.687500 0.556641 0.685547 0.554688 0.683594 0.554688 0.662109 0.556641 0.660156 0.556641 0.650391 0.558594 0.648438 0.558594 0.642578 0.552734 0.636719 0.550781 0.636719 0.548828 0.634766 0.546875 0.634766 0.541016 0.628906 0.541016 0.626953
1 0.371094 0.591797 0.369141 0.593750 0.367188 0.593750 0.361328 0.599609 0.359375 0.599609 0.355469 0.603516 0.353516 0.603516 0.351562 0.605469 0.349609 0.605469 0.353516 0.609375 0.353516 0.621094 0.355469 0.623047 0.355469 0.626953 0.359375 0.626953 0.361328 0.625000 0.371094 0.625000 0.373047 0.623047 0.375000 0.623047 0.375000 0.607422 0.373047 0.605469 0.373047 0.597656 0.371094 0.595703
1 0.310547 0.585938 0.308594 0.587891 0.304688 0.587891 0.302734 0.589844 0.300781 0.589844 0.296875 0.593750 0.296875 0.597656 0.298828 0.599609 0.298828 0.603516 0.300781 0.605469 0.300781 0.607422 0.302734 0.609375 0.302734 0.611328 0.304688 0.613281 0.308594 0.613281 0.310547 0.611328 0.312500 0.611328 0.314453 0.609375 0.316406 0.609375 0.318359 0.607422 0.320312 0.607422 0.320312 0.603516 0.318359 0.601562 0.318359 0.599609 0.316406 0.597656 0.316406 0.595703 0.314453 0.593750 0.314453 0.591797 0.312500 0.589844 0.312500 0.587891
1 0.410156 0.566406 0.408203 0.568359 0.408203 0.591797 0.423828 0.591797 0.425781 0.593750 0.431641 0.593750 0.437500 0.587891 0.439453 0.587891 0.439453 0.578125 0.437500 0.576172 0.437500 0.574219 0.435547 0.572266 0.435547 0.568359 0.429688 0.568359 0.427734 0.566406
1 0.220703 0.558594 0.220703 0.570312 0.222656 0.572266 0.222656 0.580078 0.220703 0.582031 0.220703 0.583984 0.224609 0.583984 0.226562 0.585938 0.240234 0.585938 0.240234 0.576172 0.242188 0.574219 0.244141 0.574219 0.246094 0.576172 0.246094 0.580078 0.248047 0.582031 0.248047 0.583984 0.250000 0.585938 0.250000 0.589844 0.251953 0.591797 0.251953 0.593750 0.253906 0.595703 0.253906 0.599609 0.255859 0.601562 0.255859 0.603516 0.257812 0.605469 0.265625 0.605469 0.267578 0.603516 0.277344 0.603516 0.279297 0.601562 0.281250 0.601562 0.279297 0.599609 0.279297 0.597656 0.277344 0.595703 0.277344 0.589844 0.275391 0.587891 0.275391 0.583984 0.273438 0.582031 0.273438 0.578125 0.271484 0.576172 0.271484 0.574219 0.269531 0.572266 0.246094 0.572266 0.244141 0.574219 0.242188 0.574219 0.240234 0.572266 0.240234 0.564453 0.238281 0.562500 0.236328 0.562500 0.234375 0.560547 0.230469 0.560547 0.228516 0.558594
1 0.710938 0.550781 0.705078 0.556641 0.703125 0.556641 0.701172 0.558594 0.701172 0.562500 0.703125 0.564453 0.703125 0.574219 0.705078 0.576172 0.705078 0.583984 0.707031 0.585938 0.707031 0.591797 0.710938 0.591797 0.712891 0.593750 0.718750 0.593750 0.720703 0.595703 0.722656 0.595703 0.724609 0.597656 0.724609 0.599609 0.726562 0.601562 0.728516 0.599609 0.728516 0.580078 0.726562 0.578125 0.726562 0.568359 0.724609 0.566406 0.724609 0.560547 0.722656 0.558594 0.722656 0.552734 0.712891 0.552734
1 0.611328 0.523438 0.611328 0.525391 0.603516 0.533203 0.601562 0.533203 0.595703 0.539062 0.593750 0.539062 0.593750 0.554688 0.591797 0.556641 0.591797 0.564453 0.595703 0.564453 0.597656 0.562500 0.599609 0.562500 0.601562 0.564453 0.605469 0.564453 0.607422 0.566406 0.613281 0.566406 0.615234 0.568359 0.617188 0.566406 0.617188 0.564453 0.634766 0.546875 0.634766 0.544922 0.638672 0.541016 0.638672 0.539062 0.640625 0.537109 0.640625 0.535156 0.642578 0.533203 0.640625 0.531250 0.638672 0.531250 0.636719 0.529297 0.632812 0.529297 0.630859 0.527344 0.628906 0.527344 0.626953 0.525391 0.623047 0.525391 0.621094 0.523438
1 0.550781 0.511719 0.550781 0.513672 0.546875 0.517578 0.544922 0.517578 0.542969 0.519531 0.541016 0.519531 0.539062 0.521484 0.537109 0.521484 0.535156 0.523438 0.533203 0.523438 0.533203 0.527344 0.531250 0.529297 0.531250 0.535156 0.529297 0.537109 0.529297 0.554688 0.531250 0.556641 0.531250 0.562500 0.535156 0.562500 0.537109 0.564453 0.542969 0.564453 0.544922 0.566406 0.548828 0.566406 0.552734 0.562500 0.552734 0.560547 0.554688 0.558594 0.554688 0.556641 0.556641 0.554688 0.556641 0.548828 0.558594 0.546875 0.558594 0.542969 0.560547 0.541016 0.560547 0.523438 0.558594 0.521484 0.558594 0.519531 0.556641 0.517578 0.556641 0.515625 0.552734 0.511719
1 0.480469 0.488281 0.466797 0.501953 0.466797 0.503906 0.460938 0.509766 0.460938 0.517578 0.458984 0.519531 0.458984 0.527344 0.466797 0.535156 0.468750 0.535156 0.476562 0.542969 0.478516 0.542969 0.484375 0.548828 0.486328 0.546875 0.486328 0.544922 0.488281 0.542969 0.488281 0.539062 0.490234 0.537109 0.490234 0.533203 0.492188 0.531250 0.492188 0.527344 0.494141 0.525391 0.494141 0.521484 0.496094 0.519531 0.496094 0.517578 0.498047 0.515625 0.498047 0.511719 0.500000 0.509766 0.500000 0.498047 0.498047 0.498047 0.496094 0.496094 0.494141 0.496094 0.490234 0.492188 0.488281 0.492188 0.486328 0.490234 0.484375 0.490234 0.482422 0.488281
1 0.414062 0.474609 0.412109 0.476562 0.412109 0.482422 0.410156 0.484375 0.410156 0.486328 0.412109 0.488281 0.412109 0.515625 0.410156 0.517578 0.412109 0.519531 0.414062 0.519531 0.416016 0.521484 0.417969 0.521484 0.429688 0.533203 0.431641 0.533203 0.431641 0.531250 0.433594 0.529297 0.433594 0.509766 0.439453 0.503906 0.437500 0.501953 0.437500 0.494141 0.439453 0.492188 0.439453 0.486328 0.441406 0.484375 0.441406 0.482422 0.439453 0.480469 0.439453 0.474609 0.435547 0.478516 0.421875 0.478516 0.419922 0.476562 0.417969 0.476562 0.416016 0.474609
1 0.287109 0.472656 0.287109 0.476562 0.285156 0.478516 0.285156 0.484375 0.283203 0.486328 0.283203 0.498047 0.285156 0.500000 0.285156 0.513672 0.287109 0.515625 0.287109 0.521484 0.289062 0.523438 0.296875 0.523438 0.298828 0.521484 0.300781 0.521484 0.306641 0.515625 0.310547 0.515625 0.310547 0.513672 0.312500 0.511719 0.312500 0.501953 0.310547 0.500000 0.310547 0.486328 0.308594 0.484375 0.308594 0.482422 0.306641 0.480469 0.306641 0.476562 0.304688 0.474609 0.304688 0.472656
1 0.728516 0.470703 0.726562 0.472656 0.722656 0.472656 0.720703 0.474609 0.716797 0.474609 0.714844 0.476562 0.710938 0.476562 0.712891 0.478516 0.712891 0.482422 0.710938 0.484375 0.710938 0.488281 0.712891 0.490234 0.712891 0.496094 0.714844 0.498047 0.714844 0.500000 0.720703 0.505859 0.720703 0.507812 0.728516 0.515625 0.730469 0.515625 0.730469 0.513672 0.732422 0.511719 0.732422 0.507812 0.734375 0.505859 0.734375 0.500000 0.736328 0.498047 0.736328 0.494141 0.738281 0.492188 0.738281 0.486328 0.736328 0.484375 0.736328 0.478516 0.734375 0.476562 0.734375 0.470703
1 0.257812 0.468750 0.255859 0.470703 0.250000 0.470703 0.250000 0.472656 0.248047 0.474609 0.246094 0.474609 0.246094 0.476562 0.244141 0.478516 0.244141 0.486328 0.242188 0.488281 0.242188 0.503906 0.244141 0.505859 0.244141 0.517578 0.246094 0.517578 0.248047 0.519531 0.251953 0.519531 0.253906 0.517578 0.255859 0.517578 0.259766 0.513672 0.259766 0.511719 0.261719 0.509766 0.261719 0.507812 0.263672 0.505859 0.263672 0.503906 0.265625 0.501953 0.265625 0.496094 0.267578 0.494141 0.267578 0.490234 0.269531 0.488281 0.269531 0.486328 0.267578 0.484375 0.267578 0.482422 0.263672 0.478516 0.263672 0.476562 0.261719 0.474609 0.261719 0.472656 0.259766 0.470703 0.259766 0.468750
1 0.343750 0.466797 0.343750 0.472656 0.341797 0.474609 0.341797 0.480469 0.339844 0.482422 0.339844 0.488281 0.337891 0.490234 0.337891 0.498047 0.335938 0.500000 0.335938 0.509766 0.337891 0.511719 0.337891 0.521484 0.339844 0.523438 0.339844 0.541016 0.341797 0.542969 0.343750 0.541016 0.349609 0.541016 0.353516 0.537109 0.355469 0.537109 0.361328 0.531250 0.363281 0.531250 0.367188 0.527344 0.369141 0.527344 0.378906 0.517578 0.376953 0.515625 0.376953 0.480469 0.375000 0.478516 0.375000 0.470703 0.365234 0.470703 0.363281 0.468750 0.345703 0.468750
1 0.666016 0.435547 0.666016 0.439453 0.664062 0.441406 0.664062 0.449219 0.662109 0.451172 0.662109 0.458984 0.660156 0.460938 0.660156 0.468750 0.658203 0.470703 0.658203 0.474609 0.660156 0.476562 0.660156 0.480469 0.662109 0.480469 0.664062 0.478516 0.671875 0.486328 0.671875 0.488281 0.673828 0.486328 0.673828 0.484375 0.675781 0.482422 0.675781 0.480469 0.677734 0.478516 0.677734 0.474609 0.679688 0.472656 0.679688 0.470703 0.681641 0.468750 0.681641 0.464844 0.683594 0.462891 0.683594 0.441406 0.681641 0.439453 0.677734 0.439453 0.675781 0.437500 0.671875 0.437500 0.669922 0.435547
1 0.349609 0.380859 0.349609 0.392578 0.347656 0.394531 0.347656 0.406250 0.357422 0.416016 0.357422 0.417969 0.359375 0.419922 0.359375 0.421875 0.365234 0.427734 0.365234 0.429688 0.365234 0.421875 0.367188 0.419922 0.367188 0.412109 0.369141 0.410156 0.369141 0.402344 0.371094 0.400391 0.371094 0.396484 0.365234 0.390625 0.363281 0.390625 0.357422 0.384766 0.355469 0.384766 0.351562 0.380859
1 0.728516 0.375000 0.724609 0.378906 0.724609 0.382812 0.722656 0.384766 0.722656 0.386719 0.720703 0.388672 0.720703 0.392578 0.718750 0.394531 0.718750 0.400391 0.716797 0.402344 0.716797 0.412109 0.718750 0.412109 0.720703 0.414062 0.724609 0.414062 0.726562 0.416016 0.730469 0.416016 0.732422 0.417969 0.734375 0.417969 0.734375 0.416016 0.736328 0.414062 0.736328 0.412109 0.738281 0.410156 0.738281 0.408203 0.740234 0.406250 0.740234 0.404297 0.742188 0.402344 0.742188 0.398438 0.744141 0.396484 0.744141 0.390625 0.742188 0.388672 0.742188 0.384766 0.740234 0.382812 0.740234 0.378906 0.736328 0.375000
1 0.228516 0.371094 0.228516 0.378906 0.230469 0.380859 0.230469 0.388672 0.232422 0.390625 0.232422 0.398438 0.234375 0.400391 0.236328 0.400391 0.238281 0.402344 0.238281 0.404297 0.244141 0.410156 0.246094 0.410156 0.246094 0.408203 0.248047 0.406250 0.248047 0.404297 0.251953 0.400391 0.251953 0.398438 0.253906 0.396484 0.253906 0.394531 0.255859 0.392578 0.251953 0.388672 0.251953 0.386719 0.242188 0.376953 0.240234 0.376953 0.234375 0.371094
1 0.291016 0.369141 0.291016 0.371094 0.287109 0.375000 0.287109 0.376953 0.285156 0.378906 0.285156 0.380859 0.283203 0.382812 0.283203 0.386719 0.281250 0.388672 0.281250 0.398438 0.279297 0.400391 0.279297 0.404297 0.281250 0.406250 0.281250 0.408203 0.283203 0.410156 0.287109 0.410156 0.289062 0.412109 0.292969 0.412109 0.294922 0.414062 0.298828 0.414062 0.300781 0.416016 0.302734 0.416016 0.302734 0.414062 0.306641 0.410156 0.308594 0.410156 0.310547 0.408203 0.308594 0.406250 0.308594 0.392578 0.310547 0.390625 0.310547 0.376953 0.306641 0.376953 0.302734 0.373047 0.300781 0.373047 0.298828 0.371094 0.294922 0.371094 0.292969 0.369141
1 0.681641 0.357422 0.679688 0.359375 0.673828 0.359375 0.673828 0.361328 0.675781 0.363281 0.675781 0.380859 0.677734 0.382812 0.681641 0.382812 0.683594 0.384766 0.685547 0.384766 0.687500 0.386719 0.689453 0.386719 0.687500 0.386719 0.685547 0.384766 0.689453 0.380859 0.689453 0.378906 0.693359 0.375000 0.693359 0.371094 0.691406 0.369141 0.691406 0.359375 0.689453 0.357422
1 0.400391 0.332031 0.398438 0.333984 0.396484 0.333984 0.396484 0.335938 0.394531 0.337891 0.394531 0.339844 0.392578 0.341797 0.392578 0.343750 0.390625 0.345703 0.390625 0.347656 0.388672 0.349609 0.388672 0.351562 0.386719 0.353516 0.386719 0.355469 0.384766 0.357422 0.384766 0.359375 0.390625 0.365234 0.390625 0.367188 0.402344 0.378906 0.402344 0.380859 0.404297 0.382812 0.404297 0.384766 0.406250 0.386719 0.406250 0.388672 0.404297 0.390625 0.404297 0.398438 0.402344 0.400391 0.402344 0.410156 0.400391 0.412109 0.400391 0.417969 0.398438 0.419922 0.398438 0.427734 0.400391 0.429688 0.402344 0.429688 0.404297 0.431641 0.408203 0.431641 0.410156 0.433594 0.412109 0.433594 0.414062 0.435547 0.417969 0.435547 0.419922 0.437500 0.421875 0.437500 0.427734 0.443359 0.437500 0.443359 0.437500 0.439453 0.439453 0.437500 0.439453 0.433594 0.443359 0.429688 0.451172 0.429688 0.453125 0.431641 0.455078 0.431641 0.457031 0.433594 0.474609 0.433594 0.476562 0.431641 0.480469 0.431641 0.482422 0.433594 0.490234 0.433594 0.492188 0.435547 0.494141 0.435547 0.494141 0.423828 0.496094 0.421875 0.496094 0.410156 0.498047 0.408203 0.500000 0.408203 0.501953 0.410156 0.501953 0.412109 0.503906 0.414062 0.503906 0.416016 0.505859 0.417969 0.505859 0.423828 0.507812 0.425781 0.507812 0.431641 0.509766 0.433594 0.509766 0.435547 0.517578 0.443359 0.519531 0.443359 0.521484 0.445312 0.527344 0.445312 0.533203 0.439453 0.533203 0.435547 0.535156 0.433594 0.535156 0.429688 0.537109 0.427734 0.537109 0.419922 0.539062 0.417969 0.539062 0.414062 0.541016 0.412109 0.541016 0.410156 0.542969 0.408203 0.542969 0.404297 0.544922 0.402344 0.544922 0.400391 0.541016 0.396484 0.541016 0.394531 0.537109 0.390625 0.537109 0.388672 0.529297 0.380859 0.525391 0.380859 0.509766 0.396484 0.507812 0.396484 0.505859 0.394531 0.501953 0.394531 0.500000 0.392578 0.500000 0.386719 0.498047 0.384766 0.498047 0.382812 0.496094 0.380859 0.496094 0.378906 0.494141 0.376953 0.490234 0.376953 0.486328 0.373047 0.484375 0.373047 0.482422 0.371094 0.478516 0.371094 0.476562 0.369141 0.472656 0.373047 0.470703 0.373047 0.466797 0.376953 0.466797 0.378906 0.462891 0.382812 0.462891 0.384766 0.458984 0.388672 0.458984 0.390625 0.455078 0.394531 0.453125 0.394531 0.451172 0.396484 0.447266 0.396484 0.439453 0.388672 0.437500 0.388672 0.431641 0.382812 0.431641 0.380859 0.427734 0.376953 0.427734 0.375000 0.423828 0.371094 0.423828 0.369141 0.421875 0.367188 0.421875 0.365234 0.417969 0.361328 0.417969 0.359375 0.414062 0.355469 0.414062 0.353516 0.410156 0.349609 0.410156 0.347656 0.408203 0.345703 0.408203 0.343750 0.404297 0.339844 0.404297 0.337891 0.402344 0.335938 0.402344 0.333984
1 0.621094 0.312500 0.621094 0.314453 0.619141 0.316406 0.619141 0.318359 0.617188 0.320312 0.617188 0.322266 0.615234 0.324219 0.615234 0.326172 0.613281 0.328125 0.613281 0.332031 0.615234 0.333984 0.615234 0.335938 0.617188 0.337891 0.617188 0.339844 0.619141 0.341797 0.619141 0.343750 0.621094 0.345703 0.621094 0.347656 0.623047 0.349609 0.623047 0.351562 0.625000 0.353516 0.625000 0.355469 0.626953 0.357422 0.628906 0.357422 0.630859 0.359375 0.636719 0.359375 0.638672 0.357422 0.640625 0.357422 0.646484 0.351562 0.648438 0.351562 0.650391 0.349609 0.650391 0.347656 0.644531 0.341797 0.642578 0.341797 0.636719 0.335938 0.636719 0.333984 0.632812 0.330078 0.636719 0.326172 0.638672 0.326172 0.640625 0.324219 0.642578 0.324219 0.646484 0.320312 0.646484 0.318359 0.642578 0.318359 0.640625 0.316406 0.634766 0.316406 0.632812 0.314453 0.628906 0.314453 0.626953 0.312500
1 0.546875 0.289062 0.546875 0.294922 0.544922 0.296875 0.544922 0.300781 0.542969 0.302734 0.542969 0.304688 0.541016 0.306641 0.541016 0.312500 0.539062 0.314453 0.539062 0.318359 0.552734 0.318359 0.554688 0.320312 0.556641 0.320312 0.558594 0.322266 0.560547 0.322266 0.562500 0.324219 0.564453 0.324219 0.566406 0.326172 0.568359 0.326172 0.574219 0.332031 0.576172 0.332031 0.576172 0.328125 0.578125 0.326172 0.578125 0.322266 0.580078 0.320312 0.580078 0.316406 0.582031 0.314453 0.582031 0.310547 0.583984 0.308594 0.583984 0.304688 0.585938 0.302734 0.585938 0.300781 0.583984 0.300781 0.582031 0.298828 0.580078 0.298828 0.578125 0.296875 0.572266 0.296875 0.570312 0.294922 0.564453 0.294922 0.562500 0.292969 0.560547 0.292969 0.558594 0.291016 0.558594 0.289062
1 0.250000 0.242188 0.248047 0.244141 0.238281 0.244141 0.236328 0.246094 0.232422 0.246094 0.230469 0.248047 0.226562 0.248047 0.224609 0.250000 0.218750 0.250000 0.216797 0.251953 0.212891 0.251953 0.210938 0.253906 0.207031 0.253906 0.205078 0.255859 0.201172 0.255859 0.199219 0.257812 0.193359 0.257812 0.191406 0.259766 0.187500 0.259766 0.185547 0.261719 0.179688 0.261719 0.177734 0.263672 0.173828 0.263672 0.171875 0.265625 0.166016 0.265625 0.164062 0.267578 0.162109 0.267578 0.160156 0.269531 0.158203 0.269531 0.154297 0.273438 0.146484 0.273438 0.144531 0.275391 0.128906 0.275391 0.126953 0.277344 0.109375 0.277344 0.107422 0.279297 0.083984 0.279297 0.082031 0.281250 0.060547 0.281250 0.058594 0.283203 0.042969 0.283203 0.041016 0.285156 0.029297 0.285156 0.027344 0.287109 0.019531 0.287109 0.017578 0.289062 0.007812 0.289062 0.005859 0.291016 0.000000 0.291016 0.000000 0.998047 0.572266 0.998047 0.572266 0.996094 0.570312 0.994141 0.570312 0.992188 0.562500 0.984375 0.562500 0.982422 0.554688 0.974609 0.554688 0.972656 0.550781 0.968750 0.541016 0.968750 0.539062 0.966797 0.531250 0.966797 0.529297 0.964844 0.525391 0.964844 0.523438 0.962891 0.521484 0.962891 0.519531 0.960938 0.519531 0.957031 0.517578 0.955078 0.517578 0.949219 0.515625 0.947266 0.515625 0.941406 0.513672 0.939453 0.513672 0.933594 0.511719 0.931641 0.511719 0.923828 0.509766 0.921875 0.509766 0.916016 0.507812 0.914062 0.507812 0.908203 0.505859 0.906250 0.505859 0.900391 0.503906 0.898438 0.503906 0.892578 0.501953 0.890625 0.501953 0.882812 0.500000 0.880859 0.500000 0.875000 0.498047 0.873047 0.498047 0.867188 0.496094 0.865234 0.496094 0.859375 0.494141 0.857422 0.494141 0.849609 0.492188 0.847656 0.492188 0.841797 0.490234 0.839844 0.490234 0.833984 0.488281 0.832031 0.488281 0.826172 0.486328 0.824219 0.486328 0.818359 0.484375 0.816406 0.484375 0.808594 0.482422 0.806641 0.482422 0.800781 0.480469 0.798828 0.480469 0.792969 0.478516 0.791016 0.478516 0.785156 0.476562 0.783203 0.476562 0.775391 0.474609 0.773438 0.474609 0.767578 0.472656 0.765625 0.472656 0.759766 0.470703 0.757812 0.470703 0.751953 0.468750 0.750000 0.468750 0.744141 0.466797 0.742188 0.466797 0.734375 0.464844 0.732422 0.464844 0.726562 0.462891 0.724609 0.462891 0.718750 0.460938 0.716797 0.460938 0.710938 0.458984 0.708984 0.458984 0.705078 0.468750 0.695312 0.468750 0.687500 0.472656 0.683594 0.486328 0.683594 0.486328 0.681641 0.490234 0.677734 0.490234 0.667969 0.492188 0.666016 0.492188 0.658203 0.494141 0.656250 0.494141 0.642578 0.492188 0.640625 0.492188 0.634766 0.490234 0.632812 0.490234 0.630859 0.488281 0.628906 0.486328 0.628906 0.480469 0.623047 0.478516 0.623047 0.476562 0.621094 0.470703 0.621094 0.468750 0.623047 0.464844 0.623047 0.464844 0.625000 0.466797 0.626953 0.466797 0.634766 0.464844 0.636719 0.464844 0.652344 0.462891 0.654297 0.462891 0.666016 0.460938 0.667969 0.460938 0.677734 0.462891 0.679688 0.462891 0.681641 0.466797 0.685547 0.451172 0.701172 0.451172 0.703125 0.447266 0.707031 0.443359 0.707031 0.441406 0.708984 0.435547 0.708984 0.433594 0.710938 0.427734 0.710938 0.425781 0.712891 0.419922 0.712891 0.417969 0.714844 0.412109 0.714844 0.410156 0.716797 0.408203 0.716797 0.406250 0.718750 0.404297 0.718750 0.402344 0.720703 0.400391 0.720703 0.398438 0.722656 0.394531 0.722656 0.392578 0.724609 0.390625 0.724609 0.388672 0.726562 0.386719 0.726562 0.384766 0.728516 0.382812 0.726562 0.380859 0.726562 0.378906 0.728516 0.376953 0.728516 0.375000 0.730469 0.373047 0.730469 0.371094 0.728516 0.371094 0.726562 0.373047 0.724609 0.373047 0.722656 0.375000 0.720703 0.375000 0.718750 0.376953 0.716797 0.376953 0.714844 0.375000 0.716797 0.373047 0.716797 0.371094 0.714844 0.357422 0.714844 0.355469 0.712891 0.353516 0.712891 0.349609 0.716797 0.349609 0.718750 0.343750 0.724609 0.343750 0.726562 0.333984 0.736328 0.333984 0.738281 0.330078 0.742188 0.330078 0.744141 0.326172 0.748047 0.326172 0.750000 0.324219 0.751953 0.322266 0.751953 0.314453 0.759766 0.312500 0.759766 0.310547 0.761719 0.308594 0.761719 0.304688 0.765625 0.302734 0.765625 0.298828 0.769531 0.296875 0.769531 0.294922 0.771484 0.292969 0.771484 0.289062 0.775391 0.287109 0.775391 0.285156 0.777344 0.283203 0.777344 0.279297 0.781250 0.277344 0.781250 0.273438 0.785156 0.271484 0.785156 0.269531 0.787109 0.265625 0.787109 0.263672 0.785156 0.263672 0.783203 0.261719 0.781250 0.261719 0.777344 0.259766 0.775391 0.259766 0.773438 0.257812 0.771484 0.257812 0.767578 0.255859 0.765625 0.255859 0.761719 0.253906 0.759766 0.253906 0.755859 0.251953 0.753906 0.251953 0.750000 0.250000 0.748047 0.250000 0.746094 0.248047 0.744141 0.248047 0.740234 0.246094 0.738281 0.246094 0.734375 0.244141 0.732422 0.244141 0.728516 0.242188 0.726562 0.242188 0.722656 0.240234 0.720703 0.240234 0.718750 0.238281 0.716797 0.238281 0.712891 0.236328 0.710938 0.236328 0.708984 0.234375 0.707031 0.234375 0.705078 0.232422 0.703125 0.232422 0.701172 0.230469 0.699219 0.230469 0.697266 0.228516 0.695312 0.228516 0.693359 0.232422 0.689453 0.230469 0.687500 0.230469 0.685547 0.228516 0.683594 0.228516 0.677734 0.226562 0.675781 0.226562 0.669922 0.224609 0.667969 0.224609 0.662109 0.222656 0.660156 0.222656 0.654297 0.220703 0.652344 0.220703 0.646484 0.218750 0.644531 0.218750 0.636719 0.216797 0.634766 0.216797 0.628906 0.214844 0.626953 0.214844 0.619141 0.212891 0.617188 0.212891 0.611328 0.210938 0.609375 0.210938 0.601562 0.208984 0.599609 0.208984 0.593750 0.207031 0.591797 0.207031 0.585938 0.208984 0.583984 0.207031 0.582031 0.205078 0.582031 0.203125 0.580078 0.203125 0.552734 0.201172 0.550781 0.201172 0.541016 0.199219 0.539062 0.199219 0.527344 0.203125 0.523438 0.205078 0.523438 0.214844 0.533203 0.216797 0.533203 0.226562 0.523438 0.228516 0.523438 0.228516 0.517578 0.226562 0.515625 0.226562 0.503906 0.224609 0.501953 0.224609 0.492188 0.222656 0.490234 0.222656 0.478516 0.220703 0.476562 0.220703 0.468750 0.210938 0.468750 0.208984 0.466797 0.197266 0.466797 0.195312 0.468750 0.193359 0.468750 0.191406 0.466797 0.191406 0.464844 0.187500 0.460938 0.187500 0.457031 0.185547 0.455078 0.185547 0.445312 0.183594 0.443359 0.183594 0.433594 0.181641 0.431641 0.181641 0.421875 0.179688 0.419922 0.179688 0.410156 0.177734 0.408203 0.177734 0.402344 0.181641 0.398438 0.183594 0.398438 0.185547 0.400391 0.187500 0.400391 0.189453 0.398438 0.205078 0.398438 0.207031 0.396484 0.207031 0.394531 0.205078 0.392578 0.205078 0.386719 0.203125 0.384766 0.203125 0.380859 0.201172 0.378906 0.201172 0.376953 0.199219 0.375000 0.199219 0.373047 0.197266 0.371094 0.197266 0.369141 0.191406 0.369141 0.189453 0.371094 0.185547 0.371094 0.183594 0.373047 0.181641 0.373047 0.179688 0.375000 0.177734 0.375000 0.173828 0.371094 0.173828 0.367188 0.171875 0.365234 0.171875 0.359375 0.169922 0.357422 0.169922 0.351562 0.167969 0.349609 0.167969 0.345703 0.166016 0.343750 0.166016 0.337891 0.164062 0.335938 0.164062 0.330078 0.162109 0.328125 0.162109 0.322266 0.164062 0.320312 0.164062 0.314453 0.166016 0.312500 0.166016 0.308594 0.167969 0.306641 0.171875 0.306641 0.173828 0.304688 0.175781 0.304688 0.179688 0.300781 0.177734 0.298828 0.177734 0.296875 0.185547 0.289062 0.199219 0.289062 0.201172 0.291016 0.205078 0.291016 0.207031 0.292969 0.212891 0.292969 0.214844 0.294922 0.218750 0.294922 0.224609 0.289062 0.224609 0.287109 0.228516 0.283203 0.230469 0.283203 0.232422 0.281250 0.234375 0.281250 0.238281 0.277344 0.240234 0.277344 0.242188 0.275391 0.244141 0.275391 0.246094 0.273438 0.253906 0.273438 0.255859 0.271484 0.277344 0.271484 0.279297 0.273438 0.279297 0.283203 0.281250 0.285156 0.281250 0.289062 0.285156 0.292969 0.291016 0.292969 0.294922 0.289062 0.294922 0.285156 0.296875 0.283203 0.296875 0.281250 0.298828 0.279297 0.300781 0.279297 0.300781 0.277344 0.302734 0.275391 0.304688 0.275391 0.304688 0.273438 0.306641 0.271484 0.312500 0.271484 0.314453 0.269531 0.332031 0.269531 0.333984 0.267578 0.337891 0.267578 0.341797 0.271484 0.341797 0.277344 0.343750 0.279297 0.343750 0.283203 0.345703 0.285156 0.345703 0.287109 0.347656 0.289062 0.347656 0.291016 0.349609 0.292969 0.349609 0.294922 0.353516 0.298828 0.357422 0.298828 0.359375 0.296875 0.359375 0.294922 0.361328 0.292969 0.361328 0.287109 0.363281 0.285156 0.367188 0.285156 0.367188 0.283203 0.369141 0.281250 0.369141 0.279297 0.367188 0.277344 0.367188 0.273438 0.365234 0.271484 0.365234 0.269531 0.363281 0.267578 0.363281 0.263672 0.361328 0.261719 0.361328 0.253906 0.359375 0.251953 0.359375 0.248047 0.347656 0.248047 0.345703 0.246094 0.320312 0.246094 0.318359 0.244141 0.275391 0.244141 0.273438 0.242188
1 0.515625 0.224609 0.513672 0.226562 0.500000 0.226562 0.498047 0.228516 0.468750 0.228516 0.466797 0.230469 0.455078 0.230469 0.453125 0.232422 0.443359 0.232422 0.441406 0.234375 0.431641 0.234375 0.429688 0.236328 0.417969 0.236328 0.416016 0.238281 0.408203 0.238281 0.406250 0.240234 0.404297 0.240234 0.400391 0.244141 0.400391 0.259766 0.402344 0.261719 0.402344 0.265625 0.404297 0.267578 0.404297 0.269531 0.406250 0.271484 0.406250 0.273438 0.412109 0.279297 0.419922 0.279297 0.431641 0.267578 0.433594 0.267578 0.435547 0.265625 0.435547 0.263672 0.433594 0.261719 0.433594 0.259766 0.431641 0.257812 0.435547 0.253906 0.458984 0.253906 0.460938 0.251953 0.478516 0.251953 0.480469 0.253906 0.482422 0.253906 0.486328 0.257812 0.486328 0.259766 0.488281 0.261719 0.488281 0.263672 0.490234 0.265625 0.490234 0.269531 0.492188 0.271484 0.496094 0.271484 0.498047 0.273438 0.501953 0.273438 0.503906 0.275391 0.505859 0.273438 0.507812 0.273438 0.509766 0.271484 0.513672 0.271484 0.515625 0.269531 0.521484 0.269531 0.523438 0.271484 0.535156 0.271484 0.537109 0.273438 0.541016 0.273438 0.546875 0.267578 0.550781 0.267578 0.552734 0.265625 0.558594 0.265625 0.562500 0.261719 0.564453 0.261719 0.566406 0.259766 0.566406 0.257812 0.568359 0.255859 0.572266 0.255859 0.574219 0.257812 0.578125 0.257812 0.580078 0.259766 0.582031 0.259766 0.587891 0.265625 0.587891 0.271484 0.589844 0.273438 0.589844 0.279297 0.607422 0.279297 0.609375 0.277344 0.611328 0.277344 0.613281 0.275391 0.615234 0.275391 0.617188 0.273438 0.619141 0.275391 0.621094 0.275391 0.623047 0.277344 0.623047 0.281250 0.625000 0.283203 0.625000 0.287109 0.626953 0.289062 0.632812 0.289062 0.634766 0.287109 0.634766 0.285156 0.638672 0.281250 0.640625 0.281250 0.644531 0.285156 0.646484 0.285156 0.648438 0.287109 0.650391 0.287109 0.654297 0.291016 0.654297 0.310547 0.662109 0.310547 0.664062 0.312500 0.666016 0.312500 0.667969 0.314453 0.669922 0.314453 0.671875 0.316406 0.673828 0.316406 0.677734 0.312500 0.681641 0.312500 0.685547 0.316406 0.685547 0.318359 0.687500 0.320312 0.689453 0.320312 0.691406 0.322266 0.697266 0.322266 0.699219 0.324219 0.699219 0.328125 0.703125 0.332031 0.705078 0.332031 0.710938 0.337891 0.712891 0.337891 0.714844 0.339844 0.716797 0.339844 0.718750 0.337891 0.722656 0.337891 0.726562 0.333984 0.728516 0.333984 0.730469 0.335938 0.730469 0.337891 0.732422 0.339844 0.732422 0.347656 0.734375 0.349609 0.734375 0.351562 0.738281 0.355469 0.750000 0.355469 0.751953 0.357422 0.753906 0.357422 0.765625 0.345703 0.769531 0.349609 0.771484 0.349609 0.773438 0.351562 0.775391 0.351562 0.791016 0.367188 0.792969 0.367188 0.792969 0.365234 0.794922 0.363281 0.794922 0.361328 0.800781 0.355469 0.800781 0.353516 0.806641 0.347656 0.806641 0.343750 0.808594 0.341797 0.806641 0.341797 0.804688 0.339844 0.802734 0.339844 0.800781 0.337891 0.798828 0.337891 0.796875 0.335938 0.794922 0.335938 0.792969 0.333984 0.791016 0.333984 0.789062 0.332031 0.787109 0.332031 0.785156 0.330078 0.783203 0.330078 0.781250 0.328125 0.779297 0.328125 0.777344 0.326172 0.775391 0.326172 0.771484 0.322266 0.759766 0.322266 0.757812 0.320312 0.755859 0.320312 0.753906 0.318359 0.751953 0.318359 0.748047 0.314453 0.746094 0.314453 0.744141 0.312500 0.742188 0.312500 0.738281 0.308594 0.736328 0.308594 0.734375 0.306641 0.732422 0.306641 0.728516 0.302734 0.726562 0.302734 0.724609 0.300781 0.722656 0.300781 0.718750 0.296875 0.716797 0.296875 0.714844 0.294922 0.712891 0.294922 0.710938 0.292969 0.708984 0.292969 0.707031 0.291016 0.705078 0.291016 0.703125 0.289062 0.701172 0.289062 0.699219 0.287109 0.697266 0.287109 0.695312 0.285156 0.693359 0.285156 0.691406 0.283203 0.689453 0.283203 0.687500 0.281250 0.685547 0.281250 0.683594 0.279297 0.681641 0.279297 0.679688 0.277344 0.677734 0.277344 0.675781 0.275391 0.673828 0.275391 0.671875 0.273438 0.669922 0.273438 0.667969 0.271484 0.666016 0.271484 0.664062 0.269531 0.660156 0.269531 0.658203 0.267578 0.656250 0.267578 0.654297 0.265625 0.650391 0.265625 0.648438 0.263672 0.646484 0.263672 0.644531 0.261719 0.640625 0.261719 0.638672 0.259766 0.636719 0.259766 0.634766 0.257812 0.630859 0.257812 0.628906 0.255859 0.625000 0.255859 0.623047 0.253906 0.621094 0.253906 0.619141 0.251953 0.615234 0.251953 0.613281 0.250000 0.611328 0.250000 0.609375 0.248047 0.605469 0.248047 0.603516 0.246094 0.601562 0.246094 0.599609 0.244141 0.597656 0.244141 0.595703 0.242188 0.593750 0.242188 0.591797 0.240234 0.589844 0.240234 0.587891 0.238281 0.585938 0.238281 0.583984 0.236328 0.580078 0.236328 0.578125 0.234375 0.576172 0.234375 0.574219 0.232422 0.572266 0.232422 0.570312 0.230469 0.568359 0.230469 0.566406 0.228516 0.564453 0.228516 0.562500 0.226562 0.550781 0.226562 0.548828 0.224609
1 0.636719 0.099609 0.634766 0.101562 0.628906 0.101562 0.626953 0.103516 0.626953 0.109375 0.628906 0.111328 0.628906 0.113281 0.630859 0.115234 0.630859 0.121094 0.632812 0.121094 0.634766 0.123047 0.642578 0.123047 0.642578 0.121094 0.640625 0.119141 0.640625 0.109375 0.642578 0.107422 0.642578 0.101562 0.640625 0.099609
1 0.675781 0.095703 0.671875 0.099609 0.669922 0.099609 0.666016 0.103516 0.664062 0.103516 0.662109 0.105469 0.662109 0.113281 0.664062 0.113281 0.666016 0.115234 0.669922 0.115234 0.671875 0.117188 0.677734 0.117188 0.679688 0.119141 0.681641 0.119141 0.683594 0.121094 0.683594 0.119141 0.681641 0.117188 0.681641 0.111328 0.679688 0.109375 0.679688 0.099609 0.677734 0.097656 0.677734 0.095703
1 0.544922 0.095703 0.542969 0.097656 0.541016 0.097656 0.535156 0.103516 0.535156 0.107422 0.533203 0.109375 0.533203 0.117188 0.531250 0.119141 0.533203 0.121094 0.535156 0.121094 0.537109 0.119141 0.541016 0.119141 0.542969 0.117188 0.550781 0.117188 0.552734 0.115234 0.558594 0.115234 0.560547 0.113281 0.560547 0.111328 0.558594 0.109375 0.558594 0.107422 0.556641 0.105469 0.556641 0.103516 0.554688 0.101562 0.554688 0.099609 0.552734 0.097656 0.552734 0.095703
1 0.458984 0.095703 0.457031 0.097656 0.457031 0.103516 0.455078 0.105469 0.455078 0.107422 0.457031 0.109375 0.458984 0.109375 0.460938 0.111328 0.462891 0.111328 0.464844 0.113281 0.468750 0.113281 0.472656 0.117188 0.474609 0.115234 0.474609 0.097656 0.472656 0.097656 0.470703 0.095703
1 0.410156 0.095703 0.396484 0.109375 0.392578 0.105469 0.390625 0.105469 0.388672 0.103516 0.386719 0.103516 0.382812 0.099609 0.365234 0.099609 0.365234 0.103516 0.367188 0.105469 0.367188 0.111328 0.369141 0.113281 0.369141 0.119141 0.371094 0.121094 0.371094 0.125000 0.392578 0.125000 0.394531 0.123047 0.394531 0.121094 0.398438 0.117188 0.400391 0.117188 0.406250 0.123047 0.416016 0.123047 0.417969 0.121094 0.421875 0.121094 0.425781 0.117188 0.427734 0.117188 0.427734 0.095703
1 0.578125 0.093750 0.570312 0.101562 0.570312 0.105469 0.572266 0.107422 0.574219 0.107422 0.576172 0.109375 0.578125 0.109375 0.580078 0.111328 0.582031 0.111328 0.583984 0.113281 0.585938 0.113281 0.587891 0.115234 0.589844 0.115234 0.591797 0.117188 0.593750 0.117188 0.597656 0.121094 0.597656 0.113281 0.599609 0.111328 0.599609 0.105469 0.601562 0.103516 0.601562 0.097656 0.603516 0.095703 0.603516 0.093750
1 0.761719 0.091797 0.759766 0.093750 0.750000 0.093750 0.750000 0.109375 0.751953 0.111328 0.751953 0.113281 0.753906 0.113281 0.755859 0.115234 0.765625 0.115234 0.767578 0.117188 0.773438 0.117188 0.775391 0.119141 0.777344 0.117188 0.777344 0.115234 0.775391 0.113281 0.775391 0.105469 0.773438 0.103516 0.773438 0.091797
1 0.728516 0.091797 0.726562 0.093750 0.712891 0.093750 0.710938 0.095703 0.705078 0.095703 0.705078 0.115234 0.707031 0.117188 0.716797 0.117188 0.718750 0.119141 0.722656 0.119141 0.724609 0.121094 0.724609 0.123047 0.732422 0.123047 0.730469 0.121094 0.730469 0.119141 0.728516 0.117188 0.728516 0.103516 0.730469 0.101562 0.730469 0.091797
1 0.408203 0.025391 0.408203 0.027344 0.410156 0.029297 0.410156 0.037109 0.412109 0.039062 0.412109 0.044922 0.414062 0.046875 0.419922 0.046875 0.421875 0.048828 0.423828 0.048828 0.425781 0.046875 0.425781 0.041016 0.427734 0.039062 0.427734 0.035156 0.429688 0.033203 0.429688 0.027344 0.423828 0.027344 0.421875 0.025391
1 0.357422 0.025391 0.357422 0.027344 0.359375 0.029297 0.359375 0.039062 0.357422 0.041016 0.357422 0.042969 0.359375 0.044922 0.361328 0.044922 0.363281 0.046875 0.367188 0.046875 0.369141 0.048828 0.373047 0.048828 0.375000 0.050781 0.376953 0.050781 0.378906 0.052734 0.384766 0.052734 0.384766 0.050781 0.382812 0.048828 0.382812 0.027344 0.380859 0.025391
1 0.457031 0.023438 0.455078 0.025391 0.451172 0.025391 0.451172 0.039062 0.453125 0.041016 0.453125 0.042969 0.455078 0.044922 0.455078 0.048828 0.457031 0.050781 0.457031 0.052734 0.468750 0.052734 0.468750 0.046875 0.466797 0.044922 0.466797 0.039062 0.464844 0.037109 0.464844 0.029297 0.462891 0.027344 0.462891 0.023438
1 0.503906 0.021484 0.501953 0.023438 0.494141 0.023438 0.492188 0.025391 0.492188 0.027344 0.490234 0.029297 0.492188 0.031250 0.492188 0.035156 0.494141 0.037109 0.494141 0.039062 0.498047 0.042969 0.498047 0.044922 0.500000 0.046875 0.500000 0.048828 0.505859 0.048828 0.507812 0.046875 0.511719 0.046875 0.513672 0.044922 0.511719 0.042969 0.511719 0.041016 0.509766 0.039062 0.509766 0.035156 0.507812 0.033203 0.507812 0.029297 0.505859 0.027344 0.505859 0.025391 0.503906 0.023438
1 0.539062 0.019531 0.539062 0.023438 0.537109 0.025391 0.537109 0.037109 0.535156 0.039062 0.535156 0.042969 0.537109 0.044922 0.554688 0.044922 0.554688 0.031250 0.556641 0.029297 0.556641 0.019531
1 0.712891 0.017578 0.710938 0.019531 0.710938 0.021484 0.707031 0.025391 0.707031 0.027344 0.703125 0.031250 0.703125 0.033203 0.701172 0.035156 0.701172 0.037109 0.699219 0.039062 0.699219 0.041016 0.703125 0.041016 0.705078 0.042969 0.718750 0.042969 0.718750 0.041016 0.716797 0.039062 0.716797 0.035156 0.714844 0.033203 0.714844 0.031250 0.712891 0.029297 0.712891 0.025391 0.710938 0.023438 0.710938 0.021484 0.712891 0.019531 0.714844 0.019531 0.714844 0.017578
1 0.673828 0.017578 0.671875 0.019531 0.662109 0.019531 0.662109 0.031250 0.664062 0.033203 0.664062 0.041016 0.666016 0.041016 0.667969 0.042969 0.675781 0.042969 0.677734 0.041016 0.691406 0.041016 0.693359 0.039062 0.691406 0.037109 0.691406 0.033203 0.689453 0.031250 0.689453 0.025391 0.687500 0.023438 0.687500 0.021484 0.685547 0.019531 0.685547 0.017578
1 0.589844 0.017578 0.587891 0.019531 0.582031 0.019531 0.578125 0.023438 0.580078 0.025391 0.580078 0.029297 0.582031 0.031250 0.582031 0.033203 0.583984 0.035156 0.583984 0.039062 0.585938 0.041016 0.585938 0.044922 0.587891 0.046875 0.587891 0.048828 0.591797 0.052734 0.603516 0.052734 0.605469 0.050781 0.607422 0.050781 0.613281 0.044922 0.615234 0.044922 0.617188 0.046875 0.619141 0.044922 0.640625 0.044922 0.640625 0.035156 0.642578 0.033203 0.642578 0.023438 0.640625 0.021484 0.640625 0.017578 0.613281 0.017578 0.609375 0.021484 0.607422 0.019531 0.605469 0.019531 0.603516 0.017578
1 0.759766 0.013672 0.757812 0.015625 0.751953 0.015625 0.750000 0.017578 0.748047 0.017578 0.748047 0.019531 0.746094 0.021484 0.746094 0.041016 0.750000 0.044922 0.755859 0.044922 0.757812 0.042969 0.763672 0.042969 0.765625 0.041016 0.765625 0.025391 0.767578 0.023438 0.767578 0.013672
1 0.000000 0.000000 0.000000 0.246094 0.023438 0.246094 0.025391 0.244141 0.076172 0.244141 0.078125 0.242188 0.089844 0.242188 0.091797 0.240234 0.101562 0.240234 0.103516 0.238281 0.109375 0.238281 0.111328 0.236328 0.117188 0.236328 0.119141 0.234375 0.123047 0.234375 0.125000 0.232422 0.130859 0.232422 0.132812 0.230469 0.138672 0.230469 0.140625 0.228516 0.146484 0.228516 0.148438 0.226562 0.152344 0.226562 0.154297 0.224609 0.158203 0.224609 0.160156 0.222656 0.167969 0.222656 0.169922 0.220703 0.175781 0.220703 0.177734 0.218750 0.183594 0.218750 0.185547 0.216797 0.193359 0.216797 0.195312 0.214844 0.214844 0.214844 0.216797 0.212891 0.279297 0.212891 0.281250 0.214844 0.320312 0.214844 0.320312 0.210938 0.318359 0.208984 0.318359 0.191406 0.320312 0.189453 0.320312 0.142578 0.318359 0.140625 0.318359 0.119141 0.316406 0.117188 0.316406 0.111328 0.314453 0.109375 0.314453 0.101562 0.312500 0.099609 0.312500 0.095703 0.314453 0.093750 0.314453 0.076172 0.312500 0.074219 0.312500 0.037109 0.310547 0.035156 0.310547 0.025391 0.312500 0.023438 0.312500 0.017578 0.310547 0.015625 0.310547 0.000000
2 0.322266 0.187500 0.322266 0.189453 0.320312 0.191406 0.320312 0.208984 0.322266 0.210938 0.322266 0.212891 0.328125 0.212891 0.330078 0.214844 0.332031 0.214844 0.333984 0.212891 0.343750 0.212891 0.345703 0.214844 0.357422 0.214844 0.359375 0.212891 0.406250 0.212891 0.408203 0.210938 0.478516 0.210938 0.480469 0.212891 0.580078 0.212891 0.582031 0.214844 0.583984 0.214844 0.585938 0.216797 0.587891 0.216797 0.589844 0.218750 0.591797 0.218750 0.593750 0.220703 0.595703 0.220703 0.597656 0.222656 0.599609 0.222656 0.601562 0.224609 0.603516 0.224609 0.605469 0.226562 0.607422 0.226562 0.609375 0.228516 0.611328 0.228516 0.613281 0.230469 0.615234 0.230469 0.617188 0.232422 0.619141 0.232422 0.621094 0.234375 0.623047 0.234375 0.625000 0.236328 0.626953 0.236328 0.628906 0.238281 0.630859 0.238281 0.632812 0.240234 0.634766 0.240234 0.636719 0.242188 0.638672 0.242188 0.640625 0.244141 0.642578 0.244141 0.644531 0.246094 0.646484 0.246094 0.648438 0.248047 0.650391 0.248047 0.652344 0.250000 0.656250 0.250000 0.658203 0.251953 0.660156 0.251953 0.662109 0.253906 0.666016 0.253906 0.667969 0.255859 0.669922 0.255859 0.671875 0.257812 0.673828 0.257812 0.675781 0.259766 0.677734 0.259766 0.679688 0.261719 0.683594 0.261719 0.685547 0.263672 0.687500 0.263672 0.689453 0.265625 0.693359 0.265625 0.695312 0.267578 0.697266 0.267578 0.699219 0.269531 0.703125 0.269531 0.705078 0.271484 0.707031 0.271484 0.708984 0.273438 0.710938 0.273438 0.712891 0.275391 0.714844 0.275391 0.716797 0.277344 0.718750 0.277344 0.720703 0.279297 0.722656 0.279297 0.724609 0.281250 0.726562 0.281250 0.728516 0.283203 0.730469 0.283203 0.732422 0.285156 0.736328 0.285156 0.738281 0.287109 0.740234 0.287109 0.742188 0.289062 0.744141 0.289062 0.746094 0.291016 0.748047 0.291016 0.750000 0.292969 0.751953 0.292969 0.753906 0.294922 0.755859 0.294922 0.757812 0.296875 0.759766 0.296875 0.761719 0.298828 0.763672 0.298828 0.765625 0.300781 0.767578 0.300781 0.769531 0.302734 0.773438 0.302734 0.775391 0.304688 0.779297 0.304688 0.781250 0.306641 0.783203 0.306641 0.787109 0.310547 0.798828 0.310547 0.800781 0.312500 0.804688 0.312500 0.806641 0.314453 0.810547 0.314453 0.812500 0.312500 0.818359 0.312500 0.820312 0.310547 0.826172 0.310547 0.828125 0.308594 0.830078 0.308594 0.830078 0.302734 0.828125 0.300781 0.828125 0.294922 0.826172 0.292969 0.826172 0.283203 0.824219 0.283203 0.822266 0.281250 0.810547 0.281250 0.808594 0.279297 0.796875 0.279297 0.794922 0.277344 0.789062 0.277344 0.787109 0.275391 0.783203 0.275391 0.781250 0.273438 0.777344 0.273438 0.775391 0.271484 0.769531 0.271484 0.767578 0.269531 0.763672 0.269531 0.761719 0.267578 0.757812 0.267578 0.755859 0.265625 0.753906 0.265625 0.751953 0.263672 0.748047 0.263672 0.746094 0.261719 0.742188 0.261719 0.740234 0.259766 0.738281 0.259766 0.736328 0.257812 0.732422 0.257812 0.730469 0.255859 0.726562 0.255859 0.724609 0.253906 0.722656 0.253906 0.720703 0.251953 0.716797 0.251953 0.714844 0.250000 0.712891 0.250000 0.710938 0.248047 0.708984 0.248047 0.707031 0.246094 0.703125 0.246094 0.701172 0.244141 0.699219 0.244141 0.697266 0.242188 0.693359 0.242188 0.691406 0.240234 0.689453 0.240234 0.687500 0.238281 0.685547 0.238281 0.683594 0.236328 0.679688 0.236328 0.677734 0.234375 0.675781 0.234375 0.673828 0.232422 0.669922 0.232422 0.667969 0.230469 0.666016 0.230469 0.664062 0.228516 0.662109 0.228516 0.660156 0.226562 0.656250 0.226562 0.654297 0.224609 0.652344 0.224609 0.650391 0.222656 0.646484 0.222656 0.644531 0.220703 0.642578 0.220703 0.640625 0.218750 0.638672 0.218750 0.636719 0.216797 0.632812 0.216797 0.630859 0.214844 0.628906 0.214844 0.626953 0.212891 0.623047 0.212891 0.621094 0.210938 0.619141 0.210938 0.617188 0.208984 0.613281 0.208984 0.611328 0.207031 0.607422 0.207031 0.605469 0.205078 0.603516 0.205078 0.601562 0.203125 0.597656 0.203125 0.595703 0.201172 0.593750 0.201172 0.591797 0.199219 0.587891 0.199219 0.585938 0.197266 0.580078 0.197266 0.578125 0.195312 0.564453 0.195312 0.562500 0.193359 0.550781 0.193359 0.548828 0.191406 0.535156 0.191406 0.533203 0.189453 0.447266 0.189453 0.445312 0.187500
2 0.826172 0.000000 0.826172 0.001953 0.824219 0.003906 0.824219 0.044922 0.822266 0.046875 0.822266 0.062500 0.820312 0.064453 0.820312 0.085938 0.822266 0.087891 0.822266 0.105469 0.820312 0.107422 0.820312 0.121094 0.818359 0.123047 0.820312 0.125000 0.820312 0.140625 0.822266 0.142578 0.822266 0.169922 0.824219 0.171875 0.824219 0.199219 0.826172 0.201172 0.826172 0.228516 0.828125 0.230469 0.828125 0.277344 0.830078 0.275391 0.832031 0.275391 0.833984 0.273438 0.835938 0.275391 0.837891 0.275391 0.839844 0.277344 0.841797 0.277344 0.843750 0.279297 0.845703 0.279297 0.847656 0.281250 0.849609 0.281250 0.851562 0.283203 0.853516 0.283203 0.855469 0.285156 0.857422 0.285156 0.861328 0.289062 0.863281 0.289062 0.865234 0.291016 0.867188 0.291016 0.869141 0.292969 0.871094 0.292969 0.873047 0.294922 0.875000 0.294922 0.876953 0.296875 0.878906 0.296875 0.882812 0.300781 0.884766 0.300781 0.886719 0.302734 0.888672 0.302734 0.890625 0.304688 0.892578 0.304688 0.894531 0.306641 0.896484 0.306641 0.898438 0.308594 0.900391 0.308594 0.902344 0.310547 0.904297 0.310547 0.906250 0.312500 0.908203 0.312500 0.910156 0.314453 0.912109 0.314453 0.916016 0.318359 0.917969 0.318359 0.919922 0.320312 0.921875 0.320312 0.923828 0.322266 0.925781 0.322266 0.929688 0.326172 0.921875 0.333984 0.916016 0.333984 0.914062 0.332031 0.898438 0.332031 0.896484 0.330078 0.878906 0.330078 0.876953 0.328125 0.861328 0.328125 0.859375 0.326172 0.849609 0.326172 0.847656 0.328125 0.847656 0.333984 0.845703 0.335938 0.845703 0.341797 0.843750 0.343750 0.843750 0.349609 0.841797 0.351562 0.841797 0.355469 0.837891 0.359375 0.837891 0.363281 0.835938 0.365234 0.835938 0.371094 0.833984 0.373047 0.833984 0.376953 0.832031 0.378906 0.832031 0.384766 0.830078 0.386719 0.830078 0.390625 0.824219 0.396484 0.822266 0.396484 0.818359 0.392578 0.818359 0.390625 0.814453 0.386719 0.812500 0.386719 0.810547 0.384766 0.808594 0.384766 0.806641 0.382812 0.804688 0.382812 0.802734 0.380859 0.800781 0.380859 0.794922 0.375000 0.794922 0.373047 0.792969 0.371094 0.792969 0.369141 0.791016 0.369141 0.775391 0.353516 0.773438 0.353516 0.771484 0.351562 0.769531 0.351562 0.765625 0.347656 0.753906 0.359375 0.751953 0.359375 0.750000 0.357422 0.738281 0.357422 0.732422 0.351562 0.732422 0.349609 0.730469 0.347656 0.730469 0.339844 0.728516 0.337891 0.728516 0.335938 0.726562 0.335938 0.722656 0.339844 0.718750 0.339844 0.716797 0.341797 0.714844 0.341797 0.712891 0.339844 0.710938 0.339844 0.705078 0.333984 0.703125 0.333984 0.697266 0.328125 0.697266 0.324219 0.691406 0.324219 0.689453 0.322266 0.687500 0.322266 0.683594 0.318359 0.683594 0.316406 0.681641 0.314453 0.677734 0.314453 0.673828 0.318359 0.671875 0.318359 0.669922 0.316406 0.667969 0.316406 0.666016 0.314453 0.664062 0.314453 0.662109 0.312500 0.654297 0.312500 0.652344 0.310547 0.652344 0.291016 0.650391 0.289062 0.648438 0.289062 0.646484 0.287109 0.644531 0.287109 0.640625 0.283203 0.638672 0.283203 0.636719 0.285156 0.636719 0.287109 0.632812 0.291016 0.626953 0.291016 0.623047 0.287109 0.623047 0.283203 0.621094 0.281250 0.621094 0.277344 0.619141 0.277344 0.617188 0.275391 0.615234 0.277344 0.613281 0.277344 0.611328 0.279297 0.609375 0.279297 0.607422 0.281250 0.589844 0.281250 0.587891 0.279297 0.587891 0.273438 0.585938 0.271484 0.585938 0.265625 0.582031 0.261719 0.580078 0.261719 0.578125 0.259766 0.574219 0.259766 0.572266 0.257812 0.568359 0.257812 0.568359 0.259766 0.564453 0.263672 0.562500 0.263672 0.558594 0.267578 0.552734 0.267578 0.550781 0.269531 0.546875 0.269531 0.541016 0.275391 0.541016 0.277344 0.544922 0.281250 0.544922 0.283203 0.546875 0.285156 0.546875 0.287109 0.558594 0.287109 0.560547 0.289062 0.560547 0.291016 0.562500 0.291016 0.564453 0.292969 0.570312 0.292969 0.572266 0.294922 0.578125 0.294922 0.580078 0.296875 0.582031 0.296875 0.583984 0.298828 0.585938 0.298828 0.587891 0.300781 0.587891 0.302734 0.585938 0.304688 0.585938 0.308594 0.583984 0.310547 0.583984 0.314453 0.582031 0.316406 0.582031 0.320312 0.580078 0.322266 0.580078 0.326172 0.578125 0.328125 0.578125 0.332031 0.576172 0.333984 0.574219 0.333984 0.568359 0.328125 0.566406 0.328125 0.564453 0.326172 0.562500 0.326172 0.560547 0.324219 0.558594 0.324219 0.556641 0.322266 0.554688 0.322266 0.552734 0.320312 0.539062 0.320312 0.535156 0.324219 0.535156 0.326172 0.533203 0.328125 0.517578 0.328125 0.515625 0.326172 0.509766 0.326172 0.507812 0.324219 0.500000 0.324219 0.496094 0.320312 0.496094 0.314453 0.498047 0.312500 0.498047 0.304688 0.500000 0.302734 0.500000 0.285156 0.501953 0.283203 0.501953 0.275391 0.498047 0.275391 0.496094 0.273438 0.492188 0.273438 0.488281 0.269531 0.488281 0.265625 0.486328 0.263672 0.486328 0.261719 0.484375 0.259766 0.484375 0.257812 0.482422 0.255859 0.480469 0.255859 0.478516 0.253906 0.460938 0.253906 0.458984 0.255859 0.435547 0.255859 0.433594 0.257812 0.435547 0.259766 0.435547 0.261719 0.437500 0.263672 0.437500 0.265625 0.433594 0.269531 0.431641 0.269531 0.419922 0.281250 0.412109 0.281250 0.412109 0.298828 0.414062 0.298828 0.417969 0.302734 0.421875 0.302734 0.423828 0.304688 0.429688 0.304688 0.431641 0.306641 0.457031 0.306641 0.458984 0.308594 0.468750 0.308594 0.470703 0.310547 0.472656 0.310547 0.486328 0.324219 0.488281 0.324219 0.490234 0.326172 0.492188 0.326172 0.494141 0.328125 0.496094 0.328125 0.501953 0.333984 0.501953 0.343750 0.503906 0.345703 0.503906 0.347656 0.507812 0.351562 0.503906 0.355469 0.501953 0.355469 0.498047 0.359375 0.496094 0.359375 0.484375 0.371094 0.486328 0.371094 0.490234 0.375000 0.494141 0.375000 0.498047 0.378906 0.498047 0.380859 0.500000 0.382812 0.500000 0.384766 0.501953 0.386719 0.501953 0.392578 0.505859 0.392578 0.507812 0.394531 0.509766 0.394531 0.525391 0.378906 0.529297 0.378906 0.539062 0.388672 0.539062 0.390625 0.541016 0.392578 0.542969 0.390625 0.542969 0.380859 0.544922 0.378906 0.544922 0.369141 0.546875 0.367188 0.546875 0.351562 0.550781 0.347656 0.554688 0.347656 0.556641 0.349609 0.558594 0.349609 0.560547 0.351562 0.562500 0.351562 0.564453 0.353516 0.566406 0.353516 0.568359 0.355469 0.570312 0.355469 0.572266 0.357422 0.574219 0.357422 0.576172 0.359375 0.578125 0.359375 0.580078 0.361328 0.582031 0.361328 0.583984 0.363281 0.585938 0.363281 0.587891 0.365234 0.589844 0.365234 0.591797 0.367188 0.593750 0.367188 0.595703 0.369141 0.597656 0.369141 0.599609 0.371094 0.601562 0.371094 0.603516 0.373047 0.605469 0.373047 0.607422 0.375000 0.611328 0.375000 0.613281 0.376953 0.615234 0.376953 0.617188 0.378906 0.619141 0.378906 0.621094 0.380859 0.623047 0.380859 0.625000 0.382812 0.626953 0.382812 0.628906 0.384766 0.630859 0.384766 0.632812 0.386719 0.634766 0.386719 0.636719 0.388672 0.638672 0.388672 0.640625 0.390625 0.642578 0.390625 0.644531 0.392578 0.646484 0.392578 0.648438 0.394531 0.650391 0.394531 0.652344 0.396484 0.654297 0.396484 0.656250 0.398438 0.658203 0.398438 0.660156 0.400391 0.662109 0.400391 0.664062 0.402344 0.666016 0.402344 0.667969 0.404297 0.667969 0.406250 0.669922 0.408203 0.669922 0.421875 0.667969 0.423828 0.667969 0.433594 0.669922 0.433594 0.671875 0.435547 0.675781 0.435547 0.677734 0.437500 0.681641 0.437500 0.685547 0.441406 0.685547 0.462891 0.683594 0.464844 0.683594 0.468750 0.681641 0.470703 0.681641 0.472656 0.679688 0.474609 0.679688 0.478516 0.677734 0.480469 0.677734 0.482422 0.675781 0.484375 0.675781 0.486328 0.671875 0.490234 0.669922 0.488281 0.669922 0.486328 0.664062 0.480469 0.662109 0.482422 0.660156 0.482422 0.660156 0.484375 0.656250 0.488281 0.656250 0.492188 0.654297 0.494141 0.654297 0.503906 0.652344 0.505859 0.652344 0.515625 0.650391 0.517578 0.650391 0.527344 0.648438 0.529297 0.648438 0.533203 0.646484 0.535156 0.642578 0.535156 0.642578 0.537109 0.640625 0.539062 0.640625 0.541016 0.636719 0.544922 0.636719 0.546875 0.619141 0.564453 0.619141 0.566406 0.615234 0.570312 0.613281 0.568359 0.607422 0.568359 0.605469 0.566406 0.601562 0.566406 0.599609 0.564453 0.597656 0.564453 0.595703 0.566406 0.591797 0.566406 0.589844 0.564453 0.589844 0.556641 0.591797 0.554688 0.591797 0.539062 0.593750 0.537109 0.595703 0.537109 0.601562 0.531250 0.603516 0.531250 0.609375 0.525391 0.609375 0.521484 0.607422 0.521484 0.605469 0.519531 0.601562 0.519531 0.599609 0.517578 0.597656 0.517578 0.595703 0.515625 0.591797 0.515625 0.589844 0.513672 0.587891 0.513672 0.585938 0.511719 0.582031 0.511719 0.580078 0.509766 0.578125 0.509766 0.576172 0.507812 0.574219 0.507812 0.572266 0.505859 0.568359 0.505859 0.566406 0.503906 0.564453 0.503906 0.562500 0.501953 0.560547 0.501953 0.558594 0.500000 0.556641 0.500000 0.554688 0.498047 0.548828 0.498047 0.546875 0.496094 0.544922 0.496094 0.542969 0.494141 0.539062 0.494141 0.537109 0.492188 0.535156 0.492188 0.533203 0.490234 0.531250 0.490234 0.529297 0.488281 0.527344 0.488281 0.521484 0.482422 0.523438 0.480469 0.523438 0.474609 0.525391 0.472656 0.525391 0.462891 0.527344 0.460938 0.527344 0.447266 0.521484 0.447266 0.519531 0.445312 0.517578 0.445312 0.507812 0.435547 0.507812 0.433594 0.505859 0.431641 0.505859 0.425781 0.503906 0.423828 0.503906 0.417969 0.501953 0.416016 0.501953 0.414062 0.500000 0.412109 0.500000 0.410156 0.498047 0.410156 0.498047 0.421875 0.496094 0.423828 0.496094 0.435547 0.494141 0.437500 0.492188 0.437500 0.490234 0.435547 0.482422 0.435547 0.480469 0.433594 0.476562 0.433594 0.476562 0.443359 0.474609 0.445312 0.474609 0.455078 0.476562 0.457031 0.476562 0.460938 0.478516 0.462891 0.478516 0.476562 0.480469 0.478516 0.480469 0.486328 0.482422 0.486328 0.484375 0.488281 0.486328 0.488281 0.488281 0.490234 0.490234 0.490234 0.494141 0.494141 0.496094 0.494141 0.498047 0.496094 0.500000 0.496094 0.501953 0.498047 0.501953 0.509766 0.500000 0.511719 0.500000 0.515625 0.498047 0.517578 0.498047 0.519531 0.496094 0.521484 0.496094 0.525391 0.494141 0.527344 0.494141 0.531250 0.492188 0.533203 0.492188 0.537109 0.490234 0.539062 0.490234 0.542969 0.488281 0.544922 0.488281 0.546875 0.486328 0.548828 0.486328 0.552734 0.484375 0.554688 0.484375 0.568359 0.486328 0.570312 0.486328 0.582031 0.488281 0.583984 0.488281 0.587891 0.490234 0.589844 0.490234 0.595703 0.492188 0.597656 0.492188 0.599609 0.498047 0.605469 0.498047 0.607422 0.500000 0.607422 0.501953 0.609375 0.505859 0.609375 0.507812 0.611328 0.519531 0.611328 0.521484 0.613281 0.527344 0.613281 0.527344 0.611328 0.529297 0.609375 0.529297 0.591797 0.531250 0.589844 0.533203 0.589844 0.539062 0.595703 0.541016 0.595703 0.548828 0.603516 0.548828 0.605469 0.552734 0.609375 0.552734 0.611328 0.564453 0.623047 0.566406 0.623047 0.572266 0.628906 0.574219 0.626953 0.576172 0.626953 0.578125 0.625000 0.580078 0.625000 0.582031 0.623047 0.583984 0.623047 0.585938 0.621094 0.587891 0.621094 0.589844 0.619141 0.591797 0.619141 0.593750 0.617188 0.597656 0.617188 0.599609 0.615234 0.609375 0.615234 0.611328 0.613281 0.619141 0.613281 0.623047 0.617188 0.625000 0.617188 0.626953 0.619141 0.630859 0.619141 0.632812 0.621094 0.642578 0.621094 0.644531 0.619141 0.650391 0.619141 0.652344 0.617188 0.658203 0.617188 0.660156 0.615234 0.664062 0.615234 0.666016 0.613281 0.669922 0.613281 0.671875 0.611328 0.677734 0.611328 0.681641 0.607422 0.683594 0.609375 0.683594 0.611328 0.681641 0.613281 0.681641 0.619141 0.679688 0.621094 0.679688 0.626953 0.671875 0.634766 0.669922 0.634766 0.662109 0.642578 0.660156 0.642578 0.654297 0.648438 0.652344 0.648438 0.650391 0.650391 0.648438 0.650391 0.642578 0.656250 0.640625 0.656250 0.638672 0.658203 0.636719 0.658203 0.636719 0.660156 0.642578 0.660156 0.644531 0.662109 0.648438 0.662109 0.650391 0.664062 0.652344 0.664062 0.654297 0.666016 0.656250 0.666016 0.658203 0.667969 0.658203 0.669922 0.660156 0.671875 0.658203 0.673828 0.658203 0.679688 0.656250 0.681641 0.656250 0.687500 0.654297 0.689453 0.654297 0.695312 0.652344 0.697266 0.652344 0.701172 0.648438 0.705078 0.644531 0.705078 0.642578 0.707031 0.634766 0.707031 0.628906 0.701172 0.628906 0.697266 0.626953 0.695312 0.626953 0.664062 0.617188 0.664062 0.615234 0.662109 0.607422 0.662109 0.605469 0.660156 0.603516 0.662109 0.603516 0.671875 0.601562 0.673828 0.601562 0.685547 0.603516 0.687500 0.601562 0.689453 0.583984 0.689453 0.583984 0.691406 0.582031 0.693359 0.582031 0.699219 0.578125 0.703125 0.576172 0.703125 0.574219 0.705078 0.572266 0.705078 0.570312 0.707031 0.568359 0.707031 0.566406 0.708984 0.556641 0.708984 0.554688 0.707031 0.550781 0.707031 0.550781 0.710938 0.552734 0.712891 0.552734 0.716797 0.558594 0.722656 0.562500 0.722656 0.564453 0.724609 0.568359 0.724609 0.570312 0.726562 0.572266 0.726562 0.574219 0.728516 0.576172 0.728516 0.578125 0.730469 0.580078 0.730469 0.582031 0.732422 0.583984 0.732422 0.585938 0.734375 0.587891 0.732422 0.593750 0.732422 0.595703 0.734375 0.597656 0.734375 0.599609 0.736328 0.601562 0.736328 0.603516 0.738281 0.605469 0.738281 0.607422 0.740234 0.613281 0.740234 0.615234 0.742188 0.617188 0.742188 0.619141 0.744141 0.621094 0.744141 0.623047 0.746094 0.626953 0.746094 0.628906 0.748047 0.630859 0.748047 0.632812 0.750000 0.636719 0.750000 0.638672 0.751953 0.640625 0.751953 0.642578 0.753906 0.646484 0.753906 0.648438 0.755859 0.650391 0.755859 0.652344 0.757812 0.658203 0.757812 0.660156 0.759766 0.666016 0.759766 0.667969 0.761719 0.673828 0.761719 0.675781 0.763672 0.681641 0.763672 0.683594 0.765625 0.687500 0.765625 0.689453 0.767578 0.695312 0.767578 0.697266 0.769531 0.701172 0.769531 0.703125 0.771484 0.708984 0.771484 0.710938 0.773438 0.716797 0.773438 0.718750 0.775391 0.722656 0.775391 0.724609 0.777344 0.728516 0.777344 0.730469 0.779297 0.736328 0.779297 0.738281 0.781250 0.742188 0.781250 0.744141 0.783203 0.746094 0.783203 0.748047 0.785156 0.748047 0.791016 0.746094 0.792969 0.746094 0.796875 0.744141 0.798828 0.740234 0.798828 0.738281 0.796875 0.736328 0.798828 0.755859 0.818359 0.757812 0.818359 0.777344 0.837891 0.779297 0.837891 0.781250 0.839844 0.785156 0.839844 0.787109 0.841797 0.791016 0.841797 0.792969 0.843750 0.796875 0.843750 0.798828 0.845703 0.802734 0.845703 0.804688 0.847656 0.808594 0.847656 0.810547 0.849609 0.812500 0.849609 0.833984 0.871094 0.833984 0.873047 0.839844 0.878906 0.839844 0.880859 0.841797 0.882812 0.847656 0.882812 0.847656 0.880859 0.853516 0.875000 0.855469 0.875000 0.861328 0.869141 0.863281 0.869141 0.865234 0.867188 0.869141 0.867188 0.871094 0.865234 0.873047 0.865234 0.875000 0.863281 0.882812 0.863281 0.884766 0.861328 0.890625 0.861328 0.892578 0.859375 0.902344 0.859375 0.904297 0.861328 0.908203 0.861328 0.910156 0.863281 0.919922 0.863281 0.921875 0.865234 0.929688 0.865234 0.931641 0.867188 0.935547 0.867188 0.937500 0.869141 0.939453 0.869141 0.941406 0.871094 0.945312 0.871094 0.947266 0.873047 0.951172 0.873047 0.953125 0.875000 0.957031 0.875000 0.958984 0.876953 0.962891 0.876953 0.964844 0.878906 0.966797 0.878906 0.968750 0.880859 0.972656 0.880859 0.974609 0.882812 0.978516 0.882812 0.980469 0.884766 0.984375 0.884766 0.986328 0.886719 0.988281 0.886719 0.990234 0.888672 0.994141 0.888672 0.996094 0.890625 0.998047 0.890625 0.998047 0.000000
3 0.472656 0.685547 0.470703 0.687500 0.470703 0.693359 0.472656 0.695312 0.472656 0.697266 0.480469 0.705078 0.482422 0.705078 0.488281 0.710938 0.490234 0.710938 0.492188 0.712891 0.496094 0.712891 0.498047 0.714844 0.501953 0.714844 0.503906 0.716797 0.507812 0.716797 0.509766 0.718750 0.513672 0.718750 0.515625 0.720703 0.519531 0.720703 0.521484 0.722656 0.525391 0.722656 0.527344 0.724609 0.529297 0.724609 0.531250 0.726562 0.535156 0.726562 0.537109 0.728516 0.541016 0.728516 0.542969 0.730469 0.546875 0.730469 0.548828 0.732422 0.550781 0.732422 0.552734 0.734375 0.556641 0.734375 0.558594 0.736328 0.562500 0.736328 0.564453 0.738281 0.568359 0.738281 0.570312 0.740234 0.574219 0.740234 0.576172 0.742188 0.578125 0.742188 0.580078 0.744141 0.583984 0.744141 0.585938 0.746094 0.589844 0.746094 0.591797 0.748047 0.595703 0.748047 0.597656 0.750000 0.599609 0.750000 0.601562 0.751953 0.605469 0.751953 0.607422 0.753906 0.611328 0.753906 0.613281 0.755859 0.617188 0.755859 0.619141 0.757812 0.621094 0.757812 0.623047 0.759766 0.626953 0.759766 0.628906 0.761719 0.632812 0.761719 0.634766 0.763672 0.636719 0.763672 0.638672 0.765625 0.642578 0.765625 0.644531 0.767578 0.648438 0.767578 0.650391 0.769531 0.652344 0.769531 0.654297 0.771484 0.658203 0.771484 0.660156 0.773438 0.662109 0.773438 0.664062 0.775391 0.667969 0.775391 0.669922 0.777344 0.673828 0.777344 0.675781 0.779297 0.677734 0.779297 0.679688 0.781250 0.683594 0.781250 0.685547 0.783203 0.691406 0.783203 0.693359 0.785156 0.701172 0.785156 0.703125 0.787109 0.710938 0.787109 0.712891 0.789062 0.718750 0.789062 0.720703 0.791016 0.724609 0.791016 0.726562 0.792969 0.728516 0.792969 0.732422 0.796875 0.736328 0.796875 0.738281 0.794922 0.740234 0.796875 0.744141 0.796875 0.744141 0.792969 0.746094 0.791016 0.746094 0.785156 0.744141 0.785156 0.742188 0.783203 0.738281 0.783203 0.736328 0.781250 0.730469 0.781250 0.728516 0.779297 0.724609 0.779297 0.722656 0.777344 0.718750 0.777344 0.716797 0.775391 0.710938 0.775391 0.708984 0.773438 0.703125 0.773438 0.701172 0.771484 0.697266 0.771484 0.695312 0.769531 0.689453 0.769531 0.687500 0.767578 0.683594 0.767578 0.681641 0.765625 0.675781 0.765625 0.673828 0.763672 0.667969 0.763672 0.666016 0.761719 0.660156 0.761719 0.658203 0.759766 0.652344 0.759766 0.650391 0.757812 0.648438 0.757812 0.646484 0.755859 0.642578 0.755859 0.640625 0.753906 0.638672 0.753906 0.636719 0.751953 0.632812 0.751953 0.630859 0.750000 0.628906 0.750000 0.626953 0.748047 0.623047 0.748047 0.621094 0.746094 0.619141 0.746094 0.617188 0.744141 0.615234 0.744141 0.613281 0.742188 0.607422 0.742188 0.605469 0.740234 0.603516 0.740234 0.601562 0.738281 0.599609 0.738281 0.597656 0.736328 0.595703 0.736328 0.593750 0.734375 0.587891 0.734375 0.585938 0.736328 0.583984 0.734375 0.582031 0.734375 0.580078 0.732422 0.578125 0.732422 0.576172 0.730469 0.574219 0.730469 0.572266 0.728516 0.570312 0.728516 0.568359 0.726562 0.564453 0.726562 0.562500 0.724609 0.558594 0.724609 0.550781 0.716797 0.550781 0.712891 0.548828 0.710938 0.548828 0.707031 0.546875 0.705078 0.546875 0.703125 0.544922 0.701172 0.539062 0.701172 0.537109 0.699219 0.533203 0.699219 0.531250 0.697266 0.527344 0.697266 0.525391 0.695312 0.521484 0.695312 0.519531 0.697266 0.509766 0.697266 0.507812 0.695312 0.503906 0.695312 0.501953 0.693359 0.500000 0.693359 0.496094 0.689453 0.494141 0.689453 0.492188 0.687500 0.490234 0.687500 0.488281 0.685547
3 0.439453 0.628906 0.437500 0.630859 0.425781 0.630859 0.423828 0.632812 0.419922 0.632812 0.417969 0.634766 0.416016 0.634766 0.414062 0.636719 0.412109 0.636719 0.410156 0.638672 0.408203 0.638672 0.404297 0.642578 0.402344 0.642578 0.400391 0.644531 0.398438 0.644531 0.394531 0.648438 0.376953 0.648438 0.371094 0.654297 0.369141 0.654297 0.369141 0.660156 0.367188 0.662109 0.367188 0.666016 0.361328 0.671875 0.359375 0.671875 0.359375 0.673828 0.357422 0.675781 0.357422 0.681641 0.359375 0.683594 0.359375 0.689453 0.361328 0.691406 0.371094 0.691406 0.373047 0.693359 0.376953 0.693359 0.380859 0.697266 0.380859 0.701172 0.382812 0.703125 0.382812 0.705078 0.380859 0.707031 0.380859 0.710938 0.378906 0.712891 0.378906 0.716797 0.376953 0.718750 0.376953 0.720703 0.375000 0.722656 0.375000 0.724609 0.373047 0.726562 0.373047 0.728516 0.375000 0.728516 0.376953 0.726562 0.378906 0.726562 0.380859 0.724609 0.382812 0.724609 0.384766 0.726562 0.386719 0.724609 0.388672 0.724609 0.390625 0.722656 0.392578 0.722656 0.394531 0.720703 0.398438 0.720703 0.400391 0.718750 0.402344 0.718750 0.404297 0.716797 0.406250 0.716797 0.408203 0.714844 0.410156 0.714844 0.412109 0.712891 0.417969 0.712891 0.419922 0.710938 0.425781 0.710938 0.427734 0.708984 0.433594 0.708984 0.435547 0.707031 0.441406 0.707031 0.443359 0.705078 0.447266 0.705078 0.449219 0.703125 0.449219 0.701172 0.464844 0.685547 0.460938 0.681641 0.460938 0.679688 0.458984 0.677734 0.458984 0.673828 0.457031 0.671875 0.453125 0.671875 0.447266 0.666016 0.447266 0.664062 0.445312 0.662109 0.445312 0.660156 0.443359 0.658203 0.443359 0.656250 0.441406 0.654297 0.441406 0.650391 0.443359 0.648438 0.443359 0.644531 0.445312 0.642578 0.445312 0.638672 0.447266 0.636719 0.447266 0.630859 0.445312 0.628906
3 0.578125 0.566406 0.576172 0.568359 0.574219 0.568359 0.574219 0.570312 0.572266 0.572266 0.572266 0.576172 0.570312 0.578125 0.570312 0.580078 0.568359 0.582031 0.568359 0.583984 0.566406 0.585938 0.566406 0.589844 0.564453 0.591797 0.568359 0.591797 0.570312 0.593750 0.572266 0.593750 0.574219 0.595703 0.580078 0.595703 0.582031 0.593750 0.582031 0.583984 0.583984 0.582031 0.583984 0.572266 0.585938 0.570312 0.585938 0.566406
3 0.695312 0.533203 0.695312 0.539062 0.693359 0.541016 0.693359 0.554688 0.691406 0.556641 0.691406 0.566406 0.689453 0.568359 0.689453 0.580078 0.687500 0.582031 0.687500 0.591797 0.685547 0.593750 0.685547 0.599609 0.687500 0.601562 0.693359 0.601562 0.695312 0.603516 0.699219 0.603516 0.699219 0.601562 0.701172 0.599609 0.701172 0.597656 0.703125 0.595703 0.703125 0.591797 0.705078 0.589844 0.705078 0.585938 0.703125 0.583984 0.703125 0.576172 0.701172 0.574219 0.701172 0.564453 0.699219 0.562500 0.699219 0.558594 0.703125 0.554688 0.705078 0.554688 0.708984 0.550781 0.708984 0.546875 0.710938 0.544922 0.710938 0.539062 0.708984 0.539062 0.703125 0.533203
3 0.439453 0.505859 0.435547 0.509766 0.435547 0.529297 0.433594 0.531250 0.433594 0.539062 0.435547 0.541016 0.435547 0.548828 0.437500 0.550781 0.437500 0.560547 0.439453 0.562500 0.439453 0.564453 0.437500 0.566406 0.437500 0.572266 0.439453 0.574219 0.439453 0.576172 0.441406 0.578125 0.441406 0.580078 0.443359 0.580078 0.445312 0.578125 0.447266 0.578125 0.449219 0.576172 0.453125 0.580078 0.453125 0.582031 0.455078 0.582031 0.455078 0.548828 0.457031 0.546875 0.457031 0.519531 0.458984 0.517578 0.458984 0.511719 0.453125 0.511719 0.451172 0.513672 0.443359 0.505859
3 0.773438 0.462891 0.767578 0.468750 0.767578 0.470703 0.765625 0.472656 0.765625 0.474609 0.763672 0.476562 0.763672 0.484375 0.761719 0.486328 0.761719 0.494141 0.759766 0.496094 0.759766 0.498047 0.757812 0.500000 0.757812 0.505859 0.755859 0.507812 0.755859 0.509766 0.753906 0.511719 0.753906 0.515625 0.751953 0.517578 0.751953 0.521484 0.750000 0.523438 0.750000 0.535156 0.748047 0.537109 0.748047 0.550781 0.746094 0.552734 0.746094 0.560547 0.744141 0.562500 0.744141 0.574219 0.750000 0.580078 0.750000 0.582031 0.751953 0.583984 0.753906 0.583984 0.759766 0.589844 0.761719 0.589844 0.763672 0.591797 0.765625 0.591797 0.769531 0.595703 0.771484 0.595703 0.773438 0.593750 0.775391 0.593750 0.779297 0.589844 0.779297 0.587891 0.781250 0.585938 0.781250 0.580078 0.783203 0.578125 0.783203 0.566406 0.785156 0.564453 0.785156 0.554688 0.787109 0.552734 0.787109 0.541016 0.789062 0.539062 0.789062 0.527344 0.791016 0.525391 0.791016 0.519531 0.792969 0.517578 0.792969 0.513672 0.794922 0.511719 0.794922 0.507812 0.796875 0.505859 0.796875 0.500000 0.794922 0.498047 0.794922 0.490234 0.792969 0.488281 0.792969 0.478516 0.791016 0.476562 0.791016 0.470703 0.789062 0.468750 0.787109 0.468750 0.785156 0.466797 0.783203 0.466797 0.779297 0.462891
3 0.806641 0.349609 0.802734 0.353516 0.802734 0.355469 0.796875 0.361328 0.796875 0.363281 0.794922 0.365234 0.794922 0.371094 0.796875 0.373047 0.796875 0.375000 0.800781 0.378906 0.802734 0.378906 0.804688 0.380859 0.806641 0.380859 0.808594 0.382812 0.810547 0.382812 0.812500 0.384766 0.814453 0.384766 0.820312 0.390625 0.820312 0.392578 0.822266 0.394531 0.824219 0.394531 0.828125 0.390625 0.828125 0.386719 0.830078 0.384766 0.830078 0.378906 0.832031 0.376953 0.832031 0.373047 0.833984 0.371094 0.833984 0.365234 0.835938 0.363281 0.835938 0.357422 0.832031 0.357422 0.830078 0.355469 0.824219 0.355469 0.822266 0.353516 0.818359 0.353516 0.816406 0.351562 0.812500 0.351562 0.810547 0.349609
3 0.550781 0.349609 0.548828 0.351562 0.548828 0.367188 0.546875 0.369141 0.546875 0.378906 0.544922 0.380859 0.544922 0.390625 0.542969 0.392578 0.542969 0.396484 0.546875 0.400391 0.546875 0.402344 0.544922 0.404297 0.544922 0.408203 0.542969 0.410156 0.542969 0.412109 0.541016 0.414062 0.541016 0.417969 0.539062 0.419922 0.539062 0.427734 0.537109 0.429688 0.537109 0.433594 0.535156 0.435547 0.535156 0.439453 0.529297 0.445312 0.529297 0.460938 0.527344 0.462891 0.527344 0.472656 0.525391 0.474609 0.525391 0.480469 0.523438 0.482422 0.527344 0.486328 0.529297 0.486328 0.531250 0.488281 0.533203 0.488281 0.535156 0.490234 0.537109 0.490234 0.539062 0.492188 0.542969 0.492188 0.544922 0.494141 0.546875 0.494141 0.548828 0.496094 0.554688 0.496094 0.556641 0.498047 0.558594 0.498047 0.560547 0.500000 0.562500 0.500000 0.564453 0.501953 0.566406 0.501953 0.568359 0.503906 0.572266 0.503906 0.574219 0.505859 0.576172 0.505859 0.578125 0.507812 0.580078 0.507812 0.582031 0.509766 0.585938 0.509766 0.587891 0.511719 0.589844 0.511719 0.591797 0.513672 0.595703 0.513672 0.597656 0.515625 0.599609 0.515625 0.601562 0.517578 0.605469 0.517578 0.607422 0.519531 0.609375 0.519531 0.611328 0.521484 0.621094 0.521484 0.623047 0.523438 0.626953 0.523438 0.628906 0.525391 0.630859 0.525391 0.632812 0.527344 0.636719 0.527344 0.638672 0.529297 0.640625 0.529297 0.644531 0.533203 0.646484 0.533203 0.646484 0.529297 0.648438 0.527344 0.648438 0.517578 0.650391 0.515625 0.650391 0.505859 0.652344 0.503906 0.652344 0.494141 0.654297 0.492188 0.654297 0.488281 0.658203 0.484375 0.658203 0.476562 0.656250 0.474609 0.656250 0.470703 0.658203 0.468750 0.658203 0.460938 0.660156 0.458984 0.660156 0.451172 0.662109 0.449219 0.662109 0.441406 0.664062 0.439453 0.664062 0.435547 0.666016 0.433594 0.666016 0.423828 0.667969 0.421875 0.667969 0.408203 0.666016 0.406250 0.666016 0.404297 0.664062 0.404297 0.662109 0.402344 0.660156 0.402344 0.658203 0.400391 0.656250 0.400391 0.654297 0.398438 0.652344 0.398438 0.650391 0.396484 0.648438 0.396484 0.646484 0.394531 0.644531 0.394531 0.642578 0.392578 0.640625 0.392578 0.638672 0.390625 0.636719 0.390625 0.634766 0.388672 0.632812 0.388672 0.630859 0.386719 0.628906 0.386719 0.626953 0.384766 0.625000 0.384766 0.623047 0.382812 0.621094 0.382812 0.619141 0.380859 0.617188 0.380859 0.615234 0.378906 0.613281 0.378906 0.611328 0.376953 0.607422 0.376953 0.605469 0.375000 0.603516 0.375000 0.601562 0.373047 0.599609 0.373047 0.597656 0.371094 0.595703 0.371094 0.593750 0.369141 0.591797 0.369141 0.589844 0.367188 0.587891 0.367188 0.585938 0.365234 0.583984 0.365234 0.582031 0.363281 0.580078 0.363281 0.578125 0.361328 0.576172 0.361328 0.574219 0.359375 0.572266 0.359375 0.570312 0.357422 0.568359 0.357422 0.566406 0.355469 0.564453 0.355469 0.562500 0.353516 0.560547 0.353516 0.558594 0.351562 0.556641 0.351562 0.554688 0.349609
3 0.515625 0.271484 0.513672 0.273438 0.509766 0.273438 0.507812 0.275391 0.505859 0.275391 0.503906 0.277344 0.503906 0.283203 0.501953 0.285156 0.501953 0.302734 0.500000 0.304688 0.500000 0.312500 0.498047 0.314453 0.498047 0.320312 0.500000 0.322266 0.507812 0.322266 0.509766 0.324219 0.515625 0.324219 0.517578 0.326172 0.533203 0.326172 0.533203 0.324219 0.537109 0.320312 0.537109 0.314453 0.539062 0.312500 0.539062 0.306641 0.541016 0.304688 0.541016 0.302734 0.542969 0.300781 0.542969 0.296875 0.544922 0.294922 0.544922 0.285156 0.542969 0.283203 0.542969 0.281250 0.539062 0.277344 0.539062 0.275391 0.537109 0.275391 0.535156 0.273438 0.523438 0.273438 0.521484 0.271484
5 0.470703 0.695312 0.460938 0.705078 0.460938 0.708984 0.462891 0.710938 0.462891 0.716797 0.464844 0.718750 0.464844 0.724609 0.466797 0.726562 0.466797 0.732422 0.468750 0.734375 0.468750 0.742188 0.470703 0.744141 0.470703 0.750000 0.472656 0.751953 0.472656 0.757812 0.474609 0.759766 0.474609 0.765625 0.476562 0.767578 0.476562 0.773438 0.478516 0.775391 0.478516 0.783203 0.480469 0.785156 0.480469 0.791016 0.482422 0.792969 0.482422 0.798828 0.484375 0.800781 0.484375 0.806641 0.486328 0.808594 0.486328 0.816406 0.488281 0.818359 0.488281 0.824219 0.490234 0.826172 0.490234 0.832031 0.492188 0.833984 0.492188 0.839844 0.494141 0.841797 0.494141 0.847656 0.496094 0.849609 0.496094 0.857422 0.498047 0.859375 0.498047 0.865234 0.500000 0.867188 0.500000 0.873047 0.501953 0.875000 0.501953 0.880859 0.503906 0.882812 0.503906 0.890625 0.505859 0.892578 0.505859 0.898438 0.507812 0.900391 0.507812 0.906250 0.509766 0.908203 0.509766 0.914062 0.511719 0.916016 0.511719 0.921875 0.513672 0.923828 0.513672 0.931641 0.515625 0.933594 0.515625 0.939453 0.517578 0.941406 0.517578 0.947266 0.519531 0.949219 0.519531 0.955078 0.521484 0.957031 0.521484 0.960938 0.523438 0.960938 0.525391 0.962891 0.529297 0.962891 0.531250 0.964844 0.539062 0.964844 0.541016 0.966797 0.550781 0.966797 0.556641 0.972656 0.556641 0.974609 0.564453 0.982422 0.564453 0.984375 0.572266 0.992188 0.572266 0.994141 0.574219 0.996094 0.574219 0.998047 0.998047 0.998047 0.998047 0.892578 0.996094 0.892578 0.994141 0.890625 0.990234 0.890625 0.988281 0.888672 0.986328 0.888672 0.984375 0.886719 0.980469 0.886719 0.978516 0.884766 0.974609 0.884766 0.972656 0.882812 0.968750 0.882812 0.966797 0.880859 0.964844 0.880859 0.962891 0.878906 0.958984 0.878906 0.957031 0.876953 0.953125 0.876953 0.951172 0.875000 0.947266 0.875000 0.945312 0.873047 0.941406 0.873047 0.939453 0.871094 0.937500 0.871094 0.935547 0.869141 0.931641 0.869141 0.929688 0.867188 0.921875 0.867188 0.919922 0.865234 0.910156 0.865234 0.908203 0.863281 0.904297 0.863281 0.902344 0.861328 0.892578 0.861328 0.890625 0.863281 0.884766 0.863281 0.882812 0.865234 0.875000 0.865234 0.873047 0.867188 0.871094 0.867188 0.869141 0.869141 0.865234 0.869141 0.863281 0.871094 0.861328 0.871094 0.855469 0.876953 0.853516 0.876953 0.849609 0.880859 0.849609 0.882812 0.847656 0.884766 0.841797 0.884766 0.837891 0.880859 0.837891 0.878906 0.832031 0.873047 0.832031 0.871094 0.812500 0.851562 0.810547 0.851562 0.808594 0.849609 0.804688 0.849609 0.802734 0.847656 0.798828 0.847656 0.796875 0.845703 0.792969 0.845703 0.791016 0.843750 0.787109 0.843750 0.785156 0.841797 0.781250 0.841797 0.779297 0.839844 0.777344 0.839844 0.757812 0.820312 0.755859 0.820312 0.734375 0.798828 0.732422 0.798828 0.728516 0.794922 0.726562 0.794922 0.724609 0.792969 0.720703 0.792969 0.718750 0.791016 0.712891 0.791016 0.710938 0.789062 0.703125 0.789062 0.701172 0.787109 0.693359 0.787109 0.691406 0.785156 0.685547 0.785156 0.683594 0.783203 0.679688 0.783203 0.677734 0.781250 0.675781 0.781250 0.673828 0.779297 0.669922 0.779297 0.667969 0.777344 0.664062 0.777344 0.662109 0.775391 0.660156 0.775391 0.658203 0.773438 0.654297 0.773438 0.652344 0.771484 0.650391 0.771484 0.648438 0.769531 0.644531 0.769531 0.642578 0.767578 0.638672 0.767578 0.636719 0.765625 0.634766 0.765625 0.632812 0.763672 0.628906 0.763672 0.626953 0.761719 0.623047 0.761719 0.621094 0.759766 0.619141 0.759766 0.617188 0.757812 0.613281 0.757812 0.611328 0.755859 0.607422 0.755859 0.605469 0.753906 0.601562 0.753906 0.599609 0.751953 0.597656 0.751953 0.595703 0.750000 0.591797 0.750000 0.589844 0.748047 0.585938 0.748047 0.583984 0.746094 0.580078 0.746094 0.578125 0.744141 0.576172 0.744141 0.574219 0.742188 0.570312 0.742188 0.568359 0.740234 0.564453 0.740234 0.562500 0.738281 0.558594 0.738281 0.556641 0.736328 0.552734 0.736328 0.550781 0.734375 0.548828 0.734375 0.546875 0.732422 0.542969 0.732422 0.541016 0.730469 0.537109 0.730469 0.535156 0.728516 0.531250 0.728516 0.529297 0.726562 0.527344 0.726562 0.525391 0.724609 0.521484 0.724609 0.519531 0.722656 0.515625 0.722656 0.513672 0.720703 0.509766 0.720703 0.507812 0.718750 0.503906 0.718750 0.501953 0.716797 0.498047 0.716797 0.496094 0.714844 0.492188 0.714844 0.490234 0.712891 0.488281 0.712891 0.482422 0.707031 0.480469 0.707031 0.470703 0.697266
5 0.312500 0.000000 0.312500 0.015625 0.314453 0.017578 0.314453 0.023438 0.312500 0.025391 0.312500 0.035156 0.314453 0.037109 0.314453 0.074219 0.316406 0.076172 0.316406 0.093750 0.314453 0.095703 0.314453 0.099609 0.316406 0.101562 0.316406 0.109375 0.318359 0.111328 0.318359 0.117188 0.320312 0.119141 0.320312 0.140625 0.322266 0.142578 0.322266 0.185547 0.445312 0.185547 0.447266 0.187500 0.533203 0.187500 0.535156 0.189453 0.548828 0.189453 0.550781 0.191406 0.562500 0.191406 0.564453 0.193359 0.578125 0.193359 0.580078 0.195312 0.585938 0.195312 0.587891 0.197266 0.591797 0.197266 0.593750 0.199219 0.595703 0.199219 0.597656 0.201172 0.601562 0.201172 0.603516 0.203125 0.605469 0.203125 0.607422 0.205078 0.611328 0.205078 0.613281 0.207031 0.617188 0.207031 0.619141 0.208984 0.621094 0.208984 0.623047 0.210938 0.626953 0.210938 0.628906 0.212891 0.630859 0.212891 0.632812 0.214844 0.636719 0.214844 0.638672 0.216797 0.640625 0.216797 0.642578 0.218750 0.644531 0.218750 0.646484 0.220703 0.650391 0.220703 0.652344 0.222656 0.654297 0.222656 0.656250 0.224609 0.660156 0.224609 0.662109 0.226562 0.664062 0.226562 0.666016 0.228516 0.667969 0.228516 0.669922 0.230469 0.673828 0.230469 0.675781 0.232422 0.677734 0.232422 0.679688 0.234375 0.683594 0.234375 0.685547 0.236328 0.687500 0.236328 0.689453 0.238281 0.691406 0.238281 0.693359 0.240234 0.697266 0.240234 0.699219 0.242188 0.701172 0.242188 0.703125 0.244141 0.707031 0.244141 0.708984 0.246094 0.710938 0.246094 0.712891 0.248047 0.714844 0.248047 0.716797 0.250000 0.720703 0.250000 0.722656 0.251953 0.724609 0.251953 0.726562 0.253906 0.730469 0.253906 0.732422 0.255859 0.736328 0.255859 0.738281 0.257812 0.740234 0.257812 0.742188 0.259766 0.746094 0.259766 0.748047 0.261719 0.751953 0.261719 0.753906 0.263672 0.755859 0.263672 0.757812 0.265625 0.761719 0.265625 0.763672 0.267578 0.767578 0.267578 0.769531 0.269531 0.775391 0.269531 0.777344 0.271484 0.781250 0.271484 0.783203 0.273438 0.787109 0.273438 0.789062 0.275391 0.794922 0.275391 0.796875 0.277344 0.808594 0.277344 0.810547 0.279297 0.822266 0.279297 0.824219 0.281250 0.826172 0.281250 0.828125 0.283203 0.828125 0.292969 0.830078 0.294922 0.830078 0.300781 0.832031 0.302734 0.832031 0.308594 0.830078 0.310547 0.828125 0.310547 0.826172 0.312500 0.820312 0.312500 0.818359 0.314453 0.812500 0.314453 0.810547 0.316406 0.806641 0.316406 0.804688 0.314453 0.800781 0.314453 0.798828 0.312500 0.787109 0.312500 0.783203 0.308594 0.781250 0.308594 0.779297 0.306641 0.775391 0.306641 0.773438 0.304688 0.769531 0.304688 0.767578 0.302734 0.765625 0.302734 0.763672 0.300781 0.761719 0.300781 0.759766 0.298828 0.757812 0.298828 0.755859 0.296875 0.753906 0.296875 0.751953 0.294922 0.750000 0.294922 0.748047 0.292969 0.746094 0.292969 0.744141 0.291016 0.742188 0.291016 0.740234 0.289062 0.738281 0.289062 0.736328 0.287109 0.732422 0.287109 0.730469 0.285156 0.728516 0.285156 0.726562 0.283203 0.724609 0.283203 0.722656 0.281250 0.720703 0.281250 0.718750 0.279297 0.716797 0.279297 0.714844 0.277344 0.712891 0.277344 0.710938 0.275391 0.708984 0.275391 0.707031 0.273438 0.705078 0.273438 0.703125 0.271484 0.699219 0.271484 0.697266 0.269531 0.695312 0.269531 0.693359 0.267578 0.689453 0.267578 0.687500 0.265625 0.685547 0.265625 0.683594 0.263672 0.679688 0.263672 0.677734 0.261719 0.675781 0.261719 0.673828 0.259766 0.671875 0.259766 0.669922 0.257812 0.667969 0.257812 0.666016 0.255859 0.662109 0.255859 0.660156 0.253906 0.658203 0.253906 0.656250 0.251953 0.652344 0.251953 0.650391 0.250000 0.648438 0.250000 0.646484 0.248047 0.644531 0.248047 0.642578 0.246094 0.640625 0.246094 0.638672 0.244141 0.636719 0.244141 0.634766 0.242188 0.632812 0.242188 0.630859 0.240234 0.628906 0.240234 0.626953 0.238281 0.625000 0.238281 0.623047 0.236328 0.621094 0.236328 0.619141 0.234375 0.617188 0.234375 0.615234 0.232422 0.613281 0.232422 0.611328 0.230469 0.609375 0.230469 0.607422 0.228516 0.605469 0.228516 0.603516 0.226562 0.601562 0.226562 0.599609 0.224609 0.597656 0.224609 0.595703 0.222656 0.593750 0.222656 0.591797 0.220703 0.589844 0.220703 0.587891 0.218750 0.585938 0.218750 0.583984 0.216797 0.582031 0.216797 0.580078 0.214844 0.480469 0.214844 0.478516 0.212891 0.408203 0.212891 0.406250 0.214844 0.359375 0.214844 0.357422 0.216797 0.345703 0.216797 0.343750 0.214844 0.333984 0.214844 0.332031 0.216797 0.330078 0.216797 0.328125 0.214844 0.322266 0.214844 0.320312 0.216797 0.281250 0.216797 0.279297 0.214844 0.216797 0.214844 0.214844 0.216797 0.195312 0.216797 0.193359 0.218750 0.185547 0.218750 0.183594 0.220703 0.177734 0.220703 0.175781 0.222656 0.169922 0.222656 0.167969 0.224609 0.160156 0.224609 0.158203 0.226562 0.154297 0.226562 0.152344 0.228516 0.148438 0.228516 0.146484 0.230469 0.140625 0.230469 0.138672 0.232422 0.132812 0.232422 0.130859 0.234375 0.125000 0.234375 0.123047 0.236328 0.119141 0.236328 0.117188 0.238281 0.111328 0.238281 0.109375 0.240234 0.103516 0.240234 0.101562 0.242188 0.091797 0.242188 0.089844 0.244141 0.078125 0.244141 0.076172 0.246094 0.025391 0.246094 0.023438 0.248047 0.000000 0.248047 0.000000 0.289062 0.005859 0.289062 0.007812 0.287109 0.017578 0.287109 0.019531 0.285156 0.027344 0.285156 0.029297 0.283203 0.041016 0.283203 0.042969 0.281250 0.058594 0.281250 0.060547 0.279297 0.082031 0.279297 0.083984 0.277344 0.107422 0.277344 0.109375 0.275391 0.126953 0.275391 0.128906 0.273438 0.144531 0.273438 0.146484 0.271484 0.154297 0.271484 0.158203 0.267578 0.160156 0.267578 0.162109 0.265625 0.164062 0.265625 0.166016 0.263672 0.171875 0.263672 0.173828 0.261719 0.177734 0.261719 0.179688 0.259766 0.185547 0.259766 0.187500 0.257812 0.191406 0.257812 0.193359 0.255859 0.199219 0.255859 0.201172 0.253906 0.205078 0.253906 0.207031 0.251953 0.210938 0.251953 0.212891 0.250000 0.216797 0.250000 0.218750 0.248047 0.224609 0.248047 0.226562 0.246094 0.230469 0.246094 0.232422 0.244141 0.236328 0.244141 0.238281 0.242188 0.248047 0.242188 0.250000 0.240234 0.273438 0.240234 0.275391 0.242188 0.318359 0.242188 0.320312 0.244141 0.345703 0.244141 0.347656 0.246094 0.359375 0.246094 0.361328 0.248047 0.361328 0.251953 0.363281 0.253906 0.363281 0.261719 0.365234 0.263672 0.365234 0.267578 0.367188 0.269531 0.367188 0.271484 0.369141 0.273438 0.369141 0.277344 0.371094 0.279297 0.371094 0.281250 0.369141 0.283203 0.369141 0.285156 0.367188 0.287109 0.363281 0.287109 0.363281 0.292969 0.361328 0.294922 0.361328 0.296875 0.357422 0.300781 0.353516 0.300781 0.347656 0.294922 0.347656 0.292969 0.345703 0.291016 0.345703 0.289062 0.343750 0.287109 0.343750 0.285156 0.341797 0.283203 0.341797 0.279297 0.339844 0.277344 0.339844 0.271484 0.337891 0.269531 0.333984 0.269531 0.332031 0.271484 0.314453 0.271484 0.312500 0.273438 0.306641 0.273438 0.306641 0.275391 0.304688 0.277344 0.302734 0.277344 0.302734 0.279297 0.300781 0.281250 0.298828 0.281250 0.298828 0.283203 0.296875 0.285156 0.296875 0.289062 0.291016 0.294922 0.285156 0.294922 0.279297 0.289062 0.279297 0.285156 0.277344 0.283203 0.277344 0.273438 0.255859 0.273438 0.253906 0.275391 0.246094 0.275391 0.244141 0.277344 0.242188 0.277344 0.240234 0.279297 0.238281 0.279297 0.234375 0.283203 0.232422 0.283203 0.230469 0.285156 0.228516 0.285156 0.226562 0.287109 0.226562 0.289062 0.218750 0.296875 0.214844 0.296875 0.212891 0.294922 0.207031 0.294922 0.205078 0.292969 0.201172 0.292969 0.199219 0.291016 0.185547 0.291016 0.179688 0.296875 0.179688 0.298828 0.181641 0.300781 0.175781 0.306641 0.173828 0.306641 0.171875 0.308594 0.167969 0.308594 0.167969 0.312500 0.166016 0.314453 0.166016 0.320312 0.164062 0.322266 0.164062 0.328125 0.166016 0.330078 0.166016 0.335938 0.167969 0.337891 0.167969 0.343750 0.169922 0.345703 0.169922 0.349609 0.171875 0.351562 0.171875 0.357422 0.173828 0.359375 0.173828 0.365234 0.175781 0.367188 0.175781 0.371094 0.177734 0.373047 0.179688 0.373047 0.181641 0.371094 0.183594 0.371094 0.185547 0.369141 0.189453 0.369141 0.191406 0.367188 0.197266 0.367188 0.199219 0.369141 0.199219 0.371094 0.201172 0.373047 0.201172 0.375000 0.203125 0.376953 0.203125 0.378906 0.205078 0.380859 0.205078 0.384766 0.207031 0.386719 0.207031 0.392578 0.208984 0.394531 0.208984 0.396484 0.205078 0.400391 0.189453 0.400391 0.187500 0.402344 0.185547 0.402344 0.183594 0.400391 0.181641 0.400391 0.179688 0.402344 0.179688 0.408203 0.181641 0.410156 0.181641 0.419922 0.183594 0.421875 0.183594 0.431641 0.185547 0.433594 0.185547 0.443359 0.187500 0.445312 0.187500 0.455078 0.189453 0.457031 0.189453 0.460938 0.193359 0.464844 0.193359 0.466797 0.195312 0.466797 0.197266 0.464844 0.208984 0.464844 0.210938 0.466797 0.220703 0.466797 0.222656 0.468750 0.222656 0.476562 0.224609 0.478516 0.224609 0.490234 0.226562 0.492188 0.226562 0.501953 0.228516 0.503906 0.228516 0.515625 0.230469 0.517578 0.230469 0.523438 0.228516 0.525391 0.226562 0.525391 0.216797 0.535156 0.214844 0.535156 0.205078 0.525391 0.203125 0.525391 0.201172 0.527344 0.201172 0.539062 0.203125 0.541016 0.203125 0.550781 0.205078 0.552734 0.205078 0.580078 0.207031 0.580078 0.210938 0.583984 0.208984 0.585938 0.208984 0.591797 0.210938 0.593750 0.210938 0.599609 0.212891 0.601562 0.212891 0.609375 0.214844 0.611328 0.214844 0.617188 0.216797 0.619141 0.216797 0.626953 0.218750 0.628906 0.218750 0.634766 0.220703 0.636719 0.220703 0.644531 0.222656 0.646484 0.222656 0.652344 0.224609 0.654297 0.224609 0.660156 0.226562 0.662109 0.226562 0.667969 0.228516 0.669922 0.228516 0.675781 0.230469 0.677734 0.230469 0.683594 0.232422 0.685547 0.232422 0.687500 0.234375 0.689453 0.230469 0.693359 0.230469 0.695312 0.232422 0.697266 0.232422 0.699219 0.234375 0.701172 0.234375 0.703125 0.236328 0.705078 0.236328 0.707031 0.238281 0.708984 0.238281 0.710938 0.240234 0.712891 0.240234 0.716797 0.242188 0.718750 0.242188 0.720703 0.244141 0.722656 0.244141 0.726562 0.246094 0.728516 0.246094 0.732422 0.248047 0.734375 0.248047 0.738281 0.250000 0.740234 0.250000 0.744141 0.251953 0.746094 0.251953 0.748047 0.253906 0.750000 0.253906 0.753906 0.255859 0.755859 0.255859 0.759766 0.257812 0.761719 0.257812 0.765625 0.259766 0.767578 0.259766 0.771484 0.261719 0.773438 0.261719 0.775391 0.263672 0.777344 0.263672 0.781250 0.265625 0.783203 0.265625 0.785156 0.269531 0.785156 0.271484 0.783203 0.273438 0.783203 0.277344 0.779297 0.279297 0.779297 0.283203 0.775391 0.285156 0.775391 0.287109 0.773438 0.289062 0.773438 0.292969 0.769531 0.294922 0.769531 0.296875 0.767578 0.298828 0.767578 0.302734 0.763672 0.304688 0.763672 0.308594 0.759766 0.310547 0.759766 0.312500 0.757812 0.314453 0.757812 0.322266 0.750000 0.324219 0.750000 0.324219 0.748047 0.328125 0.744141 0.328125 0.742188 0.332031 0.738281 0.332031 0.736328 0.341797 0.726562 0.341797 0.724609 0.347656 0.718750 0.347656 0.716797 0.353516 0.710938 0.355469 0.710938 0.357422 0.712891 0.371094 0.712891 0.373047 0.714844 0.375000 0.714844 0.378906 0.710938 0.378906 0.707031 0.380859 0.705078 0.380859 0.703125 0.378906 0.701172 0.378906 0.697266 0.376953 0.695312 0.373047 0.695312 0.371094 0.693359 0.361328 0.693359 0.357422 0.689453 0.357422 0.683594 0.355469 0.681641 0.355469 0.675781 0.357422 0.673828 0.357422 0.671875 0.359375 0.669922 0.361328 0.669922 0.365234 0.666016 0.365234 0.662109 0.367188 0.660156 0.367188 0.654297 0.369141 0.652344 0.371094 0.652344 0.376953 0.646484 0.394531 0.646484 0.398438 0.642578 0.400391 0.642578 0.402344 0.640625 0.404297 0.640625 0.408203 0.636719 0.410156 0.636719 0.412109 0.634766 0.414062 0.634766 0.416016 0.632812 0.417969 0.632812 0.419922 0.630859 0.423828 0.630859 0.425781 0.628906 0.437500 0.628906 0.439453 0.626953 0.445312 0.626953 0.449219 0.630859 0.449219 0.636719 0.447266 0.638672 0.447266 0.642578 0.445312 0.644531 0.445312 0.648438 0.443359 0.650391 0.443359 0.654297 0.445312 0.656250 0.445312 0.658203 0.447266 0.660156 0.447266 0.662109 0.449219 0.664062 0.449219 0.666016 0.453125 0.669922 0.457031 0.669922 0.458984 0.671875 0.458984 0.667969 0.460938 0.666016 0.460938 0.654297 0.462891 0.652344 0.462891 0.636719 0.464844 0.634766 0.464844 0.626953 0.462891 0.625000 0.462891 0.623047 0.464844 0.621094 0.468750 0.621094 0.470703 0.619141 0.476562 0.619141 0.478516 0.621094 0.480469 0.621094 0.486328 0.626953 0.488281 0.626953 0.492188 0.630859 0.492188 0.632812 0.494141 0.634766 0.494141 0.640625 0.496094 0.642578 0.496094 0.656250 0.494141 0.658203 0.494141 0.666016 0.492188 0.667969 0.492188 0.677734 0.488281 0.681641 0.488281 0.683594 0.490234 0.685547 0.492188 0.685547 0.494141 0.687500 0.496094 0.687500 0.500000 0.691406 0.501953 0.691406 0.503906 0.693359 0.507812 0.693359 0.509766 0.695312 0.519531 0.695312 0.521484 0.693359 0.523438 0.693359 0.523438 0.673828 0.521484 0.671875 0.521484 0.669922 0.519531 0.667969 0.519531 0.666016 0.517578 0.664062 0.517578 0.662109 0.515625 0.660156 0.515625 0.656250 0.513672 0.654297 0.513672 0.648438 0.519531 0.642578 0.521484 0.642578 0.539062 0.625000 0.541016 0.625000 0.542969 0.626953 0.542969 0.628906 0.546875 0.632812 0.548828 0.632812 0.550781 0.634766 0.552734 0.634766 0.560547 0.642578 0.560547 0.648438 0.558594 0.650391 0.558594 0.660156 0.556641 0.662109 0.556641 0.683594 0.558594 0.685547 0.556641 0.687500 0.556641 0.689453 0.552734 0.693359 0.552734 0.695312 0.546875 0.701172 0.548828 0.703125 0.548828 0.705078 0.554688 0.705078 0.556641 0.707031 0.566406 0.707031 0.568359 0.705078 0.570312 0.705078 0.572266 0.703125 0.574219 0.703125 0.576172 0.701172 0.578125 0.701172 0.580078 0.699219 0.580078 0.693359 0.582031 0.691406 0.582031 0.687500 0.580078 0.685547 0.580078 0.683594 0.578125 0.681641 0.578125 0.679688 0.576172 0.677734 0.576172 0.673828 0.574219 0.671875 0.574219 0.662109 0.576172 0.660156 0.576172 0.658203 0.580078 0.654297 0.580078 0.652344 0.587891 0.644531 0.601562 0.644531 0.603516 0.646484 0.603516 0.654297 0.605469 0.656250 0.605469 0.658203 0.607422 0.660156 0.615234 0.660156 0.617188 0.662109 0.626953 0.662109 0.628906 0.664062 0.630859 0.662109 0.634766 0.662109 0.634766 0.658203 0.636719 0.656250 0.638672 0.656250 0.640625 0.654297 0.642578 0.654297 0.648438 0.648438 0.650391 0.648438 0.652344 0.646484 0.654297 0.646484 0.660156 0.640625 0.662109 0.640625 0.669922 0.632812 0.671875 0.632812 0.677734 0.626953 0.677734 0.621094 0.679688 0.619141 0.679688 0.613281 0.681641 0.611328 0.681641 0.609375 0.677734 0.613281 0.671875 0.613281 0.669922 0.615234 0.666016 0.615234 0.664062 0.617188 0.660156 0.617188 0.658203 0.619141 0.652344 0.619141 0.650391 0.621094 0.644531 0.621094 0.642578 0.623047 0.632812 0.623047 0.630859 0.621094 0.626953 0.621094 0.625000 0.619141 0.623047 0.619141 0.619141 0.615234 0.611328 0.615234 0.609375 0.617188 0.599609 0.617188 0.597656 0.619141 0.593750 0.619141 0.591797 0.621094 0.589844 0.621094 0.587891 0.623047 0.585938 0.623047 0.583984 0.625000 0.582031 0.625000 0.580078 0.626953 0.578125 0.626953 0.576172 0.628906 0.574219 0.628906 0.572266 0.630859 0.566406 0.625000 0.564453 0.625000 0.550781 0.611328 0.550781 0.609375 0.546875 0.605469 0.546875 0.603516 0.541016 0.597656 0.539062 0.597656 0.533203 0.591797 0.531250 0.591797 0.531250 0.609375 0.529297 0.611328 0.529297 0.613281 0.527344 0.615234 0.521484 0.615234 0.519531 0.613281 0.507812 0.613281 0.505859 0.611328 0.501953 0.611328 0.500000 0.609375 0.498047 0.609375 0.496094 0.607422 0.496094 0.605469 0.490234 0.599609 0.490234 0.597656 0.488281 0.595703 0.488281 0.589844 0.486328 0.587891 0.486328 0.583984 0.484375 0.582031 0.484375 0.570312 0.482422 0.568359 0.482422 0.554688 0.484375 0.552734 0.484375 0.550781 0.478516 0.544922 0.476562 0.544922 0.468750 0.537109 0.466797 0.537109 0.458984 0.529297 0.458984 0.546875 0.457031 0.548828 0.457031 0.582031 0.455078 0.583984 0.453125 0.583984 0.451172 0.582031 0.451172 0.580078 0.449219 0.578125 0.447266 0.580078 0.445312 0.580078 0.443359 0.582031 0.441406 0.582031 0.441406 0.587891 0.439453 0.589844 0.437500 0.589844 0.431641 0.595703 0.425781 0.595703 0.423828 0.593750 0.408203 0.593750 0.406250 0.591797 0.406250 0.568359 0.410156 0.564453 0.427734 0.564453 0.429688 0.566406 0.435547 0.566406 0.437500 0.564453 0.437500 0.562500 0.435547 0.560547 0.435547 0.550781 0.433594 0.548828 0.433594 0.541016 0.431641 0.539062 0.431641 0.535156 0.429688 0.535156 0.417969 0.523438 0.416016 0.523438 0.414062 0.521484 0.412109 0.521484 0.408203 0.517578 0.410156 0.515625 0.410156 0.488281 0.408203 0.486328 0.408203 0.484375 0.410156 0.482422 0.410156 0.476562 0.414062 0.472656 0.416016 0.472656 0.417969 0.474609 0.419922 0.474609 0.421875 0.476562 0.435547 0.476562 0.439453 0.472656 0.441406 0.474609 0.441406 0.480469 0.443359 0.482422 0.443359 0.484375 0.441406 0.486328 0.441406 0.492188 0.439453 0.494141 0.439453 0.501953 0.441406 0.503906 0.443359 0.503906 0.451172 0.511719 0.453125 0.509766 0.458984 0.509766 0.464844 0.503906 0.464844 0.501953 0.478516 0.488281 0.478516 0.478516 0.476562 0.476562 0.476562 0.462891 0.474609 0.460938 0.474609 0.457031 0.472656 0.455078 0.472656 0.445312 0.474609 0.443359 0.474609 0.435547 0.457031 0.435547 0.455078 0.433594 0.453125 0.433594 0.451172 0.431641 0.443359 0.431641 0.441406 0.433594 0.441406 0.437500 0.439453 0.439453 0.439453 0.443359 0.437500 0.445312 0.427734 0.445312 0.421875 0.439453 0.419922 0.439453 0.417969 0.437500 0.414062 0.437500 0.412109 0.435547 0.410156 0.435547 0.408203 0.433594 0.404297 0.433594 0.402344 0.431641 0.400391 0.431641 0.396484 0.427734 0.396484 0.419922 0.398438 0.417969 0.398438 0.412109 0.400391 0.410156 0.400391 0.400391 0.402344 0.398438 0.402344 0.390625 0.404297 0.388672 0.404297 0.386719 0.402344 0.384766 0.402344 0.382812 0.400391 0.380859 0.400391 0.378906 0.388672 0.367188 0.388672 0.365234 0.382812 0.359375 0.382812 0.357422 0.384766 0.355469 0.384766 0.353516 0.386719 0.351562 0.386719 0.349609 0.388672 0.347656 0.388672 0.345703 0.390625 0.343750 0.390625 0.341797 0.392578 0.339844 0.392578 0.337891 0.394531 0.335938 0.394531 0.333984 0.396484 0.332031 0.398438 0.332031 0.400391 0.330078 0.404297 0.333984 0.404297 0.335938 0.406250 0.337891 0.406250 0.339844 0.410156 0.343750 0.410156 0.345703 0.412109 0.347656 0.412109 0.349609 0.416016 0.353516 0.416016 0.355469 0.419922 0.359375 0.419922 0.361328 0.423828 0.365234 0.423828 0.367188 0.425781 0.369141 0.425781 0.371094 0.429688 0.375000 0.429688 0.376953 0.433594 0.380859 0.433594 0.382812 0.437500 0.386719 0.439453 0.386719 0.447266 0.394531 0.451172 0.394531 0.453125 0.392578 0.455078 0.392578 0.457031 0.390625 0.457031 0.388672 0.460938 0.384766 0.460938 0.382812 0.464844 0.378906 0.464844 0.376953 0.470703 0.371094 0.472656 0.371094 0.476562 0.367188 0.478516 0.369141 0.484375 0.369141 0.496094 0.357422 0.498047 0.357422 0.501953 0.353516 0.503906 0.353516 0.505859 0.351562 0.501953 0.347656 0.501953 0.345703 0.500000 0.343750 0.500000 0.333984 0.496094 0.330078 0.494141 0.330078 0.492188 0.328125 0.490234 0.328125 0.488281 0.326172 0.486328 0.326172 0.472656 0.312500 0.470703 0.312500 0.468750 0.310547 0.458984 0.310547 0.457031 0.308594 0.431641 0.308594 0.429688 0.306641 0.423828 0.306641 0.421875 0.304688 0.417969 0.304688 0.414062 0.300781 0.412109 0.300781 0.410156 0.298828 0.410156 0.279297 0.404297 0.273438 0.404297 0.271484 0.402344 0.269531 0.402344 0.267578 0.400391 0.265625 0.400391 0.261719 0.398438 0.259766 0.398438 0.244141 0.404297 0.238281 0.406250 0.238281 0.408203 0.236328 0.416016 0.236328 0.417969 0.234375 0.429688 0.234375 0.431641 0.232422 0.441406 0.232422 0.443359 0.230469 0.453125 0.230469 0.455078 0.228516 0.466797 0.228516 0.468750 0.226562 0.498047 0.226562 0.500000 0.224609 0.513672 0.224609 0.515625 0.222656 0.548828 0.222656 0.550781 0.224609 0.562500 0.224609 0.564453 0.226562 0.566406 0.226562 0.568359 0.228516 0.570312 0.228516 0.572266 0.230469 0.574219 0.230469 0.576172 0.232422 0.578125 0.232422 0.580078 0.234375 0.583984 0.234375 0.585938 0.236328 0.587891 0.236328 0.589844 0.238281 0.591797 0.238281 0.593750 0.240234 0.595703 0.240234 0.597656 0.242188 0.599609 0.242188 0.601562 0.244141 0.603516 0.244141 0.605469 0.246094 0.609375 0.246094 0.611328 0.248047 0.613281 0.248047 0.615234 0.250000 0.619141 0.250000 0.621094 0.251953 0.623047 0.251953 0.625000 0.253906 0.628906 0.253906 0.630859 0.255859 0.634766 0.255859 0.636719 0.257812 0.638672 0.257812 0.640625 0.259766 0.644531 0.259766 0.646484 0.261719 0.648438 0.261719 0.650391 0.263672 0.654297 0.263672 0.656250 0.265625 0.658203 0.265625 0.660156 0.267578 0.664062 0.267578 0.666016 0.269531 0.667969 0.269531 0.669922 0.271484 0.671875 0.271484 0.673828 0.273438 0.675781 0.273438 0.677734 0.275391 0.679688 0.275391 0.681641 0.277344 0.683594 0.277344 0.685547 0.279297 0.687500 0.279297 0.689453 0.281250 0.691406 0.281250 0.693359 0.283203 0.695312 0.283203 0.697266 0.285156 0.699219 0.285156 0.701172 0.287109 0.703125 0.287109 0.705078 0.289062 0.707031 0.289062 0.708984 0.291016 0.710938 0.291016 0.712891 0.292969 0.714844 0.292969 0.716797 0.294922 0.718750 0.294922 0.722656 0.298828 0.724609 0.298828 0.726562 0.300781 0.728516 0.300781 0.732422 0.304688 0.734375 0.304688 0.736328 0.306641 0.738281 0.306641 0.742188 0.310547 0.744141 0.310547 0.746094 0.312500 0.748047 0.312500 0.751953 0.316406 0.753906 0.316406 0.755859 0.318359 0.757812 0.318359 0.759766 0.320312 0.771484 0.320312 0.775391 0.324219 0.777344 0.324219 0.779297 0.326172 0.781250 0.326172 0.783203 0.328125 0.785156 0.328125 0.787109 0.330078 0.789062 0.330078 0.791016 0.332031 0.792969 0.332031 0.794922 0.333984 0.796875 0.333984 0.798828 0.335938 0.800781 0.335938 0.802734 0.337891 0.804688 0.337891 0.806641 0.339844 0.808594 0.339844 0.810547 0.341797 0.808594 0.343750 0.808594 0.347656 0.810547 0.347656 0.812500 0.349609 0.816406 0.349609 0.818359 0.351562 0.822266 0.351562 0.824219 0.353516 0.830078 0.353516 0.832031 0.355469 0.835938 0.355469 0.837891 0.357422 0.839844 0.355469 0.839844 0.351562 0.841797 0.349609 0.841797 0.343750 0.843750 0.341797 0.843750 0.335938 0.845703 0.333984 0.845703 0.328125 0.849609 0.324219 0.859375 0.324219 0.861328 0.326172 0.876953 0.326172 0.878906 0.328125 0.896484 0.328125 0.898438 0.330078 0.914062 0.330078 0.916016 0.332031 0.921875 0.332031 0.927734 0.326172 0.925781 0.324219 0.923828 0.324219 0.921875 0.322266 0.919922 0.322266 0.917969 0.320312 0.916016 0.320312 0.912109 0.316406 0.910156 0.316406 0.908203 0.314453 0.906250 0.314453 0.904297 0.312500 0.902344 0.312500 0.900391 0.310547 0.898438 0.310547 0.896484 0.308594 0.894531 0.308594 0.892578 0.306641 0.890625 0.306641 0.888672 0.304688 0.886719 0.304688 0.884766 0.302734 0.882812 0.302734 0.878906 0.298828 0.876953 0.298828 0.875000 0.296875 0.873047 0.296875 0.871094 0.294922 0.869141 0.294922 0.867188 0.292969 0.865234 0.292969 0.863281 0.291016 0.861328 0.291016 0.857422 0.287109 0.855469 0.287109 0.853516 0.285156 0.851562 0.285156 0.849609 0.283203 0.847656 0.283203 0.845703 0.281250 0.843750 0.281250 0.841797 0.279297 0.839844 0.279297 0.837891 0.277344 0.835938 0.277344 0.833984 0.275391 0.832031 0.277344 0.830078 0.277344 0.828125 0.279297 0.826172 0.277344 0.826172 0.230469 0.824219 0.228516 0.824219 0.201172 0.822266 0.199219 0.822266 0.171875 0.820312 0.169922 0.820312 0.142578 0.818359 0.140625 0.818359 0.125000 0.816406 0.123047 0.818359 0.121094 0.818359 0.107422 0.820312 0.105469 0.820312 0.087891 0.818359 0.085938 0.818359 0.064453 0.820312 0.062500 0.820312 0.046875 0.822266 0.044922 0.822266 0.003906 0.824219 0.001953 0.824219 0.000000
