4 0.559466655027933 0.4372599511173185 0.559466655027933 0.4165284567039107 0.559466655027933 0.391432437150838 0.5660134427374302 0.3772477304469274 0.6074764315642458 0.3859767807262571 0.6172966131284916 0.3957969622905029 0.6282079259776536 0.4176195879888268 0.6282079259776536 0.4350776885474861 0.624934532122905 0.44926239525139666 0.6140232192737429 0.45253578910614534
4 0.6860378840782122 0.7165895600558658 0.6860378840782122 0.6980403282122905 0.6936758030726258 0.6674886522346368 0.7122250349162011 0.668579783519553 0.7307742667597765 0.6871290153631284 0.7405944483240223 0.7024048533519553 0.7384121857541901 0.7198629539106145
4 0.3565162360335196 0.5409174231843575 0.3565162360335196 0.49727217178770955 0.3565162360335196 0.4645382332402235 0.3707009427374302 0.43835108240223464 0.38161225558659223 0.4361688198324023 0.39688809357541904 0.45799144553072635 0.40779940642458107 0.4656293645251397 0.41107280027932963 0.47763180865921795 0.4230752444134079 0.48745199022346375 0.4252575069832402 0.51145687849162 0.429622032122905 0.5354617667597765 0.43071316340782123 0.5507376047486033 0.41652845670391064 0.5583755237430168 0.38706791201117324 0.559466655027933 0.3707009427374302 0.5496464734636871
4 0.09791812150837992 0.5856538058659218 0.07063983938547486 0.5769247555865922 0.03681476955307267 0.5561932611731844 0.028085719273743037 0.5474642108938548 0.035723638268156443 0.5158214036312849 0.04772608240223464 0.4950899092178771 0.0750043645251397 0.49727217178770955 0.11319395949720673 0.5398262918994413 0.11101169692737434 0.5736513617318435
5 0.9086286662011174 0.9970103002793296 0.9097197974860336 0.2354006634078213 0.8846237779329609 0.17102391759776536 0.8344317388268156 0.11974074720670391 0.8093357192737431 0.10664717178770955 0.7133161662011174 0.08918907122905029 0.6074764315642458 0.08918907122905029 0.4394422136871508 0.10010038407821231 0.36197189245810063 0.10010038407821231 0.29432175279329614 0.08591567737430172 0.25613215782122906 0.07282210195530736 0.22121595670391064 0.0455438198324023 0.185208624301676 0.017174406424581012 0.17759798358938544 0.001953125 0.23212726955307267 0.001953125 0.2724991270949721 0.029176850558659262 0.34887831703910616 0.05318173882681565 0.41216393156424586 0.0553640013966481 0.5005455656424582 0.06081965782122911 0.5649223114525139 0.06081965782122911 0.6413015013966481 0.052090607541899536 0.7362299231843576 0.0455438198324023 0.8322494762569832 0.06954870810055869 0.9151754539106145 0.12192300977653636 0.9697320181564246 0.14047224162011174 0.998046875 0.149320634383729 0.998046875 0.20375785614525144 0.9566384427374302 0.2168514315642458 0.950091655027933 0.22994500698324027 0.9468182611731844 0.3041419343575419 0.9435448673184359 0.5038189594972067 0.9424537360335197 0.7089516410614525 0.9446359986033521 0.8278849511173184 0.9348158170391061 0.9249956354748603 0.9327030180383981 1.0
5 0.09355359636871513 0.9981014315642458 0.07827775837988832 0.9751876745810055 0.06845757681564246 0.9522739175977654 0.07827775837988832 0.9206311103351955 0.10882943435754194 0.9151754539106145 0.12301414106145253 0.8878971717877094 0.12301414106145253 0.8737124650837989 0.1066471717877095 0.8507987081005587 0.14483676675977658 0.831158344972067 0.15683921089385477 0.8202470321229051 0.15683921089385477 0.8540721019553073 0.1721150488826816 0.8682568086592178 0.2026667248603352 0.8649834148044693 0.2092135125698324 0.8824415153631284 0.21139577513966484 0.9020818784916201 0.21139577513966484 0.9620940991620112 0.19611993715083803 0.9620940991620112 0.19611993715083803 0.9468182611731844 0.13392545391061456 0.9249956354748603 0.10555604050279332 0.999192562849162
1 0.7722372555865922 0.5780158868715084 0.7525968924581006 0.5671045740223464 0.7493234986033521 0.5125480097765363 0.7176806913407823 0.5147302723463687 0.6991314594972067 0.4852697276536313 0.695858065642458 0.46781162709497215 0.7144072974860336 0.4448978701117319 0.7242274790502794 0.40998166899441346 0.7602348114525139 0.40889053770949724 0.7678727304469275 0.4328954259776536 0.8027889315642458 0.45908257681564246 0.8213381634078214 0.526732716480447 0.819155900837989 0.575833624301676
1 0.38379451815642457 0.9926457751396648 0.3652452863128492 0.9642763617318436 0.35324284217877094 0.928269029329609 0.34887831703910616 0.8715302025139665 0.34887831703910616 0.8475253142458101 0.39361469972067037 0.8191559008379888 0.42743976955307267 0.79296875 0.4590825768156425 0.814791375698324 0.4590825768156425 0.8595277583798883 0.4590825768156425 0.9075375349162011 0.4536269203910615 0.9544561801675977 0.390077404345849 1.0
1 0.5398262918994414 0.8398873952513967 0.5343706354748603 0.8006066689944134 0.5430996857541899 0.7504146298882681 0.5671045740223464 0.7275008729050279 0.6118409567039107 0.7275008729050279 0.6380281075418994 0.732956529329609 0.6369369762569832 0.7755106494413408 0.6260256634078212 0.8115179818435754 0.6020207751396649 0.8289760824022346 0.570377967877095 0.8464341829608939
1 0.6423926326815643 0.9970103002793296 0.6391192388268156 0.977369937150838 0.6402103701117319 0.9522739175977654 0.6511216829608939 0.9490005237430168 0.6740354399441342 0.9490005237430168 0.7034959846368716 0.9326335544692738 0.7264097416201118 0.9151754539106145 0.7645993365921788 0.9239045041899441 0.7831485684357542 0.9446359986033519 0.7951510125698324 0.9577295740223464 0.79296875 0.9708231494413407 0.7896953561452515 0.98828125 0.7667815991620113 0.98828125 0.7558702863128492 0.9740965432960894 0.7296831354748603 0.971914280726257 0.7133161662011174 0.9806433310055865 0.7021096736254043 1.0 0.6423926326815643 1.0
1 0.03790590083798884 0.9948280377094972 0.04336155726256985 0.9610029678770949 0.035723638268156443 0.9293601606145251 0.05318173882681565 0.8998996159217877 0.05318173882681565 0.8486164455307262 0.050999476256983256 0.8213381634078212 0.050999476256983256 0.79296875 0.04881721368715086 0.7602348114525139 0.031359113128491656 0.7504146298882681 0.0 0.7320317015026006 0.002962438122233574 1.0
2 0.0018985684357541999 0.7253186103351955 0.0029896997206704246 0.33142021648044695 0.09137133379888268 0.3303290851955307 0.12519640363128492 0.30741532821229056 0.15574807960893855 0.2113957751396649 0.004080831005586594 0.2223070879888268 0.0018985684357541999 0.0029896997206704246 0.1753884427374302 0.004080831005586649 0.16884165502793297 0.036814769553072724 0.14374563547486036 0.108829434357542 0.1699327863128492 0.11646735335195535 0.185208624301676 0.14156337290502796 0.19393767458100558 0.1426545041899442 0.22230708798882687 0.08046002094972071 0.1819352304469274 0.04008816340782129 0.18084409916201122 0.020447800279329686 0.2539498952513967 0.07827775837988826 0.320508903631285 0.10119151536312854 0.37288320530726254 0.10664717178770955 0.4885431215083799 0.10337377793296099 0.5801981494413408 0.09573585893854752 0.6751265712290504 0.09682699022346375 0.7569614175977655 0.09900925279329609 0.8377051326815643 0.12192300977653636 0.8824415153631286 0.1830263617318436 0.9020818784916202 0.2594055516759777 0.9020818784916202 0.9959191689944134 0.8016978002793296 0.9959191689944134 0.8016978002793296 0.9675497555865922 0.7995155377094973 0.9413626047486033 0.7733283868715084 0.9293601606145251 0.7602348114525139 0.9140843226256983 0.7275008729050281 0.9064464036312849 0.7013137220670391 0.9249956354748603 0.6696709148044693 0.9424537360335196 0.6478482891061452 0.9424537360335196 0.635845844972067 0.9457271298882681 0.635845844972067 0.98828125 0.6336635824022347 0.999192562849162 0.4045260125698324 0.9970103002793296 0.45690031424581007 0.9610029678770949 0.46453823324022353 0.8595277583798883 0.46453823324022353 0.8224292946927374 0.5300061103351956 0.8202470321229051 0.5343706354748603 0.8453430516759777 0.5747424930167597 0.8540721019553073 0.608567562849162 0.8344317388268156 0.6380281075418994 0.8169736382681564 0.6445748952513966 0.7755106494413408 0.7045871159217878 0.7733283868715084 0.705678247206704 0.7962421438547487 0.7275008729050281 0.814791375698324 0.7373210544692739 0.8180647695530726 0.7591436801675979 0.79296875 0.7613259427374302 0.7547791550279329 0.7231363477653632 0.7373210544692737 0.6991314594972067 0.7296831354748603 0.7013137220670391 0.7624170740223464 0.6445748952513966 0.7656904678770949 0.6445748952513966 0.717680691340782 0.6762177025139664 0.7144072974860335 0.6827644902234637 0.722045216480447 0.7471412360335197 0.722045216480447 0.7471412360335197 0.6871290153631284 0.7231363477653632 0.668579783519553 0.6882201466480447 0.6609418645251397 0.6816733589385475 0.70676937849162 0.6805822276536313 0.668579783519553 0.7395033170391061 0.6096586941340782 0.7176806913407823 0.5420085544692737 0.6042030377094971 0.5332795041899441 0.5430996857541899 0.5398262918994413 0.5201859287709498 0.6162054818435754 0.537644029329609 0.6969491969273742 0.5463730796089385 0.7133161662011174 0.5289149790502794 0.814791375698324 0.4689027583798883 0.814791375698324 0.43071316340782123 0.7842396997206704 0.38706791201117324 0.8137002444134078 0.3412403980446928 0.8377051326815642 0.3412403980446928 0.9326335544692738 0.3554251047486034 0.9675497555865922 0.3761565991620112 0.9948280377094972 0.21139577513966484 0.9981014315642458 0.2190336941340782 0.9555473114525139 0.2190336941340782 0.8966262220670391 0.21794256284916208 0.8671656773743017 0.1775707053072626 0.8606188896648045 0.1622948673184358 0.8409785265363129 0.1622948673184358 0.8246115572625698 0.1601126047486034 0.809335719273743 0.12956092877094977 0.8289760824022346 0.10010038407821231 0.8398873952513967 0.09900925279329609 0.8486164455307262 0.11646735335195535 0.8791681215083799 0.1022826466480447 0.9097197974860335 0.07391323324022347 0.9097197974860335 0.05863739525139666 0.9522739175977654 0.0848245460893855 0.993736906424581 0.04881721368715086 0.9981014315642458 0.04772608240223464 0.9577295740223464 0.044452688547486074 0.9271778980446927 0.06300192039106145 0.8933528282122905 0.060819657821229056 0.7613259427374302 0.19611993715083803 0.6456660265363128 0.21794256284916208 0.6565773393854748 0.22994500698324022 0.6565773393854748 0.2332184008379889 0.5965651187150838 0.23212726955307267 0.586744937150838 0.21794256284916208 0.586744937150838 0.2484942388268157 0.5103657472067039 0.27140799581005587 0.5169125349162011 0.27468138966480454 0.4863608589385475 0.3521517108938547 0.5256415851955307 0.3466960544692737 0.5660134427374302 0.4056171438547486 0.5681957053072626 0.44162447625698326 0.559466655027933 0.4383510824022347 0.5256415851955307 0.4383510824022347 0.4994544343575419 0.4328954259776537 0.4798140712290503 0.4099816689944134 0.45362692039106145 0.4001614874301676 0.4416244762569833 0.3892501745810056 0.43398655726256985 0.369609811452514 0.4307131634078213 0.3510605796089386 0.4350776885474861 0.2866838337988827 0.4110728002793297 0.26049668296089384 0.38925017458100564 0.2332184008379889 0.37070094273743026 0.2244893505586592 0.3685186801675978 0.20812238128491617 0.4154373254189945 0.1950288058659218 0.4645382332402235 0.2484942388268157 0.5027278282122905 0.21139577513966484 0.5845626745810055 0.19393767458100558 0.5845626745810055 0.19393767458100558 0.6391192388268156 0.060819657821229056 0.7515057611731844 0.08046002094972071 0.5900183310055866 0.0968269902234637 0.5943828561452513 0.11974074720670391 0.5791070181564246 0.12083187849162014 0.5332795041899441 0.0848245460893855 0.49181651536312854 0.04227042597765368 0.48745199022346375 0.028085719273743037 0.5038189594972067 0.017174406424581012 0.548555342178771 0.03354137569832405 0.5681957053072626 0.0728221019553073 0.5856538058659218 0.055364001396648044 0.7504146298882681 0.012809881284916225 0.5703779678770949 0.02044780027932963 0.48854312150838 0.28450157122905034 0.2790459148044693 0.5441908170391061 0.4034348812849162 0.5518287360335197 0.44817126396648044 0.624934532122905 0.4667204958100559 0.6391192388268156 0.4416244762569833 0.6882201466480447 0.45362692039106145 0.6871290153631284 0.493998777932961 0.7111339036312849 0.522368191340782 0.7449589734636872 0.522368191340782 0.7471412360335197 0.5780158868715084 0.7776929120111733 0.5965651187150838 0.8289760824022347 0.5856538058659218 0.8289760824022347 0.5158214036312849 0.8158825069832403 0.4558091829608939 0.782057437150838 0.4230752444134078 0.7766017807262571 0.4110728002793297 0.765690467877095 0.39470583100558665 0.7176806913407823 0.39470583100558665 0.7089516410614525 0.4372599511173185 0.6925846717877095 0.4470801326815643 0.6380281075418994 0.4350776885474861 0.6380281075418994 0.407799406424581 0.6631241270949721 0.3521517108938548 0.6827644902234637 0.3292379539106146 0.705678247206704 0.2997774092178771 0.7122250349162011 0.25394989525139666 0.6871290153631284 0.25394989525139666 0.6543950768156426 0.25394989525139666 0.6434837639664805 0.24740310754189954 0.6434837639664805 0.2157603002793297 0.6434837639664805 0.17429731145251404 0.6434837639664805 0.13938111033519562 0.5398262918994414 0.14920129189944142 0.5398262918994414 0.20048446229050287 0.5398262918994414 0.2408563198324023 0.5398262918994414 0.2604966829608939 0.624934532122905 0.2692257332402235 0.6129320879888269 0.3379670041899442 0.6554862081005586 0.34669605446927376 0.6325724511173185 0.4034348812849162 0.6227522695530727 0.3816122555865922 0.5856538058659218 0.37615659916201116 0.5649223114525139 0.36960981145251404 0.5463730796089385 0.3925235684357542 0.28450157122905034 0.2714079958100559 0.012809881284916225 0.48308746508379896 0.005171962290502818 0.5692868365921788 0.04772608240223464 0.7460501047486033
2 0.939180342178771 0.9948280377094972 0.9468182611731844 0.8726213337988826 0.9511827863128492 0.809335719273743 0.9522739175977655 0.7645993365921788 0.9522739175977655 0.7264097416201116 0.9533650488826817 0.6325724511173184 0.9566384427374302 0.36960981145251404 0.9588207053072626 0.2834104399441342 0.9893723812849162 0.2834104399441342 0.9762788058659218 0.4263486382681565 0.9762788058659218 0.592200593575419 0.9762788058659218 0.7100427723463687 0.9762788058659218 0.8202470321229051 0.998046875 0.8485455219972067 0.998046875 0.9981014315642458
5 0.9937369064245811 0.8224292946927374 0.9817344622905029 0.809335719273743 0.9817344622905029 0.5420085544692737 0.9784610684357542 0.4372599511173185 0.9817344622905029 0.407799406424581 0.9937369064245811 0.28777496508379896 0.9926457751396649 0.26813460195530725 0.96536749301676 0.27249912709497215 0.9588207053072626 0.24849423882681565 0.961002967877095 0.2266716131284917 0.998046875 0.21242395654275903 0.998046875 0.8235204259776536
