0 0.5529198673184357 0.6254800977653632 0.5540109986033519 0.6418470670391061 0.5747424930167597 0.6614874301675978 0.5823804120111731 0.6691253491620112 0.8104268505586592 0.6680342178770949 0.8257026885474861 0.7040415502793296 0.820247032122905 0.7378666201117319 0.8115179818435754 0.7487779329608939 0.8257026885474861 0.74986906424581 0.8344317388268156 0.7651449022346368 0.8409785265363128 0.7749650837988826 0.8584366270949721 0.7836941340782123 0.9522739175977655 0.6549406424581006 0.998046875 0.6169588267413527 0.998046875 0.5425541201117319 0.9631852304469275 0.5185492318435754 0.939180342178771 0.5403718575418994 0.9490005237430168 0.570923533519553 0.9326335544692739 0.5785614525139665 0.9184488477653632 0.5851082402234636 0.9217222416201118 0.6036574720670391 0.8966262220670391 0.6123865223463687 0.8998996159217878 0.6276623603351955 0.8824415153631284 0.6331180167597765 0.8726213337988826 0.624388966480447 0.8486164455307263 0.6189333100558659
0 0.7536880237430168 0.8076990223463687 0.6740354399441342 0.9004451815642458 0.5582004631192828 0.998046875 0.6511216829608939 0.998046875 0.7362299231843576 0.9222678072625698 0.782057437150838 0.8633467178770949 0.7776929120111733 0.8491620111731844 0.7613259427374302 0.8382506983240223
5 0.5932917248603353 0.6200244413407822 0.5572843924581006 0.6211155726256983 0.5507376047486032 0.6156599162011174 0.5518287360335195 0.5534654329608939 0.5387351606145252 0.5327339385474861 0.49618104050279327 0.5403718575418994 0.48526972765363124 0.5807437150837989 0.48526972765363124 0.6058397346368715 0.46999388966480443 0.5829259776536313 0.46017370810055863 0.5632856145251397 0.4448978701117318 0.5643767458100559 0.43725995111731847 0.5512831703910615 0.42307524441340777 0.5501920391061452 0.4045260125698324 0.5905638966480447 0.40125261871508383 0.5916550279329609 0.3892501745810056 0.5731057960893855 0.380521124301676 0.5687412709497207 0.380521124301676 0.560012220670391 0.3957969622905028 0.5480097765363129 0.38379451815642457 0.4596281424581006 0.5387351606145252 0.45308135474860334 0.5561932611731844 0.47381284916201116 0.5856538058659218 0.5316428072625698 0.5965651187150838 0.5665590083798883
5 0.3990703561452514 0.755324720670391 0.4056171438547486 0.7815118715083799 0.44162447625698326 0.7946054469273743 0.4678116270949721 0.7902409217877095 0.49945443435754183 0.8371595670391061 0.5310972416201116 0.8338861731843575 0.5551021298882681 0.8120635474860335 0.5681957053072626 0.8153369413407822 0.5561932611731844 0.8338861731843575 0.526732716480447 0.8535265363128491 0.4776318086592179 0.8513442737430168 0.4547180516759776 0.8720757681564246 0.4056171438547486 0.8775314245810056 0.37833886173184356 0.8567999301675978 0.3554251047486033 0.8731668994413407 0.32814682262569833 0.8644378491620112 0.33469361033519557 0.8327950418994413 0.33905813547486036 0.8186103351955307 0.3423315293296089 0.7684182960893855
1 0.765690467877095 0.7575069832402235 0.7504146298882681 0.7695094273743017 0.7525968924581006 0.7946054469273743 0.7678727304469275 0.83606843575419 0.7831485684357542 0.841524092178771 0.7918776187150838 0.8644378491620112 0.7918776187150838 0.8786225558659218 0.8027889315642458 0.8818959497206704 0.8027889315642458 0.9244500698324022 0.820247032122905 0.9484549581005587 0.8387962639664805 0.9484549581005587 0.863892283519553 0.9779155027932961 0.8878971717877095 0.9768243715083799 0.9108109287709498 0.9091742318435754 0.8933528282122905 0.8677112430167597 0.8693479399441342 0.8382506983240223 0.8540721019553073 0.7913320530726257 0.8398873952513968 0.7815118715083799 0.8213381634078212 0.7542335893854749 0.8027889315642458 0.7531424581005587 0.7940598812849162 0.7214996508379888
5 0.7864219622905029 0.7029504189944135 0.7853308310055866 0.7193173882681564 0.7962421438547487 0.7149528631284916 0.8049711941340782 0.7378666201117319 0.8158825069832403 0.7324109636871509 0.8180647695530727 0.7073149441340782 0.8060623254189945 0.6745810055865922 0.5889271997206704 0.6756721368715084 0.6052941689944134 0.689856843575419 0.6773088337988826 0.6942213687150838 0.6816733589385475 0.8284305167597765 0.7013137220670391 0.8578910614525139 0.7460501047486034 0.8033344972067039 0.7427767108938548 0.7695094273743017 0.7351387918994414 0.7695094273743017 0.732956529329609 0.7029504189944135
5 0.6653063896648046 0.896080656424581 0.6478482891061452 0.874258030726257 0.6380281075418994 0.8731668994413407 0.6380281075418994 0.9026274441340782 0.6162054818435754 0.9168121508379888 0.5660134427374302 0.9059008379888268 0.385976780726257 0.9779155027932961 0.3888526910415004 0.998046875 0.5496464734636872 0.998046875
2 0.9904635125698324 0.6331180167597765 0.9642763617318435 0.651667248603352 0.9435448673184357 0.6745810055865922 0.8649834148044693 0.7880586592178771 0.8671656773743017 0.8186103351955307 0.9020818784916202 0.8666201117318436 0.9151754539106145 0.901536312849162 0.8977173533519553 0.9757332402234636 0.8671656773743017 0.9888268156424581 0.8453430516759777 0.9670041899441341 0.8333406075418994 0.956092877094972 0.8126091131284916 0.9571840083798883 0.7951510125698324 0.9255412011173184 0.7951510125698324 0.9004451815642458 0.782057437150838 0.879713687150838 0.6658373419418396 0.998046875 0.998046875 0.998046875 0.998046875 0.6276623603351955
1 0.98828125 0.5229137569832403 0.9642763617318435 0.510911312849162 0.9555473114525139 0.489088687150838 0.9620940991620113 0.4629015363128492 0.9817344622905029 0.37888442737430167 0.998046875 0.38105941573556795 0.998046875 0.5207314944134078
1 0.9970103002793296 0.22939944134078213 0.977369937150838 0.22939944134078213 0.9675497555865922 0.22176152234636873 0.9468182611731844 0.25558659217877094 0.9424537360335197 0.26322451117318435 0.9588207053072626 0.2675890363128492 0.9577295740223464 0.2839560055865922 0.9348158170391061 0.3297835195530726 0.998046875 0.3339298184357542
1 0.9359069483240223 0.5261871508379888 0.9271778980446927 0.46181040502793297 0.8988084846368716 0.44326117318435754 0.8573454958100559 0.4596281424581006 0.8464341829608939 0.4770862430167598 0.8289760824022347 0.478177374301676 0.7973332751396649 0.4901798184357542 0.7766017807262571 0.510911312849162 0.7667815991620113 0.5240048882681564 0.771146124301676 0.5534654329608939 0.7809663058659218 0.5818348463687151 0.819155900837989 0.5992929469273743 0.8366140013966481 0.5807437150837989 0.8497075768156426 0.5872905027932961 0.8497075768156426 0.6112953910614525 0.8671656773743017 0.6123865223463687 0.8857149092178771 0.6232978351955307 0.8944439594972067 0.6265712290502793 0.8878971717877095 0.6123865223463687 0.9097197974860336 0.5992929469273743 0.912993191340782 0.5818348463687151 0.9380892108938548 0.5687412709497207 0.9206311103351956 0.5425541201117319
1 0.6140232192737431 0.0002618715083798984 0.6074764315642458 0.03736033519553073 0.6205700069832403 0.06791201117318438 0.6489394203910615 0.05809182960893856 0.6631241270949721 0.03736033519553073 0.6674886522346368 0.0024441340782123005
1 0.5660134427374302 0.0002618715083798984 0.548555342178771 0.010082053072625708 0.526732716480447 0.02754015363128493 0.5278238477653632 0.05372730446927375 0.5038189594972067 0.06136522346368716 0.4929076466480447 0.04499825418994414 0.49395411767571773 6.938893903907228e-18
1 0.4743584148044692 0.004626396648044703 0.47108502094972066 0.02972241620111733 0.45144465782122906 0.04172486033519554 0.43180429469273746 0.030813547486033533 0.4348856494413408 0.0
1 0.3063241969273743 0.005717527932960903 0.3019596717877095 0.06682087988826817 0.28559270251396646 0.0951902932960894 0.22339821927374298 0.0919168994413408 0.21685143156424574 0.05263617318435755 0.20048446229050282 0.036269203910614535 0.1930172732500821 -6.938893903907228e-18
1 0.001953125 0.0484375 0.025390625 0.05703125 0.04023437500000002 0.04921875 0.05429687500000002 0.05859375 0.07148437500000002 0.0453125 0.083984375 0.065625 0.12460937500000002 0.0703125 0.13320312500000003 0.10234375 0.139453125 0.140625 0.169921875 0.13359375 0.190234375 0.1515625 0.193359375 0.17734375 0.17617187500000003 0.215625 0.173046875 0.24921875 0.12460937500000002 0.27265625 0.13320312500000003 0.3 0.150390625 0.3171875 0.11367187500000003 0.3109375 0.099609375 0.2921875 0.052734375 0.29375 0.0 0.28929357394366195
1 0.00039062500000000555 0.96640625 0.015234375000000022 0.9546875 0.015234375000000022 0.9265625 0.023046875000000022 0.87421875 0.027734375000000006 0.8578125 0.047265625000000006 0.834375 0.07382812500000002 0.7546875 0.08867187500000001 0.74140625 0.10039062500000001 0.7296875 0.095703125 0.62265625 0.09492187500000002 0.56875 0.087890625 0.525 0.07148437500000002 0.490625 0.047265625000000006 0.46484375 0.024609375000000017 0.45625 0.0 0.45548095703124997 0.0 0.96328125
1 0.606640625 0.275 0.587890625 0.28984375 0.569140625 0.290625 0.5589843750000001 0.30625 0.5699218749999999 0.31875 0.5621093749999999 0.33515625 0.551953125 0.34453125 0.544140625 0.38046875 0.5582031249999999 0.41015625 0.602734375 0.41484375 0.637890625 0.4109375 0.641796875 0.36953125 0.647265625 0.33515625 0.6480468749999999 0.29453125 0.6636718749999999 0.2765625 0.6488281250000001 0.2609375 0.6324218749999999 0.23984375 0.608203125 0.2390625
1 0.41367187499999997 0.39375 0.395703125 0.4203125 0.391796875 0.440625 0.40820312500000006 0.45546875 0.44960937500000003 0.45234375 0.45273437499999997 0.434375 0.45273437499999997 0.40546875
2 0.001953125 0.00234375 0.002734375000000011 0.03984375 0.023828125000000006 0.0515625 0.039453125000000006 0.04140625 0.05351562500000001 0.05078125 0.074609375 0.0375 0.08710937500000002 0.06015625 0.130859375 0.06640625 0.14492187500000003 0.13359375 0.17226562500000003 0.12578125 0.19570312500000003 0.14609375 0.19960937500000003 0.1765625 0.182421875 0.21875 0.181640625 0.24765625 0.13320312500000003 0.27734375 0.14023437500000002 0.29765625 0.162890625 0.3203125 0.130859375 0.325 0.11445312499999999 0.31875 0.095703125 0.29921875 0.00039062500000000555 0.29765625 0.0 0.3718750000000026 0.0 0.44765625 0.037109375 0.453125 0.05429687500000002 0.46171875 0.07929687500000002 0.4890625 0.086328125 0.48125 0.08164062500000002 0.45390625 0.09101562500000002 0.4484375 0.111328125 0.45546875 0.145703125 0.4609375 0.141796875 0.42890625 0.15195312500000002 0.39609375 0.181640625 0.39140625 0.244921875 0.39140625 0.244921875 0.44375 0.319140625 0.44609375 0.32851562500000003 0.49296875 0.335546875 0.51015625 0.333984375 0.53125 0.358203125 0.53046875 0.364453125 0.55390625 0.389453125 0.54609375 0.377734375 0.45390625 0.39492187500000003 0.45625 0.380078125 0.43984375 0.408984375 0.3875 0.45664062499999997 0.3984375 0.46523437500000003 0.421875 0.458203125 0.45078125 0.545703125 0.446875 0.5628906250000001 0.47109375 0.587890625 0.525 0.6050781249999999 0.56484375 0.599609375 0.6171875 0.841015625 0.615625 0.8441406250000001 0.59609375 0.837109375 0.59140625 0.8207031250000001 0.60625 0.778515625 0.5875 0.766796875 0.5609375 0.758984375 0.5171875 0.7933593750000001 0.4828125 0.841796875 0.46796875 0.8519531249999999 0.4546875 0.900390625 0.4359375 0.9300781249999999 0.4546875 0.9417968749999999 0.52109375 0.954296875 0.51484375 0.9449218749999999 0.490625 0.9769531249999999 0.3703125 0.998046875 0.37332589285714285 0.998046875 0.3421875 0.9222656249999999 0.33515625 0.9449218749999999 0.28046875 0.930859375 0.2765625 0.959765625 0.20703125 0.998046875 0.21677556818181817 0.998046875 0.00234375 0.676953125 0.00078125 0.6683593750000001 0.05078125 0.634765625 0.075 0.6128906249999999 0.075 0.5972656249999999 0.03515625 0.611328125 0.00078125 0.5777343749999999 0.00078125 0.544921875 0.02109375 0.5386718749999999 0.0546875 0.5082031250000001 0.075 0.483203125 0.053125 0.493359375 0.00234375 0.485546875 0.0015625 0.471484375 0.04609375 0.45507812500000006 0.053125 0.42773437500000006 0.040625 0.42929687499999997 0.0 0.316015625 0.0 0.315234375 0.03984375 0.314453125 0.07734375 0.294921875 0.1 0.244921875 0.103125 0.213671875 0.1 0.205078125 0.053125 0.18320312500000002 0.03125 0.184765625 0.003125
2 0.099609375 0.7390625 0.07773437500000002 0.76015625 0.052734375 0.8359375 0.029296875 0.8671875 0.021484375 0.95 0.002734375000000011 0.9765625 0.0 0.9814843750000001 0.0 0.99765625 0.381640625 0.996875 0.38085937500000006 0.975 0.565234375 0.8984375 0.615234375 0.91171875 0.6332031250000001 0.896875 0.6332031250000001 0.86640625 0.6488281250000001 0.86484375 0.6714843749999999 0.890625 0.6957031250000001 0.8625 0.673828125 0.83203125 0.6722656250000001 0.70390625 0.606640625 0.696875 0.587890625 0.68671875 0.591015625 0.77734375 0.5738281249999999 0.803125 0.572265625 0.80859375 0.572265625 0.821875 0.5628906250000001 0.84140625 0.533984375 0.85859375 0.49023437500000006 0.86484375 0.458203125 0.88125 0.43398437500000003 0.88515625 0.403515625 0.8859375 0.38476562500000006 0.871875 0.358203125 0.8875 0.337109375 0.8859375 0.321484375 0.89296875 0.28554687500000003 0.88203125 0.25820312500000003 0.88671875 0.227734375 0.8859375 0.18007812500000003 0.8921875 0.123046875 0.89765625 0.08554687500000002 0.8984375 0.098046875 0.83359375 0.10039062500000001 0.8
1 0.358203125 0.5578125 0.335546875 0.5609375 0.323828125 0.5625 0.306640625 0.58046875 0.300390625 0.59453125 0.28945312500000003 0.61796875 0.26992187500000003 0.64296875 0.276171875 0.6671875 0.291796875 0.6671875 0.280859375 0.71328125 0.30507812500000003 0.7453125 0.344921875 0.7625 0.366015625 0.75546875 0.38867187500000006 0.72734375 0.40429687500000006 0.75078125 0.41445312500000003 0.778125 0.446484375 0.7859375 0.467578125 0.78359375 0.49414062500000006 0.8078125 0.5074218749999999 0.82578125 0.537109375 0.81640625 0.5511718750000001 0.80078125 0.559765625 0.8046875 0.5863281250000001 0.7765625 0.580859375 0.6859375 0.575390625 0.67109375 0.548046875 0.646875 0.5472656250000001 0.60390625 0.5464843749999999 0.559375 0.533203125 0.53984375 0.501171875 0.553125 0.49179687499999997 0.57578125 0.494921875 0.59765625 0.491015625 0.6203125 0.491015625 0.6484375 0.48398437499999997 0.65 0.481640625 0.62109375 0.47226562499999997 0.59765625 0.45742187500000003 0.575 0.44101562499999997 0.57265625 0.43398437500000003 0.559375 0.43007812500000003 0.5703125 0.419140625 0.5703125 0.41992187500000006 0.58125 0.41445312500000003 0.5953125 0.399609375 0.60703125 0.395703125 0.603125 0.39023437499999997 0.58671875 0.37539062500000003 0.57421875
