1 0.002495659722222099 0.7463107638888888 0.01985677083333326 0.7376302083333334 0.03396267361111116 0.7191840277777778 0.03070746527777768 0.7072482638888888 0.07411024305555558 0.6627604166666667 0.17176649305555558 0.4750434027777778 0.21408420138888884 0.4262152777777778 0.28244357638888884 0.3676215277777778 0.38118489583333326 0.2938368055555556 0.45822482638888884 0.27213541666666674 0.5200737847222222 0.26236979166666674 0.5645616319444444 0.26345486111111116 0.5981987847222222 0.2797309027777778 0.6361762152777778 0.3101128472222222 0.6763237847222222 0.34375 0.6958550347222222 0.3969184027777778 0.7056206597222222 0.4848090277777778 0.7511935763888888 0.4717881944444444 1.0 0.4469075520833333 1.0 0.001953125 0.001953125 0.001953125
1 0.6925998263888888 0.45768229166666674 0.6600477430555556 0.4750434027777778 0.6220703125 0.4359809027777778 0.5873480902777778 0.40234375 0.6209852430555556 0.36545138888888895 0.6405164930555556 0.38064236111111116 0.6416015625 0.3448350694444444 0.6242404513888888 0.33181423611111116 0.5981987847222222 0.2894965277777778 0.6578776041666666 0.33072916666666674 0.678493923611111 0.3578559027777778 0.6991102430555556 0.412109375
3 0.47233072916666663 0.314453125 0.5179036458333333 0.30794270833333337 0.5211588541666666 0.2894965277777778 0.5764973958333333 0.2938368055555556 0.5754123263888888 0.33615451388888895 0.5884331597222222 0.33723958333333337 0.5895182291666666 0.3643663194444444 0.5732421875 0.36111111111111116 0.5743272569444444 0.3871527777777778 0.4799262152777778 0.37087673611111116
1 0.5037977430555556 0.29275173611111116 0.48860677083333326 0.30794270833333337 0.512478298611111 0.30685763888888895 0.5146484375 0.30251736111111116
0 0.7001953125 0.5444878472222223 0.6741536458333333 0.5542534722222223 0.6741536458333333 0.47287326388888895 0.6925998263888888 0.4696180555555556 0.7023654513888888 0.48697916666666674
0 0.6622178819444444 0.6139322916666667 0.6643880208333333 0.5802951388888888 0.6546223958333333 0.5965711805555556 0.6242404513888888 0.6019965277777778 0.5927734375 0.5857204861111112 0.5580512152777778 0.5542534722222223 0.5450303819444444 0.5249565972222223 0.502712673611111 0.5173611111111112 0.5081380208333333 0.5520833333333334 0.5330946180555556 0.5509982638888888 0.5363498263888888 0.5640190972222223 0.5743272569444444 0.5922309027777778 0.5960286458333333 0.6182725694444444 0.600368923611111 0.6388888888888888 0.6166449652777778 0.6388888888888888 0.6188151041666666 0.6573350694444444 0.6318359375 0.63671875 0.649197048611111 0.6356336805555556
0 0.5873480902777778 0.4164496527777778 0.5602213541666666 0.40451388888888895 0.5048828125 0.490234375 0.49837239583333326 0.4858940972222222 0.5016276041666666 0.5151909722222223 0.5385199652777778 0.5227864583333334 0.5428602430555556 0.490234375 0.5504557291666666 0.4663628472222222
0 0.5678168402777778 0.4034288194444444 0.5819227430555556 0.4131944444444444 0.5873480902777778 0.392578125 0.6057942708333333 0.373046875 0.6166449652777778 0.3621961805555556 0.6361762152777778 0.373046875 0.639431423611111 0.34700520833333337 0.6188151041666666 0.333984375 0.6155598958333333 0.32096354166666674 0.5949435763888888 0.2905815972222222 0.5797526041666666 0.2808159722222222 0.5775824652777778 0.2894965277777778 0.5851779513888888 0.30143229166666674 0.5895182291666666 0.3101128472222222 0.590603298611111 0.32747395833333337 0.5949435763888888 0.34157986111111116 0.5960286458333333 0.3621961805555556 0.5851779513888888 0.37087673611111116 0.5797526041666666 0.38498263888888895 0.5754123263888888 0.3936631944444444
0 0.4951171875 0.46853298611111116 0.5211588541666666 0.43381076388888895 0.5048828125 0.4131944444444444 0.48860677083333326 0.42404513888888895
3 0.5179036458333333 0.4229600694444444 0.532009548611111 0.40234375 0.5157335069444444 0.38606770833333337 0.5059678819444444 0.40017361111111116 0.5016276041666666 0.3838975694444444 0.48318142361111105 0.37955729166666674 0.4864366319444444 0.4175347222222222 0.49837239583333326 0.40993923611111116
3 0.40071614583333326 0.43489583333333337 0.2618272569444444 0.5303819444444444 0.2314453125 0.43489583333333337 0.38118489583333326 0.3328993055555556 0.3779296875 0.2992621527777778 0.42458767361111116 0.28298611111111116 0.43326822916666674 0.3155381944444444 0.46799045138888884 0.3101128472222222 0.49186197916666663 0.49348958333333337 0.5179036458333333 0.6681857638888888 0.5244140625 0.705078125 0.5298394097222222 0.7582465277777778 0.5070529513888888 0.7690972222222222 0.4994574652777778 0.7180989583333334 0.4907769097222222 0.7235243055555556 0.49294704861111105 0.7625868055555556 0.4647352430555556 0.7745225694444444 0.4560546875 0.7376302083333334
3 0.0046657986111111605 0.7994791666666666 0.07953559027777768 0.7680121527777778 0.08604600694444442 0.8287760416666666 0.1099175347222221 0.9220920138888888 0.06000434027777768 0.9361979166666666 0.01551649305555558 0.9524739583333334 0.001953125 0.9493439503205128
0 0.002495659722222099 0.7777777777777778 0.1099175347222221 0.7267795138888888 0.10340711805555558 0.705078125 0.0849609375 0.7018229166666667 0.0806206597222221 0.6627604166666667 0.03830295138888884 0.7029079861111112 0.0415581597222221 0.7202690972222223 0.03938802083333326 0.7365451388888888 0.001953125 0.753292329130117 0.001953125 0.7756076388888888 0.001953125 0.7777777777777778
0 0.18695746527777768 0.7029079861111112 0.17068142361111116 0.7105034722222223 0.1685112847222221 0.6920572916666667 0.1826171875 0.6833767361111112 0.18044704861111116 0.666015625 0.1880425347222221 0.6497395833333334 0.1880425347222221 0.6323784722222223 0.19455295138888884 0.6388888888888888 0.1923828125 0.65625 0.19346788194444442 0.6746961805555556 0.19997829861111116 0.6953125
0 0.4614800347222222 0.7680121527777778 0.44845920138888884 0.7756076388888888 0.4419487847222221 0.7615017361111112 0.42024739583333326 0.763671875 0.4072265625 0.7463107638888888 0.3985460069444444 0.7419704861111112 0.38118489583333326 0.7495659722222223 0.3822699652777777 0.7354600694444444 0.38986545138888884 0.7159288194444444 0.38552517361111116 0.6953125 0.3876953125 0.6790364583333334 0.4018012152777777 0.6866319444444444 0.42024739583333326 0.7007378472222223 0.4310980902777777 0.6920572916666667 0.4408637152777777 0.6898871527777778 0.45388454861111116 0.7332899305555556
0 0.43977864583333326 0.6790364583333334 0.43977864583333326 0.685546875 0.4267578125 0.6877170138888888 0.41916232638888884 0.6768663194444444 0.4072265625 0.6703559027777778 0.39963107638888884 0.6801215277777778 0.38986545138888884 0.67578125 0.3931206597222221 0.6605902777777778 0.39095052083333326 0.6421440972222223 0.38986545138888884 0.6323784722222223 0.4072265625 0.6334635416666667 0.4267578125 0.6345486111111112 0.4365234375 0.6421440972222223
0 0.4321831597222221 0.6280381944444444 0.4159071180555556 0.6291232638888888 0.4126519097222221 0.6117621527777778 0.40939670138888884 0.5922309027777778 0.39420572916666674 0.5922309027777778 0.3974609375 0.6095920138888888 0.4018012152777777 0.6258680555555556 0.38118489583333326 0.626953125 0.3822699652777777 0.6106770833333334 0.38009982638888884 0.5922309027777778 0.3573133680555556 0.5813802083333334 0.3301866319444444 0.5672743055555556 0.3182508680555556 0.55859375 0.30197482638888884 0.5466579861111112 0.28678385416666674 0.5520833333333334 0.27810329861111116 0.5651041666666667 0.2802734375 0.5737847222222223 0.2509765625 0.5802951388888888 0.25314670138888884 0.5520833333333334 0.24555121527777768 0.5466579861111112 0.28244357638888884 0.5217013888888888 0.3985460069444444 0.44466145833333337 0.41482204861111116 0.5314670138888888
0 0.24338107638888884 0.5065104166666667 0.22493489583333326 0.5184461805555556 0.22601996527777768 0.5401475694444444 0.24012586805555558 0.5455729166666667 0.25857204861111116 0.5379774305555556
0 0.22819010416666674 0.4750434027777778 0.18912760416666674 0.502170138888889 0.17502170138888884 0.4750434027777778 0.19889322916666674 0.44900173611111116 0.20540364583333326 0.4522569444444444 0.22276475694444442 0.44900173611111116 0.22493489583333326 0.44140625 0.23578559027777768 0.45334201388888895 0.2412109375 0.47287326388888895
0 0.21516927083333326 0.42947048611111116 0.3735894097222221 0.3046875 0.37467447916666674 0.3328993055555556 0.2314453125 0.4327256944444444
1 0.7132161458333333 0.48372395833333337 0.7511935763888888 0.4750434027777778 0.8683810763888888 0.46310763888888895 1.0 0.45037032370071683 0.9985894097222222 0.9969618055555556 0.6513671875 0.9991319444444444 0.001953125 0.9991319444444444 0.001953125 0.9546440972222222 0.05023871527777768 0.9416232638888888 0.10666232638888884 0.927517361111111 0.11534288194444442 0.9069010416666666 0.12510850694444442 0.8569878472222222 0.11208767361111116 0.802734375 0.11642795138888884 0.7821180555555556 0.10666232638888884 0.7712673611111112 0.10883246527777768 0.744140625 0.001953125 0.791293275122549 0.001953125 0.783203125 0.10774739583333326 0.7311197916666667 0.20431857638888884 0.6974826388888888 0.3866102430555556 0.6649305555555556 0.3833550347222221 0.7007378472222223 0.3833550347222221 0.7224392361111112 0.3735894097222221 0.7398003472222223 0.37575954861111116 0.7560763888888888 0.39420572916666674 0.7463107638888888 0.40939670138888884 0.751736111111111 0.4159071180555556 0.7690972222222222 0.43326822916666674 0.7669270833333333 0.44303385416666674 0.7669270833333333 0.4473741319444444 0.7810329861111112 0.4571397569444444 0.7777777777777778 0.4712456597222222 0.7788628472222222 0.48209635416666663 0.7756076388888888 0.49294704861111105 0.7723524305555556 0.5113932291666666 0.7734375 0.5233289930555556 0.763671875 0.5406901041666666 0.7615017361111112 0.5623914930555556 0.7278645833333334 0.5775824652777778 0.7018229166666667 0.5873480902777778 0.6888020833333334 0.6242404513888888 0.6497395833333334 0.6416015625 0.6410590277777778 0.6481119791666666 0.6410590277777778 0.6622178819444444 0.6280381944444444 0.6676432291666666 0.6171875 0.6665581597222222 0.5868055555555556 0.6774088541666666 0.55859375 0.6969401041666666 0.5509982638888888 0.7034505208333333 0.5455729166666667 0.7023654513888888 0.5347222222222223 0.7034505208333333 0.5151909722222223 0.7045355902777778 0.5
3 0.5699869791666666 0.6150173611111112 0.5233289930555556 0.63671875 0.5276692708333333 0.6584201388888888 0.5396050347222222 0.6584201388888888 0.5678168402777778 0.6508246527777778 0.5851779513888888 0.6453993055555556
0 0.5623914930555556 0.6150173611111112 0.5580512152777778 0.6052517361111112 0.5428602430555556 0.6171875 0.5330946180555556 0.6085069444444444 0.5309244791666666 0.5944010416666667 0.5233289930555556 0.5716145833333334 0.522243923611111 0.5553385416666667 0.5059678819444444 0.5575086805555556 0.5135633680555556 0.6041666666666667 0.5157335069444444 0.6345486111111112 0.5330946180555556 0.6323784722222223 0.551540798611111 0.6204427083333334
1 0.3866102430555556 0.6595052083333334 0.3887803819444444 0.646484375 0.3866102430555556 0.6334635416666667 0.3779296875 0.6291232638888888 0.3790147569444444 0.6150173611111112 0.37575954861111116 0.6009114583333334 0.3725043402777777 0.5900607638888888 0.35622829861111116 0.5846354166666667 0.33561197916666674 0.5737847222222223 0.3149956597222221 0.5694444444444444 0.3106553819444444 0.5596788194444444 0.2998046875 0.5509982638888888 0.28352864583333326 0.5564236111111112 0.28352864583333326 0.5651041666666667 0.28244357638888884 0.578125 0.26291232638888884 0.5813802083333334 0.24555121527777768 0.5813802083333334 0.24880642361111116 0.568359375 0.24880642361111116 0.5564236111111112 0.23253038194444442 0.5509982638888888 0.22276475694444442 0.5444878472222223 0.22276475694444442 0.5260416666666667 0.22059461805555558 0.5173611111111112 0.2368706597222221 0.5065104166666667 0.2368706597222221 0.4956597222222222 0.23036024305555558 0.48372395833333337 0.2075737847222221 0.490234375 0.19672309027777768 0.4989149305555556 0.19021267361111116 0.5065104166666667 0.18044704861111116 0.49240451388888895 0.1728515625 0.4815538194444444 0.16959635416666674 0.47829861111111116 0.12510850694444442 0.5716145833333334 0.0806206597222221 0.6540798611111112 0.08279079861111116 0.6746961805555556 0.08604600694444442 0.6963975694444444 0.1001519097222221 0.7018229166666667 0.10666232638888884 0.705078125 0.11208767361111116 0.7202690972222223 0.1142578125 0.7267795138888888 0.16417100694444442 0.7094184027777778 0.16959635416666674 0.7029079861111112 0.16417100694444442 0.6920572916666667 0.17719184027777768 0.6801215277777778 0.17610677083333326 0.6703559027777778 0.17719184027777768 0.6540798611111112 0.18044704861111116 0.6432291666666667 0.18478732638888884 0.6291232638888888 0.19129774305555558 0.6215277777777778 0.19889322916666674 0.63671875 0.19346788194444442 0.666015625 0.20106336805555558 0.6822916666666667 0.20431857638888884 0.6920572916666667 0.21082899305555558 0.6963975694444444 0.3377821180555556 0.6714409722222223
0 0.10557725694444442 0.9079861111111112 0.08821614583333326 0.8211805555555556 0.10883246527777768 0.8103298611111112 0.11751302083333326 0.8309461805555556 0.12185329861111116 0.8548177083333333 0.11859809027777768 0.8819444444444444 0.1196831597222221 0.9047309027777778
1 0.08604600694444442 0.8168402777777778 0.10666232638888884 0.8059895833333333 0.1044921875 0.7907986111111112 0.08713107638888884 0.783203125
5 0.10883246527777768 0.7973090277777778 0.11317274305555558 0.7799479166666666 0.1044921875 0.7745225694444444 0.10883246527777768 0.7506510416666666 0.09255642361111116 0.7593315972222222 0.07628038194444442 0.7615017361111112 0.08170572916666674 0.7777777777777778 0.08279079861111116 0.7853732638888888 0.09364149305555558 0.7821180555555556 0.10123697916666674 0.7864583333333333
