4 0.4397908834586466 0.9978265977443609 0.40160949248120303 0.790765977443609 0.40307800751879697 0.598390507518797 0.39720394736842113 0.3575540413533834 0.3839873120300752 0.14021381578947367 0.3739058033266761 0.001953125 0.0 0.001953125 0.0007048872180451804 0.9992951127819548
1 0.4588815789473685 0.9978265977443609 0.4515390037593985 0.9728618421052632 0.5161536654135338 0.9669877819548872 0.497062969924812 0.9155897556390977 0.4471334586466166 0.8788768796992481 0.44125939849624063 0.8465695488721804 0.5 0.8436325187969924 0.4530075187969925 0.8113251879699248 0.4603500939849624 0.7702067669172932 0.4926574248120301 0.7423049812030076 0.5513980263157895 0.7378994360902256 0.595453477443609 0.7364309210526316 0.6174812030075189 0.689438439849624 0.6424459586466166 0.6732847744360902 0.6865014097744361 0.6439144736842106 0.7085291353383458 0.6248237781954887 0.7393679511278196 0.6116071428571428 0.7672697368421052 0.6512570488721805 0.7496475563909774 0.7217457706766917 0.7452420112781956 0.7702067669172932 0.7540531015037594 0.8025140977443609 0.7687382518796994 0.8274788533834586 0.799577067669173 0.8656602443609023 0.8274788533834586 0.886219454887218 0.8025140977443609 0.9214638157894737 0.780486372180451 0.9948895676691729
2 0.5220277255639098 0.7099976503759399 0.595453477443609 0.7099976503759399 0.5910479323308271 0.6483200187969924 0.5572720864661654 0.6101386278195489 0.5440554511278196 0.5851738721804511 0.5190906954887218 0.5851738721804511
0 0.5234962406015038 0.5807683270676691 0.5587406015037594 0.5807683270676691 0.5499295112781954 0.495594454887218 0.5161536654135338 0.49853148496240596
0 0.45741306390977443 0.9596452067669172 0.48678336466165417 0.9478970864661654 0.4926574248120301 0.9214638157894737 0.4530075187969925 0.887687969924812 0.44566494360902253 0.889156484962406
0 0.44566494360902253 0.8362899436090225 0.4647556390977444 0.8392269736842105 0.45741306390977443 0.8245418233082706 0.44125939849624063 0.8113251879699248
0 0.43832236842105265 0.7966400375939849 0.4559445488721805 0.798108552631579 0.44566494360902253 0.7613956766917294 0.4926574248120301 0.7334938909774436 0.5117481203007519 0.7173402255639099 0.5161536654135338 0.601327537593985 0.50734257518797 0.5205592105263158 0.50734257518797 0.3795817669172932 0.5088110902255639 0.20042293233082709 0.5 0.034480733082706716 0.4882518796992481 0.006578947368421018 0.46327243890977443 0.001953125 0.40160949248120303 0.001953125 0.4251057330827068 0.5249647556390977 0.4368538533834586 0.7658012218045113
1 0.6248237781954887 0.3252467105263157 0.599859022556391 0.2738486842105263 0.6072015977443609 0.18426926691729317 0.6688792293233082 0.14608787593984962 0.7276198308270677 0.19601738721804507 0.7246828007518796 0.2532894736842105 0.7085291353383458 0.30321898496240596 0.6747532894736842 0.3414003759398496 0.6262922932330827 0.3414003759398496
2 0.7937030075187971 0.9919525375939849 0.8142622180451128 0.9214638157894737 0.8406954887218044 0.8920935150375939 0.8289473684210525 0.8597861842105263 0.7775493421052632 0.8245418233082706 0.7555216165413533 0.7790178571428571 0.7599271616541353 0.7085291353383458 0.7731437969924811 0.6630051691729324 0.7790178571428571 0.6160126879699248 0.7437734962406014 0.602796052631579 0.7320253759398497 0.602796052631579 0.7305568609022556 0.5558035714285714 0.7305568609022556 0.510279605263158 0.7261513157894738 0.4647556390977443 0.696781015037594 0.4441964285714285 0.6791588345864662 0.4280427631578947 0.6336348684210527 0.4162946428571428 0.5866423872180451 0.41776315789473684 0.5704887218045113 0.45007048872180444 0.5572720864661654 0.47356672932330823 0.5367128759398496 0.48531484962406013 0.5205592105263158 0.47797227443609014 0.5190906954887218 0.35021146616541354 0.5205592105263158 0.2371358082706767 0.5146851503759399 0.15636748120300747 0.5146851503759399 0.07706766917293228 0.6086701127819549 0.07266212406015038 0.6365718984962406 0.109375 0.6483200187969925 0.14461936090225558 0.595453477443609 0.1607730263157895 0.5881109022556391 0.24741541353383456 0.599859022556391 0.3237781954887218 0.6424459586466166 0.3604910714285714 0.7099976503759399 0.34286889097744355 0.7334938909774437 0.27825422932330823 0.7423049812030075 0.20042293233082709 0.7129346804511278 0.15196193609022557 0.7320253759398497 0.11965460526315785 0.7628641917293234 0.14315084586466165 0.805451127819549 0.1886748120300752 0.8260103383458647 0.2415413533834586 0.892093515037594 0.2767857142857143 0.9567081766917293 0.26650610902255634 0.998046875 0.2821863049325901 0.998046875 0.5352443609022557 0.9523026315789475 0.5939849624060151 0.9376174812030075 0.6556625939849624 0.9111842105263158 0.7790178571428571 0.9214638157894738 0.8509750939849624 0.9258693609022556 0.9244008458646616 0.9596452067669173 0.9567081766917293 0.9508341165413533 0.987546992481203 0.9284187030075187 1.0
1 0.9728618421052632 0.9904840225563909 0.9625822368421052 0.9464285714285714 0.9420230263157895 0.9302749060150376 0.9420230263157895 0.8759398496240601 0.9229323308270677 0.8230733082706767 0.9214638157894738 0.7804863721804511 0.9302749060150376 0.699718045112782 0.9581766917293234 0.6248237781954887 0.986078477443609 0.5558035714285714 0.998046875 0.5558035714285714 0.998046875 0.9963580827067668
1 0.9772673872180452 0.2576950187969924 0.9288063909774437 0.2532894736842105 0.8818139097744361 0.2606320488721804 0.8377584586466166 0.23566729323308266 0.8260103383458647 0.20335996240601506 0.8098566729323308 0.17398966165413532 0.7892974624060151 0.1534304511278195 0.7716752819548872 0.10496945488721798 0.7261513157894738 0.08881578947368418 0.7114661654135338 0.11524906015037595 0.6909069548872181 0.1137805451127819 0.6688792293233082 0.09175281954887216 0.6395089285714286 0.09468984962406013 0.602796052631579 0.05944548872180455 0.5264332706766918 0.06678806390977443 0.502937030075188 0.025669642857142794 0.5015419407894738 0.001953125 0.996358082706767 0.001953125 0.996358082706767 0.2576950187969924
3 0.6277608082706767 0.6688792293233083 0.5851738721804511 0.6306978383458647 0.5704887218045113 0.6101386278195489 0.5631461466165414 0.5499295112781954 0.5616776315789473 0.5176221804511278 0.5792998120300752 0.4720982142857143 0.5851738721804511 0.44272791353383456 0.6233552631578948 0.4251057330827067 0.6820958646616542 0.4353853383458647 0.7129346804511278 0.4676926691729323 0.7158717105263158 0.5161536654135339 0.7158717105263158 0.5734257518796992 0.7129346804511278 0.6233552631578947 0.6659421992481203 0.6439144736842106
