4 0.5602091165413534 0.9978265977443609 0.598390507518797 0.790765977443609 0.596921992481203 0.598390507518797 0.6027960526315789 0.3575540413533834 0.6160126879699248 0.14021381578947367 0.6260941966733239 0.001953125 1.0 0.001953125 0.9992951127819548 0.9992951127819548
1 0.5411184210526315 0.9978265977443609 0.5484609962406015 0.9728618421052632 0.4838463345864662 0.9669877819548872 0.502937030075188 0.9155897556390977 0.5528665413533834 0.8788768796992481 0.5587406015037594 0.8465695488721804 0.5 0.8436325187969924 0.5469924812030075 0.8113251879699248 0.5396499060150376 0.7702067669172932 0.5073425751879699 0.7423049812030076 0.4486019736842105 0.7378994360902256 0.404546522556391 0.7364309210526316 0.38251879699248115 0.689438439849624 0.3575540413533834 0.6732847744360902 0.3134985902255639 0.6439144736842106 0.29147086466165417 0.6248237781954887 0.2606320488721804 0.6116071428571428 0.2327302631578948 0.6512570488721805 0.25035244360902265 0.7217457706766917 0.25475798872180444 0.7702067669172932 0.24594689849624063 0.8025140977443609 0.23126174812030065 0.8274788533834586 0.20042293233082698 0.8656602443609023 0.1725211466165414 0.886219454887218 0.1974859022556391 0.9214638157894737 0.21951362781954897 0.9948895676691729
2 0.47797227443609025 0.7099976503759399 0.404546522556391 0.7099976503759399 0.4089520676691729 0.6483200187969924 0.44272791353383456 0.6101386278195489 0.4559445488721804 0.5851738721804511 0.4809093045112782 0.5851738721804511
0 0.4765037593984962 0.5807683270676691 0.44125939849624063 0.5807683270676691 0.45007048872180455 0.495594454887218 0.4838463345864662 0.49853148496240596
0 0.5425869360902256 0.9596452067669172 0.5132166353383458 0.9478970864661654 0.5073425751879699 0.9214638157894737 0.5469924812030075 0.887687969924812 0.5543350563909775 0.889156484962406
0 0.5543350563909775 0.8362899436090225 0.5352443609022556 0.8392269736842105 0.5425869360902256 0.8245418233082706 0.5587406015037594 0.8113251879699248
0 0.5616776315789473 0.7966400375939849 0.5440554511278195 0.798108552631579 0.5543350563909775 0.7613956766917294 0.5073425751879699 0.7334938909774436 0.4882518796992481 0.7173402255639099 0.4838463345864662 0.601327537593985 0.49265742481203 0.5205592105263158 0.49265742481203 0.3795817669172932 0.4911889097744361 0.20042293233082709 0.5 0.034480733082706716 0.5117481203007519 0.006578947368421018 0.5367275610902256 0.001953125 0.598390507518797 0.001953125 0.5748942669172932 0.5249647556390977 0.5631461466165414 0.7658012218045113
1 0.37517622180451127 0.3252467105263157 0.400140977443609 0.2738486842105263 0.3927984022556391 0.18426926691729317 0.33112077067669177 0.14608787593984962 0.2723801691729323 0.19601738721804507 0.27531719924812037 0.2532894736842105 0.29147086466165417 0.30321898496240596 0.3252467105263158 0.3414003759398496 0.37370770676691734 0.3414003759398496
2 0.20629699248120292 0.9919525375939849 0.18573778195488722 0.9214638157894737 0.15930451127819556 0.8920935150375939 0.17105263157894746 0.8597861842105263 0.22245065789473684 0.8245418233082706 0.2444783834586467 0.7790178571428571 0.24007283834586468 0.7085291353383458 0.22685620300751885 0.6630051691729324 0.2209821428571429 0.6160126879699248 0.2562265037593986 0.602796052631579 0.26797462406015027 0.602796052631579 0.2694431390977444 0.5558035714285714 0.2694431390977444 0.510279605263158 0.2738486842105262 0.4647556390977443 0.30321898496240596 0.4441964285714285 0.3208411654135338 0.4280427631578947 0.36636513157894735 0.4162946428571428 0.41335761278195493 0.41776315789473684 0.42951127819548873 0.45007048872180444 0.44272791353383456 0.47356672932330823 0.4632871240601504 0.48531484962406013 0.4794407894736842 0.47797227443609014 0.4809093045112782 0.35021146616541354 0.4794407894736842 0.2371358082706767 0.48531484962406013 0.15636748120300747 0.48531484962406013 0.07706766917293228 0.39132988721804507 0.07266212406015038 0.36342810150375937 0.109375 0.3516799812030075 0.14461936090225558 0.404546522556391 0.1607730263157895 0.4118890977443609 0.24741541353383456 0.400140977443609 0.3237781954887218 0.3575540413533834 0.3604910714285714 0.29000234962406013 0.34286889097744355 0.26650610902255634 0.27825422932330823 0.2576950187969925 0.20042293233082709 0.28706531954887216 0.15196193609022557 0.26797462406015027 0.11965460526315785 0.2371358082706766 0.14315084586466165 0.19454887218045103 0.1886748120300752 0.17398966165413532 0.2415413533834586 0.10790648496240596 0.2767857142857143 0.04329182330827075 0.26650610902255634 0.001953125 0.2821863049325901 0.001953125 0.5352443609022557 0.047697368421052544 0.5939849624060151 0.062382518796992525 0.6556625939849624 0.08881578947368418 0.7790178571428571 0.07853618421052622 0.8509750939849624 0.07413063909774442 0.9244008458646616 0.040354793233082664 0.9567081766917293 0.0491658834586467 0.987546992481203 0.07158129699248128 1.0
1 0.027138157894736836 0.9904840225563909 0.0374177631578948 0.9464285714285714 0.05797697368421051 0.9302749060150376 0.05797697368421051 0.8759398496240601 0.07706766917293228 0.8230733082706767 0.07853618421052622 0.7804863721804511 0.0697250939849624 0.699718045112782 0.041823308270676596 0.6248237781954887 0.013921522556391008 0.5558035714285714 0.001953125 0.5558035714285714 0.001953125 0.9963580827067668
1 0.02273261278195482 0.2576950187969924 0.07119360902255634 0.2532894736842105 0.11818609022556392 0.2606320488721804 0.16224154135338342 0.23566729323308266 0.17398966165413532 0.20335996240601506 0.19014332706766923 0.17398966165413532 0.21070253759398494 0.1534304511278195 0.22832471804511278 0.10496945488721798 0.2738486842105262 0.08881578947368418 0.2885338345864662 0.11524906015037595 0.3090930451127819 0.1137805451127819 0.33112077067669177 0.09175281954887216 0.3604910714285714 0.09468984962406013 0.397203947368421 0.05944548872180455 0.47356672932330823 0.06678806390977443 0.497062969924812 0.025669642857142794 0.4984580592105262 0.001953125 0.0036419172932330435 0.001953125 0.0036419172932330435 0.2576950187969924
3 0.3722391917293233 0.6688792293233083 0.41482612781954886 0.6306978383458647 0.42951127819548873 0.6101386278195489 0.4368538533834586 0.5499295112781954 0.43832236842105265 0.5176221804511278 0.4207001879699248 0.4720982142857143 0.41482612781954886 0.44272791353383456 0.3766447368421052 0.4251057330827067 0.31790413533834583 0.4353853383458647 0.28706531954887216 0.4676926691729323 0.2841282894736842 0.5161536654135339 0.2841282894736842 0.5734257518796992 0.28706531954887216 0.6233552631578947 0.33405780075187974 0.6439144736842106
