3 0.6946149553571428 0.006835937500000047 0.7001953125 0.24958147321428575 0.5425502232142857 0.2523716517857143 0.5397600446428571 0.2356305803571429 0.5272042410714286 0.22865513392857148 0.5285993303571428 0.17982700892857148 0.5495256696428571 0.16169084821428575 0.5565011160714286 0.12402343750000003 0.5313895089285714 0.09891183035714289 0.5397600446428571 0.07240513392857147 0.5411551339285714 0.019391741071428617
3 0.3472377232142857 0.0012555803571429045 0.1463448660714285 0.0026506696428571903 0.1477399553571429 0.023577008928571477 0.1630859375000001 0.02497209821428576 0.1812220982142857 0.054268973214285754 0.2356305803571429 0.052873883928571466 0.2398158482142857 0.06961495535714289 0.2007533482142857 0.07659040178571433 0.2063337053571429 0.0877511160714286 0.3263113839285714 0.09333147321428575 0.3263113839285714 0.0500837053571429 0.3514229910714286 0.044503348214285754 0.3528180803571429 0.017996651785714333 0.34728064903846145 -3.469446951953614e-18
3 0.3599330357142858 0.18415178571428573 0.3744419642857143 0.20982142857142858 0.3800223214285715 0.23883928571428573 0.37109375 0.2767857142857143 0.3387276785714286 0.2924107142857143 0.3097098214285715 0.2622767857142857 0.3063616071428572 0.21540178571428573 0.32421875 0.19084821428571427
3 0.6166294642857143 0.34933035714285715 0.6356026785714286 0.5267857142857143 0.6143973214285714 0.6964285714285714 0.4157366071428572 0.6941964285714286 0.40234375 0.53125 0.3822544642857143 0.5345982142857143 0.3822544642857143 0.49107142857142855 0.3777901785714286 0.41964285714285715 0.37109375 0.3515625 0.3733258928571429 0.32589285714285715 0.3967633928571429 0.3046875 0.4190848214285715 0.2924107142857143 0.4291294642857143 0.265625 0.4938616071428572 0.2611607142857143 0.49609375 0.3470982142857143 0.4983258928571429 0.33035714285714285 0.5184151785714286 0.33035714285714285 0.5184151785714286 0.34933035714285715
3 0.48828125 0.7410714285714286 0.4280133928571429 0.7399553571428571 0.4280133928571429 0.7488839285714286 0.4157366071428572 0.7511160714285714 0.4146205357142858 0.8203125 0.4246651785714286 0.828125 0.42578125 0.8459821428571429 0.4347098214285715 0.8459821428571429 0.4358258928571429 0.8683035714285714 0.4893973214285715 0.8649553571428571 0.4893973214285715 0.8426339285714286
3 0.33984375 0.7154017857142857 0.33984375 0.8225446428571429 0.3309151785714286 0.8459821428571429 0.2293526785714286 0.8392857142857143 0.2237723214285715 0.7845982142857143 0.2315848214285715 0.7165178571428571 0.2650669642857143 0.7075892857142857
3 0.0228794642857143 0.6986607142857143 0.011718750000000111 0.7087053571428571 0.001953125 0.7087053571428571 0.001953125 0.7667410714285714 0.001953125 0.9854910714285714 0.01953125000000011 0.9776785714285714 0.0239955357142857 0.9408482142857143 0.057477678571428714 0.9419642857142857 0.0686383928571429 0.9207589285714286 0.0920758928571429 0.9095982142857143 0.0842633928571429 0.8638392857142857 0.07421875000000011 0.8069196428571429 0.0764508928571429 0.7779017857142857 0.06752232142857151 0.7511160714285714 0.04408482142857151 0.7399553571428571 0.045200892857142905 0.6941964285714286
3 0.5296456473214286 0.06054687500000004 0.4720982142857142 0.06577845982142862 0.4703543526785714 0.08496093750000004 0.5052315848214286 0.09368024553571432
3 0.48858322942643384 0.18898067331670823 0.4880961658354115 0.20018313591022446 0.47104894014962595 0.2074890897755611 0.45838528678304236 0.21041147132169577 0.4540017144638404 0.20213139027431423 0.45448877805486276 0.19385130922693267 0.4564370324189526 0.1894677369077307 0.47348425810473815 0.18995480049875313
1 0.7419008027522935 0.2222620412844037 0.7114392201834863 0.23480504587155965 0.7042717889908257 0.27064220183486243 0.7257740825688073 0.31185493119266056 0.7401089449541285 0.3333572247706422 0.7401089449541285 0.3709862385321101 0.7329415137614679 0.40861525229357804 0.7114392201834863 0.4319094036697248 0.6720183486238531 0.4534116972477064 0.6576834862385321 0.49641628440366975 0.6738102064220184 0.5197104357798166 0.7114392201834863 0.514334862385321 0.7347333715596331 0.4641628440366972 0.7580275229357798 0.4641628440366972 0.784905389908257 0.46237098623853207 0.7920728211009174 0.4032396788990826 0.8081995412844036 0.34948394495412843 0.8081995412844036 0.2993119266055046 0.7920728211009174 0.2616829128440367
1 0.7580275229357798 0.49641628440366975 0.7347333715596331 0.5501720183486238 0.7275659403669725 0.5931766055045871 0.722190366972477 0.6558916284403669 0.7132310779816513 0.6917287844036697 0.6953125 0.7060636467889909 0.668434633027523 0.7454845183486238 0.6720183486238531 0.7651949541284404 0.6612672018348624 0.801032110091743 0.6325974770642202 0.801032110091743 0.6057196100917432 0.8153669724770642 0.6236381880733946 0.8386611238532109 0.6343893348623852 0.8601634174311927 0.6433486238532111 0.8870412844036697 0.6415567660550459 0.9157110091743119 0.6397649082568808 0.9336295871559632 0.6558916284403671 0.9461725917431192 0.668434633027523 0.9587155963302751 0.680977637614679 0.9533400229357798 0.693520642201835 0.9354214449541285 0.7132310779816513 0.9515481651376148 0.7132310779816513 0.9694667431192661 0.7186066513761469 0.9873853211009174 0.7436926605504588 0.9963446100917432 0.7902809633027523 0.994552752293578 0.784905389908257 0.9479644495412844 0.7974483944954129 0.8942087155963303 0.8153669724770642 0.8691227064220184 0.8171588302752293 0.8332855504587156 0.8117832568807339 0.7759461009174311 0.7974483944954129 0.7490682339449541 0.7902809633027523 0.709647362385321 0.8046158256880733 0.680977637614679 0.8064076834862386 0.6612672018348624 0.7938646788990826 0.5824254587155964 0.7831135321100917 0.5394208715596329 0.772362385321101 0.5107511467889909
1 0.29572821100917435 0.19896788990825692 0.29931192660550465 0.24018061926605505 0.2939363532110093 0.2688503440366973 0.26347477064220204 0.3028956422018349 0.25989105504587173 0.3226060779816514 0.2383887614678899 0.34769208715596334 0.2276376146788992 0.3656106651376147 0.21330275229357798 0.38352924311926606 0.2061353211009176 0.4068233944954129 0.19717603211009194 0.43370126146788995 0.19180045871559637 0.473122133027523 0.18642488532110102 0.5 0.18104931192660567 0.5304615825688073 0.19538417431192667 0.577049885321101 0.19538417431192667 0.5967603211009174 0.13625286697247718 0.6558916284403669 0.12370986238532122 0.6702264908256881 0.0914564220183487 0.6738102064220184 0.05920298165137616 0.6666427752293578 0.05024369266055051 0.6110951834862386 0.052035550458715774 0.5752580275229358 0.016198394495412938 0.5555475917431192 0.001953125 0.50141556766055 0.005447247706422242 0.37815366972477066 0.046659977064220204 0.35306766055045874 0.06995412844036708 0.29752006880733944 0.07174598623853212 0.25809919724770647 0.06099483944954143 0.2365969036697248 0.028741399082568897 0.19180045871559637 0.001953125 0.15012981014271148 0.001953125 0.10041571100917435 0.007239105504587284 0.016198394495412882 0.021573967889908285 0.001863532110091784 0.09324827981651396 7.167431192664497e-05 0.09365443425076492 0.0 0.1470040137614681 0.039492545871559676 0.17029816513761475 0.07174598623853215 0.20792717889908263 0.10579128440366975 0.23301318807339455 0.12550172018348627 0.2652666284403671 0.1559633027522936
2 0.5215022935779816 0.10399942660550462 0.43549311926605516 0.1075831422018349 0.36561066513761475 0.11116685779816518 0.31006307339449557 0.10937500000000003 0.25451548165137616 0.10579128440366975 0.22942947247706424 0.11116685779816518 0.26347477064220204 0.13804472477064222 0.27780963302752304 0.15237958715596334 0.290352637614679 0.173881880733945 0.3190223623853212 0.1756737385321101 0.37636181192660567 0.16671444954128445 0.4050315366972479 0.1756737385321101 0.36919438073394506 0.1792574541284404 0.3781536697247707 0.19896788990825692 0.38711295871559637 0.21509461009174313 0.3853211009174313 0.23480504587155965 0.3853211009174313 0.25451548165137616 0.3853211009174313 0.27064220183486243 0.3745699541284404 0.2939363532110092 0.34769208715596345 0.29752006880733944 0.3082712155963303 0.28139334862385323 0.29214449541284404 0.29035263761467894 0.27064220183486243 0.3136467889908257 0.2455561926605505 0.35844323394495414 0.23659690366972486 0.3817373853211009 0.22226204128440386 0.40861525229357804 0.2276376146788992 0.4175745412844037 0.25809919724770647 0.41219896788990823 0.2796014908256881 0.42653383027522934 0.28139334862385335 0.45520355504587157 0.28497706422018365 0.48208142201834864 0.2867689220183487 0.5107511467889909 0.2867689220183487 0.5340452981651376 0.2867689220183487 0.5627150229357798 0.25809919724770647 0.589592889908257 0.2419724770642202 0.589592889908257 0.22226204128440386 0.5824254587155964 0.21688646788990829 0.5555475917431192 0.21688646788990829 0.5286697247706422 0.21688646788990829 0.5071674311926606 0.21509461009174324 0.48566513761467894 0.21688646788990829 0.460579128440367 0.21688646788990829 0.4247419724770642 0.19538417431192667 0.4641628440366972 0.19717603211009194 0.4838732798165138 0.19896788990825698 0.5071674311926606 0.19896788990825698 0.5215022935779816 0.20075974770642202 0.5412127293577982 0.20434346330275233 0.5537557339449541 0.2061353211009176 0.5698824541284404 0.2061353211009176 0.5931766055045871 0.19717603211009194 0.618262614678899 0.18463302752293598 0.6308056192660549 0.17209002293578002 0.6469323394495412 0.13804472477064222 0.6756020642201834 0.08787270642201839 0.6917287844036697 0.06099483944954143 0.6791857798165137 0.041284403669724856 0.6576834862385321 0.041284403669724856 0.6021358944954129 0.02515768348623859 0.5698824541284404 0.001953125 0.5698824541284404 0.001953125 0.6361811926605505 0.001953125 0.693520642201835 0.04307626146789012 0.682769495412844 0.05561926605504608 0.707855504587156 0.053827408256880815 0.7347333715596329 0.08249713302752304 0.7490682339449541 0.0914564220183487 0.7813216743119267 0.08787270642201839 0.8171588302752293 0.08966456422018365 0.8458285550458715 0.10041571100917435 0.8816657110091743 0.10220756880733961 0.9121272935779816 0.07353784403669739 0.9336295871559632 0.06099483944954143 0.9533400229357798 0.034116972477064245 0.9551318807339451 0.034116972477064245 0.9873853211009174 0.012793864678899203 0.998046875 0.2312213302752295 0.998046875 0.32439793577981657 0.998046875 0.3297735091743119 0.8601634174311927 0.24913990825688082 0.8476204128440368 0.21867832568807355 0.8512041284403669 0.2097190366972479 0.8207425458715596 0.2204701834862386 0.7472763761467889 0.22584575688073394 0.709647362385321 0.24734805045871577 0.697104357798165 0.2939363532110093 0.6881450688073394 0.3423165137614679 0.7024799311926606 0.3566513761467891 0.7311496559633028 0.35127580275229375 0.7723623853211008 0.35127580275229375 0.8046158256880733 0.3494839449541285 0.8297018348623852 0.34769208715596345 0.8512041284403669 0.33694094036697253 0.9013761467889909 0.33694094036697253 0.9533400229357798 0.33694094036697253 0.9909690366972477 0.37277809633027537 0.9784260321100917 0.41399082568807355 0.9909690366972477 0.42832568807339455 0.9121272935779816 0.41399082568807355 0.8476204128440368 0.40323967889908263 0.8225344036697249 0.40323967889908263 0.7902809633027523 0.4050315366972479 0.7490682339449541 0.41399082568807355 0.7150229357798166 0.3978641055045873 0.5483801605504588 0.36561066513761475 0.5483801605504588 0.35485951834862384 0.3548595183486239 0.3638188073394497 0.3226060779816514 0.3996559633027523 0.2885607798165138 0.4121989678899083 0.28139334862385323 0.42474197247706424 0.25809919724770647 0.4749139908256881 0.2563073394495413 0.512543004587156 0.24555619266055045 0.49104071100917435 0.21330275229357798 0.4480361238532111 0.2222620412844037 0.43549311926605516 0.20255160550458717 0.4372849770642202 0.1846330275229358 0.4713302752293578 0.173881880733945 0.4964162844036697 0.1792574541284404 0.5017918577981653 0.21151089449541288 0.5197104357798166 0.21688646788990829 0.5197104357798166 0.19000860091743121 0.5376290137614679 0.1595470183486239 0.5465883027522935 0.13266915137614682
2 0.43549311926605516 0.8744982798165137 0.47312213302752304 0.8727064220183487 0.4892488532110093 0.8727064220183487 0.512543004587156 0.8243262614678899 0.5071674311926606 0.7795298165137614 0.5304615825688073 0.8099913990825689 0.5465883027522935 0.8440366972477065 0.5537557339449541 0.7795298165137614 0.5537557339449541 0.7293577981651376 0.5788417431192661 0.707855504587156 0.6236381880733946 0.707855504587156 0.6397649082568808 0.6594753440366972 0.722190366972477 0.5286697247706422 0.7419008027522935 0.5035837155963303 0.722190366972477 0.5931766055045871 0.7168147935779816 0.6433486238532109 0.709647362385321 0.6738102064220184 0.6720183486238531 0.7239822247706422 0.6540997706422018 0.7562356651376148 0.6523079128440368 0.7831135321100917 0.6218463302752293 0.7938646788990826 0.589592889908257 0.8171588302752293 0.6075114678899083 0.8404529816513762 0.6254300458715596 0.878081995412844 0.6272219036697249 0.9282540137614679 0.6379730504587156 0.9605074541284404 0.6773939220183487 0.9694667431192661 0.6899369266055047 0.9497563073394495 0.7140822104357798 0.998046875 0.4193663990825689 0.998046875
2 0.007239105504587284 0.19538417431192662 0.001953125 0.20595613532110116 0.001953125 0.28139334862385323 0.001953125 0.36381880733944955 0.03053325688073416 0.35306766055045874 0.05741112385321112 0.31723050458715596 0.05741112385321112 0.2509317660550459 0.026949541284403855 0.19180045871559637 0.001953125 0.165137614678899
2 0.6961805555555556 0.25540865384615385 0.5584602029914529 0.25457398504273504 0.5325854700854701 0.25624332264957267 0.5250734508547008 0.23788060897435898 0.51171875 0.22536057692307693 0.5150574252136753 0.2412192841880342 0.5108840811965811 0.25457398504273504 0.5000333867521367 0.2620860042735043 0.4983640491452991 0.27460603632478636 0.4983640491452991 0.29630742521367526 0.49919871794871795 0.3104967948717949 0.503372061965812 0.3180088141025641 0.5167267628205128 0.32719017094017094 0.5234041132478633 0.3296941773504274 0.5225694444444444 0.339710202991453 0.5434361645299145 0.3447182158119658 0.5951856303418803 0.34638755341880345 0.617721688034188 0.3447182158119658 0.6294070512820513 0.3797743055555556 0.6360844017094016 0.4532251602564103 0.6402577457264957 0.5258413461538461 0.6277377136752136 0.6068042200854701 0.6252337072649572 0.6209935897435898 0.6861645299145299 0.5258413461538461 0.651943108974359 0.5049746260683761 0.6536124465811965 0.4807692307692308 0.6711404914529915 0.44487847222222227 0.6886685363247863 0.43653178418803423 0.711204594017094 0.4206730769230769 0.7270633012820513 0.4023103632478633 0.7320713141025641 0.35640357905982906 0.7170472756410255 0.3230168269230769
2 0.26963533503134796 0.427905809169279 0.26871693769592475 0.46219264302507834 0.24881832876175547 0.46249877547021945 0.24973672609717867 0.4312732660658307
2 0.24330794474921635 0.4294364713949843 0.22524613048589337 0.43004873628526646 0.22616452782131657 0.4569883914576802 0.24269567985893414 0.46066198079937304
2 0.26932920258620685 0.4787237950626959 0.2537164478840126 0.4796421923981191 0.251267388322884 0.5127044964733543 0.26963533503134796 0.516071953369906
2 0.24514473942006265 0.48086672217868337 0.22340933581504707 0.4811728546238244 0.22371546826018807 0.5151535560344828 0.24453247452978055 0.516071953369906
2 0.26688014302507834 0.5322969729623824 0.27024759992163006 0.5638286148119123 0.26565561324451414 0.5748493828369906 0.2552471101097179 0.5828088264106583 0.2503489909874608 0.5757677801724138 0.2515735207680251 0.553420111677116 0.2515735207680251 0.5329092378526645 0.26443108346394983 0.530154045846395 0.26351268612852663 0.530460178291536
1 0.24575700431034486 0.5329092378526645 0.24483860697492166 0.5629102174764891 0.22493999804075238 0.5635224823667712 0.22616452782131657 0.5298479134012539
5 0.6903918362403101 0.001498909883720944 0.4973504118217055 0.001498909883720944 0.4549570009689923 0.05373364825581396 0.3830396075581396 0.06054687500000001 0.3429172722868217 0.05373364825581396 0.3292908187984497 0.06054687500000001 0.3262627180232558 0.0923419331395349 0.2672147529069767 0.09461300872093024 0.2142229893410853 0.0938559835271318 0.19226925872093026 0.07720142926356591 0.2164940649224807 0.07341630329457366 0.23012051841085268 0.06054687500000001 0.1862130571705427 0.05827579941860466 0.17712875484496127 0.07644440406976746 0.19756843507751942 0.0953700339147287 0.22179324127906974 0.10899648740310079 0.3141503149224807 0.10521136143410854 0.35805777616279066 0.10369731104651164 0.43300327034883723 0.0999121850775194 0.4685834544573644 0.0923419331395349 0.4632842781007752 0.07114522771317831 0.4897801598837209 0.06130390019379846 0.526874394379845 0.055247698643410864 0.533687621124031 0.018153464147286837
5 0.7734665427509293 0.4726707713754647 0.7364370353159851 0.47339684014869887 0.7211895910780669 0.49663104089219334 0.7132028345724907 0.5169609665427509 0.6965032527881041 0.5234955855018587 0.6848861524163569 0.5365648234200744 0.6681865706319703 0.5663336431226766 0.649308782527881 0.593198187732342 0.6289788568773234 0.6178845260223048 0.6209921003717471 0.6505576208178439 0.6180878252788105 0.6890392657992566 0.64567843866171 0.6469272769516728 0.6631040892193308 0.611349907063197 0.6972293215613383 0.553264405204461 0.7240938661710037 0.5205913104089219 0.7422455855018587 0.4973571096654275 0.772014405204461 0.49445283457249073
0 0.9975818452380952 0.0008680555555555594 0.7774677579365079 0.002418154761904767 0.6968625992063493 0.03031994047619048 0.703062996031746 0.2302827380952381 0.7604166666666667 0.2101314484126984 0.7743675595238095 0.2318328373015873 0.8224206349206349 0.2814360119047619 0.8255208333333333 0.3263888888888889 0.8146701388888888 0.3759920634920635 0.7976190476190477 0.43179563492063494 0.7883184523809523 0.48759920634920634 0.7898685515873016 0.523251488095238 0.7991691468253967 0.5620039682539683 0.8100198412698412 0.605406746031746 0.8208705357142856 0.6596602182539683 0.8146701388888888 0.6968625992063492 0.8084697420634921 0.7154637896825397 0.8069196428571428 0.7325148809523809 0.8239707341269842 0.7604166666666666 0.8317212301587301 0.8131200396825397 0.8208705357142856 0.890625 0.800719246031746 0.9123263888888888 0.7976190476190477 0.9758804563492063 0.810087658110119 0.998046875 1.0 0.998046875
