3 0.5690202067669172 0.37517622180451127 0.5073425751879699 0.3311207706766917 0.42951127819548873 0.3311207706766917 0.38692434210526316 0.5367128759398496 0.4559445488721804 0.5660831766917294 0.4676926691729323 0.5308388157894737 0.5220277255639098 0.5558035714285715
3 0.6585996240601504 0.23419877819548873 0.5528665413533834 0.19601738721804512 0.5440554511278195 0.24300986842105265 0.5308388157894737 0.303218984962406 0.6174812030075187 0.33993186090225563 0.6468515037593985 0.31056156015037595
3 0.6732847744360902 0.4207001879699248 0.6306978383458647 0.4074835526315789 0.6189497180451128 0.45741306390977443 0.6615366541353384 0.47209821428571425
3 0.68796992481203 0.3325892857142857 0.6615366541353384 0.3164356203007519 0.6453829887218044 0.3443374060150376 0.6732847744360902 0.3604910714285714
3 0.15930451127819556 0.9537711466165414 0.17105263157894746 0.997826597744361 0.15365072838346572 0.998046875 0.062382518796992525 0.996358082706767
5 0.9023731203007519 0.002173402255639125 0.701186560150376 0.2914708646616541 0.6791588345864661 0.37664473684210525 0.692375469924812 0.38839285714285715 0.692375469924812 0.4221687030075188 0.6732847744360902 0.46769266917293234 0.6189497180451128 0.7290883458646616 0.6013275375939849 0.7555216165413534 0.9948895676691729 0.8451010338345865 0.9978239462588763 -1.1102230246251565e-16
5 0.890625 0.0036419172932331094 0.7026550751879699 0.28559680451127817 0.6630051691729323 0.24741541353383462 0.6483200187969924 0.20189144736842107 0.6086701127819548 0.18720629699248123 0.6160126879699248 0.14755639097744364 0.5704887218045113 0.15343045112781958 0.4911889097744361 0.24300986842105265 0.4118890977443609 0.3311207706766917 0.3443374060150376 0.6204182330827068 0.33405780075187974 0.6453829887218046 0.6086701127819548 0.7158717105263158 0.595453477443609 0.7540531015037594 0.301750469924812 0.6850328947368421 0.08587875939849632 0.6145441729323309 0.001953125 0.5624085515635681 0.001953125 0.0
5 0.9948895676691729 0.9390859962406015 0.7481790413533834 0.8641917293233082 0.7349624060150376 0.9273378759398496 0.6380404135338346 0.8862194548872181 0.6116071428571428 0.9244008458646616 0.6318236998746867 0.998046875 0.9978265977443608 0.9919525375939849
2 0.43832236842105265 0.892093515037594 0.21363956766917302 0.8362899436090225 0.2562265037593986 0.989015507518797 0.4676926691729323 0.997826597744361 0.4559445488721804 0.9376174812030076 0.43391682330827064 0.9199953007518797
5 0.5440554511278195 0.9185267857142857 0.533934712491456 0.998046875 0.46181860902255634 0.9170582706766918 0.46622415413533835 0.89796757518797
2 0.6380404135338346 0.35167998120300753 0.6659421992481203 0.3619595864661654 0.6703477443609023 0.37958176691729323 0.6820958646616541 0.40307800751879697 0.6659421992481203 0.4133576127819549 0.6218867481203008 0.401609492481203 0.6189497180451128 0.42510573308270677 0.6027960526315789 0.4765037593984962 0.6439144736842105 0.48090930451127817 0.6585996240601504 0.49999999999999994 0.6395089285714286 0.6072015977443609 0.6189497180451128 0.7070606203007519 0.5352443609022556 0.6938439849624061 0.5822368421052632 0.45300751879699247 0.6013275375939849 0.36636513157894735
2 0.4765037593984962 0.5822368421052632 0.4911889097744361 0.6306978383458647 0.4794407894736842 0.6644736842105263 0.42216870300751874 0.6600681390977444 0.35461701127819545 0.6424459586466166 0.35461701127819545 0.6116071428571429 0.37517622180451127 0.5513980263157895 0.4236372180451128 0.5587406015037595
2 0.5259294181034483 0.5784617456896551 0.5245824353448276 0.6013604525862069 0.5158270474137931 0.6316675646551724 0.5084186422413793 0.6592807112068966 0.4976427801724138 0.6511988146551724 0.5023572198275862 0.6202182112068966 0.511786099137931 0.570379849137931
2 0.5919315732758621 0.35553609913793105 0.5825026939655172 0.35284213362068967 0.5239089439655172 0.6619746767241379 0.5306438577586207 0.6633216594827587
2 0.5331101190476191 0.20926339285714285 0.42336309523809523 0.3283110119047619 0.5145089285714286 0.3283110119047619 0.5284598214285714 0.3366815476190476 0.5340401785714286 0.3162202380952381 0.5293898809523809 0.25204613095238093
0 0.9966517857142857 0.8590029761904763 0.3530505952380951 0.7064732142857142 0.05729166666666674 0.6097470238095237 0.001953125 0.5851521164021164 0.001953125 0.6209077380952381 0.18377976190476186 0.7120535714285714 0.3325892857142856 0.7827380952380953 0.49813988095238093 0.8478422619047619 0.6283482142857142 0.8776041666666667 0.7250744047619047 0.9110863095238095 0.734375 0.8627232142857142 1.0 0.9254402281746031
0 0.6283482142857142 0.8887648809523809 0.5334821428571428 0.8664434523809523 0.5576636904761905 0.9110863095238095 0.5520833333333333 0.9352678571428572 0.5431149022108843 0.998046875 0.6153273809523809 0.998046875 0.5930059523809523 0.9427083333333335
5 0.5186011904761905 0.8590029761904763 0.0033482142857141906 0.6395089285714286 0.0033482142857141906 0.998046875 0.05543154761904767 0.9966517857142858 0.15029761904761907 0.9501488095238095 0.18005952380952372 0.9538690476190477 0.17819940476190466 0.9947916666666667 0.22470238095238093 0.9910714285714286 0.2433035714285714 0.9780505952380953 0.2098214285714286 0.9017857142857144 0.18936011904761907 0.8199404761904763 0.5390625 0.9017857142857144
