2 0.005110432330827086 0.0036419172932331094 0.0021734022556391674 0.1211231203007519 0.057976973684210564 0.1005639097744361 0.22832471804511278 0.09615836466165416 0.24741541353383456 0.09028430451127821 0.2488839285714286 0.0036419172932331094
2 0.2444783834586467 0.12259163533834588 0.24300986842105265 0.2312617481203008 0.2253876879699248 0.2312617481203008 0.22832471804511278 0.31203007518796994 0.24300986842105265 0.31203007518796994 0.23860432330827075 0.3296522556390977 0.2253876879699248 0.32818374060150374 0.2253876879699248 0.3414003759398496 0.23860432330827075 0.34727443609022557 0.22979323308270683 0.48090930451127817 0.209234022556391 0.6248237781954887 0.20042293233082709 0.6439144736842105 0.09028430451127822 0.602796052631579 0.016858552631578982 0.5690202067669173 0.013921522556391008 0.5543350563909775 0.015390037593984995 0.4897203947368421 0.003641917293233099 0.4794407894736842 0.0007048872180451804 0.47209821428571425 0.0007048872180451804 0.1402138157894737 0.04622885338345867 0.11818609022556392 0.20629699248120303 0.12406015037593986
2 0.0021734022556391674 0.5837053571428572 0.309093045112782 0.7129346804511278 0.48972039473684215 0.7731437969924813 0.6306978383458647 0.801045582706767 0.7760808270676692 0.8083881578947368 0.9567081766917293 0.8039826127819549 0.998046875 0.796687548374613 0.998046875 0.998046875 0.0007048872180451804 0.998046875
5 0.005110432330827086 0.5675516917293233 0.24741541353383456 0.6747532894736843 0.3913298872180452 0.7217457706766918 0.5176221804511278 0.7613956766917294 0.6747532894736842 0.790765977443609 0.8186677631578948 0.7966400375939849 0.996358082706767 0.7819548872180452 0.9978265977443609 0.790765977443609 0.9464285714285715 0.801045582706767 0.7085291353383458 0.8025140977443609 0.605733082706767 0.790765977443609 0.50734257518797 0.7716752819548872 0.39426691729323315 0.7393679511278196 0.24154135338345872 0.6835643796992481 0.09028430451127822 0.6174812030075189 0.005110432330827086 0.5822368421052632
3 0.2518209586466166 0.3296522556390977 0.35021146616541354 0.3311207706766917 0.34727443609022557 0.400140977443609 0.309093045112782 0.400140977443609 0.30615601503759404 0.4104205827067669 0.29440789473684215 0.4104205827067669 0.29440789473684215 0.40601503759398494 0.2518209586466166 0.40307800751879697 0.2444783834586467 0.36489661654135336
3 0.2576950187969925 0.306156015037594 0.2576950187969925 0.2371358082706767 0.2958764097744361 0.2386043233082707 0.29440789473684215 0.30909304511278196
3 0.26650610902255645 0.4192316729323308 0.3369948308270677 0.4221687030075188 0.3369948308270677 0.44272791353383456 0.26650610902255645 0.44272791353383456
3 0.2576950187969925 0.45300751879699247 0.29881343984962405 0.45447603383458646 0.2973449248120301 0.4897203947368421 0.2532894736842105 0.4882518796992481
2 0.2371358082706767 0.4897203947368421 0.21363956766917297 0.6527255639097744 0.3913298872180452 0.7158717105263158 0.5249647556390977 0.7569901315789473 0.6806273496240601 0.7892974624060151 0.7437734962406014 0.790765977443609 0.9023731203007518 0.7878289473684211 0.998046875 0.7822010794449359 0.998046875 0.0917528195488722 0.998046875 0.0036419172932331094 0.41273006735588535 4.336808689942018e-19 0.28706531954887216 0.0036419172932331094 0.28706531954887216 0.07706766917293235 0.2576950187969925 0.07853618421052633 0.26210056390977443 0.14755639097744364 0.26650610902255645 0.21217105263157898 0.3516799812030076 0.23273026315789477 0.3516799812030076 0.2914708646616541 0.38545582706766923 0.3325892857142857 0.3795817669172933 0.3825187969924812 0.3810502819548872 0.4236372180451128 0.36195958646616544 0.46916118421052627 0.3399318609022557 0.46622415413533835 0.3237781954887218 0.45447603383458646 0.30615601503759404 0.47062969924812026 0.30615601503759404 0.4794407894736842 0.30615601503759404 0.504405545112782
5 0.2558318661971831 0.002750880281690141 0.2535394659624413 0.05914392605633803 0.2503301056338028 0.08252640845070423 0.24895466549295775 0.1008656103286385 0.24574530516431925 0.1178293720657277 0.24803770539906103 0.1590925762910798 0.24895466549295775 0.22373826291079812 0.23978506455399062 0.23840962441314556 0.2315324237089202 0.23840962441314556 0.23199090375586856 0.2984705105633803 0.2443698650234742 0.30718163145539906 0.253080985915493 0.30626467136150237 0.25445642605633806 0.2347417840375587 0.27233714788732394 0.2356587441314554 0.26821082746478875 0.22144586267605634 0.2562903462441315 0.19164465962441316 0.2535394659624413 0.08023400821596245 0.2567488262910798 0.07289832746478873 0.2828821889671362 0.07427376760563381 0.2824237089201878 0.002750880281690141
5 0.2535394659624413 0.312224911971831 0.30397227112676056 0.3145173122065728 0.3016798708920188 0.29296875 0.312224911971831 0.29159330985915494 0.3154342723004695 0.25216402582159625 0.32368691314553993 0.25216402582159625 0.32322843309859156 0.30672315140845074 0.33056411384976525 0.318643632629108 0.3589898767605634 0.3259793133802817 0.3672425176056338 0.3356073943661972 0.37641211854460094 0.3406506748826291 0.37641211854460094 0.3612822769953052 0.37549515845070425 0.38283083920187794 0.37457819835680756 0.41125660211267606 0.37136883802816906 0.416299882629108 0.3539465962441315 0.416299882629108 0.34569395539906106 0.4094226819248826 0.35623899647887325 0.3975022007042254 0.3534881161971831 0.35302963615023475 0.3539465962441315 0.33056411384976525 0.30626467136150237 0.32735475352112675 0.253080985915493 0.3246038732394366 0.2411605046948357 0.32735475352112675 0.24620378521126762 0.3113079518779343
5 0.23015698356807512 0.33285651408450706 0.24666226525821597 0.33285651408450706 0.24620378521126762 0.34294307511737093 0.23978506455399062 0.36586707746478875 0.2475792253521127 0.40162852112676056 0.2484961854460094 0.409881161971831 0.28425762910798125 0.41171508215962443 0.29434419014084506 0.41675836267605637 0.3131418720657277 0.4121735622065728 0.3145173122065728 0.40804724178403756 0.3388167546948357 0.40758876173708924 0.34982027582159625 0.4172168427230047 0.34294307511737093 0.42959580399061037 0.3420261150234742 0.43693148474178406 0.3383582746478873 0.43097124413145543 0.33927523474178406 0.42088468309859156 0.337899794600939 0.4172168427230047 0.32322843309859156 0.4172168427230047 0.2815067488262911 0.41996772300469487 0.2420774647887324 0.41813380281690143 0.2379511443661972 0.37320275821596244 0.24070202464788734 0.3511957159624413 0.23199090375586856 0.3415676349765258
5 0.23749266431924884 0.42134316314553993 0.2622505868544601 0.4222601232394366 0.2622505868544601 0.44243324530516437 0.2526225058685446 0.45618764671361506 0.24941314553990612 0.4873642899061033 0.23657570422535212 0.4855303697183099
