3 0.5731087773224044 0.5544313524590164 0.5005336407103824 0.519744706284153 0.4898608265027322 0.5538977117486339 0.5624359631147541 0.5923198428961749
3 0.4962645150273224 0.6291410519125683 0.3900700136612022 0.5800461065573771 0.33190317622950816 0.7780268101092896 0.3548497267759563 0.79296875 0.40234375 0.8084443306010929 0.43489583333333337 0.6969134221311476 0.47491888661202186 0.7070525956284153
3 0.6516870667244368 0.8861839254766031 0.6381472053726169 0.9308654679376083 0.6097134965337956 0.8814449740034661 0.6269768197573657 0.8577502166377816
3 0.5457376516464472 0.912925151646447 0.497671143847487 0.9234185441941074 0.49597866117850953 0.943728336221837 0.48853173743500866 0.946436308492201 0.48311579289428075 0.9532062391681109 0.4800693240901214 0.9569297010398613 0.4780383448873484 0.9647151213171576 0.4827772963604853 0.9965337954939341 0.555215554592721 0.9809629549393414 0.556569540727903 0.946436308492201
3 0.0028147977941176405 0.3388671875 0.01832490808823528 0.3583984375 0.06945082720588236 0.3710363051470588 0.0855353860294118 0.3756318933823529 0.09070542279411764 0.3951631433823529 0.0751953125 0.3997587316176471 0.06485523897058831 0.4152688419117647 0.0654296875 0.42560891544117646 0.07059972426470595 0.4393956801470588 0.08093979779411764 0.4566291360294118 0.11196001838235292 0.4577780330882353 0.12574678308823528 0.4583524816176471 0.1349379595588236 0.4583524816176471 0.1441291360294118 0.4629480698529412 0.08725873161764708 0.5514131433823529 0.05738740808823528 0.5295840992647058 0.03211167279411764 0.5180951286764706 0.005687040441176516 0.519244025735294 0.001953125 0.5141098920036764 0.001953125 0.33771829044117646
3 0.9713350183823529 0.7093864889705882 0.9811006433823529 0.790383731617647 0.9529526654411765 0.8035960477941176 0.9351447610294118 0.7203010110294117
3 0.9851217830882353 0.8564453125 0.9696116727941176 0.8403607536764706 0.9495059742647058 0.8541475183823529 0.9650160845588236 0.8822954963235293
3 0.9765050551470589 0.5307329963235293 0.9535271139705882 0.4727136948529412 0.9328469669117647 0.4485868566176471 0.8995289522058824 0.4784581801470588 0.9133157169117647 0.5134995404411764 0.9035500919117647 0.5353285845588235 0.9069967830882353 0.5473920036764706 0.8983800551470589 0.5519875919117646 0.9081456801470589 0.5692210477941176 0.9190602022058824 0.5715188419117646 0.9460592830882353 0.5606043198529411 0.9523782169117647 0.5479664522058824 0.9661649816176471 0.5410730698529411
3 0.8759765625 0.0005170036764705752 0.8822954963235294 0.06140854779411764 0.9087201286764706 0.04877068014705881 0.9299747242647058 0.05566406249999999 0.9339958639705882 0.08438648897058822 0.9380170036764706 0.09185431985294117 0.9793772977941176 0.09300321691176469 0.9793772977941176 0.07117417279411763 0.9977596507352942 0.06715303308823528 0.9983340992647058 0.0005170036764705752
4 0.9977596507352942 0.07462086397058822 0.9989085477941176 0.11310891544117646 0.9523782169117647 0.12344898897058822 0.9483570772058824 0.09300321691176469 0.9816750919117647 0.09530101102941176 0.9828239889705882 0.0717486213235294
4 0.526711856617647 0.45548023897058826 0.5450942095588236 0.48133042279411764 0.5330307904411764 0.49913832720588236 0.5060317095588236 0.4686925551470588 0.5198184742647058 0.45203354779411764
0 0.4072265625 0.8110638786764706 0.4261833639705883 0.8259995404411764 0.47213924632352944 0.8231272977941176 0.546243106617647 0.790383731617647 0.5858800551470589 0.7541934742647058 0.6082835477941176 0.7105353860294117 0.6295381433823529 0.6387293198529411 0.6352826286764706 0.5904756433823529 0.6249425551470589 0.538775275735294 0.6088579963235294 0.4887982536764706 0.5858800551470589 0.43594898897058826 0.5393497242647058 0.33025045955882354 0.556008731617647 0.32335707720588236 0.5910500919117647 0.3974609375 0.6295381433823529 0.48477711397058826 0.6496438419117647 0.536477481617647 0.6571116727941176 0.5841567095588235 0.6536649816176471 0.6513671875 0.6427504595588236 0.6881318933823529 0.6031135110294117 0.7765969669117647 0.5709443933823529 0.8093405330882353 0.5255629595588236 0.8363396139705882 0.47041590073529416 0.8558708639705882 0.3876953125 0.8449563419117647 0.3492072610294118 0.8202550551470588 0.3612706801470589 0.7990004595588235
5 0.35120738636363635 0.3821022727272727 0.31924715909090917 0.3913352272727273 0.31924715909090917 0.4538352272727273 0.3178267045454546 0.4943181818181818 0.30859375 0.5255681818181818 0.29651988636363635 0.5696022727272727 0.30646306818181823 0.5745738636363636 0.3227982954545455 0.5887784090909091 0.3306107954545455 0.5980113636363636 0.3256392045454546 0.6143465909090909 0.3235085227272727 0.6349431818181818 0.31285511363636365 0.6576704545454546 0.2858664772727273 0.6590909090909091 0.2794744318181819 0.6526988636363636 0.26740056818181823 0.703125 0.2453835227272727 0.7428977272727273 0.23259943181818188 0.7599431818181818 0.2524857954545455 0.7798295454545454 0.25106534090909094 0.8089488636363636 0.2688210227272727 0.8146306818181818 0.2844460227272727 0.8018465909090909 0.3000710227272727 0.7848011363636364 0.31285511363636365 0.7705965909090909 0.3263494318181819 0.6917613636363636 0.31995738636363635 0.6747159090909091 0.32848011363636365 0.6519886363636364 0.33629261363636365 0.6413352272727273 0.3547585227272727 0.5482954545454546 0.35120738636363635 0.5276988636363636 0.36115056818181823 0.5142045454545454 0.37393465909090917 0.47230113636363635 0.37393465909090917 0.4318181818181818 0.36825284090909094 0.4041193181818182
2 0.3934899845916795 0.16974431818181818 0.35186043432203384 0.17475503177966104 0.34377407550077044 0.21306818181818182 0.3363016419491526 0.2455971927966102 0.357314931556196 0.28245452089337175 0.36373146186440675 0.328515625 0.39556739936440677 0.3541015625 0.4010361493644068 0.32421875 0.4096835955502074 0.2784294750755286 0.41880958686440684 0.240234375 0.4221298993644068 0.2240234375 0.4254502118644068 0.20951704545454544 0.42877052436440677 0.19296875 0.4098252118644068 0.17613636363636365
2 0.24893465909090917 0.8153409090909091 0.21697443181818188 0.8856534090909091 0.19637784090909094 0.8977272727272727 0.14737215909090917 0.9083806818181818 0.12393465909090917 0.9076704545454546 0.06640625 0.9573863636363636 0.05007102272727271 0.9865056818181818 0.059688683712121327 0.998046875 0.001953125 0.998046875 0.001953125 0.7086568322981367 0.01960403726708071 0.7025912267080745 0.017177795031055876 0.7486898291925466 0.02809588509316785 0.7693128881987578 0.060850155279503104 0.7668866459627329 0.08147321428571441 0.7596079192546584 0.08389945652173925 0.7220011645962733 0.109375 0.7159355590062112 0.14091614906832306 0.6856075310559007 0.09562556407942235 0.6155516696750902 0.10479185469314078 0.6077955776173285 0.13440602436823113 0.6458709386281588 0.1663916925465838 0.6237383540372671 0.1773097826086958 0.6152465062111802 0.1785229037267082 0.5921972049689441 0.19065411490683237 0.5715741459627329 0.16881793478260865 0.5509510869565217 0.171875 0.5409007352941176 0.1796875 0.5482536764705882 0.20128676470588236 0.5344669117647058 0.21139705882352944 0.5206801470588235 0.21047794117647056 0.5078125 0.20818014705882348 0.49494485294117646 0.2045036764705882 0.4756433823529412 0.19255514705882348 0.4600183823529412 0.1796875 0.4365808823529412 0.1640625 0.4108455882352941 0.17601102941176472 0.4016544117647059 0.18841911764705888 0.3993566176470588 0.21185661764705888 0.4071691176470588 0.22702205882352944 0.39797794117647056 0.22931985294117652 0.3791360294117647 0.22058823529411764 0.34420955882352944 0.23207720588235292 0.3400735294117647 0.24816176470588236 0.36213235294117646 0.2513786764705882 0.38924632352941174 0.25827205882352944 0.4085477941176471 0.2568933823529411 0.47012867647058826 0.24908088235294112 0.4977022058823529 0.24402573529411764 0.5119485294117647 0.2329963235294118 0.5229779411764706 0.22610294117647056 0.5353860294117647 0.22380514705882348 0.5459558823529411 0.22472426470588236 0.5565257352941176 0.22702205882352944 0.5652573529411765 0.22380514705882348 0.5744485294117647 0.24034926470588236 0.5827205882352942 0.2564338235294118 0.578125 0.25965073529411764 0.578125 0.2748161764705882 0.5523897058823529 0.2757352941176471 0.5303308823529411 0.2697610294117647 0.5170036764705882 0.25597426470588236 0.5096507352941176 0.2509191176470589 0.5004595588235294 0.25735294117647056 0.46829044117647056 0.2601102941176471 0.46231617647058826 0.2775735294117647 0.46875 0.29227941176470584 0.46139705882352944 0.2945772058823529 0.44393382352941174 0.2927389705882353 0.4264705882352941 0.2826286764705882 0.4131433823529412 0.2605698529411765 0.40762867647058826 0.2522977941176471 0.3874080882352941 0.2509191176470589 0.3786764705882353 0.28125 0.3952205882352941 0.3069852941176471 0.39016544117647056 0.3152573529411765 0.39016544117647056 0.3175551470588235 0.39108455882352944 0.3189338235294118 0.4540441176470588 0.3166360294117647 0.49356617647058826 0.3069852941176471 0.5248161764705882 0.29641544117647056 0.5615808823529411 0.28308823529411764 0.5620404411764706 0.2771139705882353 0.5703125 0.27022058823529416 0.5790441176470589 0.2670036764705882 0.5946691176470589 0.265625 0.609375 0.2665441176470589 0.6204044117647058 0.26884191176470584 0.6323529411764706 0.27665441176470584 0.6452205882352942 0.2784926470588235 0.6484375 0.26608455882352944 0.7022058823529411 0.2435661764705882 0.7417279411764706 0.23207720588235292 0.7591911764705882 0.22610294117647056 0.7527573529411765 0.21599264705882348 0.7582720588235294 0.20358455882352944 0.7670036764705882 0.19623161764705888 0.7789522058823529 0.19255514705882348 0.7858455882352942 0.18704044117647056 0.7964154411764706 0.1875 0.8060661764705882 0.19301470588235292 0.8120404411764706 0.20634191176470584 0.8184742647058824 0.23253676470588236 0.8193933823529411 0.23667279411764708 0.8180147058823529
2 0.2521398207720589 0.8211023667279411 0.2657829733455883 0.8268468520220588 0.2704503676470589 0.8458754595588235 0.2779900045955883 0.8670582490808822 0.2783490349264707 0.8753159466911764 0.31640625 0.8807014016544117 0.3383071001838236 0.8886000689338235 0.34907801011029416 0.8893181295955882 0.3688246783088236 0.873879825367647 0.38390395220588236 0.8623908547794117 0.38749425551470595 0.8537741268382353 0.38677619485294124 0.8487477022058822 0.3390251608455883 0.8354635799632353 0.3171243106617647 0.8297190946691176 0.3207146139705883 0.7930980009191176 0.3271771599264707 0.7816090303308822 0.3512321920955883 0.701904296875 0.32825425091911764 0.6914924172794117 0.31353400735294124 0.7719152113970588 0.3009679457720589 0.7877125459558822 0.2840935202205883 0.8049460018382353 0.26973230698529416 0.8160759420955882 0.25249885110294124 0.8110495174632353 0.24783145680147067 0.8207433363970588
2 0.39000746783088236 0.8465935202205882 0.38677619485294124 0.8684943704044117 0.42411534926470595 0.8706485523897058 0.4517606847426471 0.8839326746323529 0.46432674632352944 0.8964987362132353 0.4657628676470589 0.916604434742647 0.4786879595588236 0.9266572840073529 0.4916130514705883 0.9280934053308822 0.4959214154411765 0.9209127987132353 0.5153090533088236 0.9133731617647058 0.5318244485294118 0.9004480698529411 0.5447495404411765 0.8839326746323529 0.5846019071691178 0.825051700367647 0.6011173023897058 0.7913028492647058 0.5982450597426471 0.7851993336397058 0.57275390625 0.8106904871323529 0.528952205882353 0.8386948529411764 0.4697122012867647 0.8584415211397058
2 0.41298540900735303 0.9973862591911764 0.41442153033088236 0.9805118336397058 0.41298540900735303 0.9629193474264706 0.4377585018382353 0.9589700137867646 0.4646857766544118 0.9618422564338235 0.4776108685661765 0.9708180147058822 0.48047706438660986 0.998046875 0.41190831801470595 0.998046875
1 0.493408203125 0.9316837086397058 0.4901769301470589 0.9438907398897058 0.48263729319852944 0.948199103860294 0.47473862591911764 0.9650735294117646 0.4639677159926471 0.959329044117647 0.4395536534926471 0.9571748621323529 0.4115492876838236 0.9611241957720588 0.41190831801470595 0.9794347426470588 0.40909893954633747 0.998046875 0.06257180606617652 0.998046875 0.05323701746323539 0.9862563189338235 0.0679572610294118 0.9582519531249999 0.12504308363970595 0.9090647977941175 0.14873908547794124 0.9112189797794117 0.19684914981617652 0.9011661305147058 0.21767290900735303 0.8882410386029411 0.2467543658088236 0.8232565487132353 0.2639878216911765 0.8286420036764706 0.26793715533088236 0.8458754595588235 0.27583582261029416 0.8666992187499999 0.2761948529411765 0.8767520680147058 0.31604721966911775 0.8824965533088235 0.3372300091911765 0.8911132812499999 0.3480009191176471 0.8925494025735293 0.37169692095588236 0.8745978860294117 0.38318589154411764 0.8659811580882353 0.383544921875 0.8706485523897058 0.4244743795955883 0.8735207950367646 0.4499655330882353 0.886086856617647 0.4621725643382353 0.8975758272058822 0.46324965533088236 0.9183995863970588 0.4779698988970589 0.928811465992647
1 0.2947840632603407 0.5740571776155717 0.3171190693430658 0.5878383515815084 0.3280489659367397 0.6020947384428224 0.32139598540145986 0.6196776155717761 0.3218711982968371 0.6310827250608272 0.31141651459854025 0.6534177311435523 0.2876558698296837 0.656269008515815 0.28052767639902687 0.6462895377128953 0.27482512165450124 0.637735705596107 0.27054820559610715 0.6291818734793186 0.27007299270072993 0.6201528284671532 0.27054820559610715 0.6035203771289537 0.27054820559610715 0.5873631386861313 0.2733994829683699 0.5769084549878345 0.2867054440389295 0.5636024939172749 0.292407998783455 0.5674041970802919
1 0.2638952250608273 0.5179820559610705 0.27102341849148426 0.5298623783454988 0.27102341849148426 0.549346107055961 0.2629447992700731 0.5664537712895377 0.2548661800486619 0.5740571776155717 0.24441149635036508 0.5773836678832116 0.23300638686131392 0.5764332420924574 0.23063032238442827 0.5716811131386861 0.23110553527980537 0.5621768552311435 0.2282542579075426 0.5488708941605839 0.2282542579075426 0.5407922749391727 0.23110553527980537 0.5317632299270073 0.23585766423357668 0.5265358880778589 0.24773798661800495 0.5127547141119221 0.25249011557177625 0.5108538625304135
1 0.28052767639902687 0.4162864963503649 0.28955672141119226 0.43006767031630166 0.2909823600973237 0.4462249087591241 0.2909823600973237 0.46143172141119215 0.27957725060827254 0.4647582116788321 0.26199437347931875 0.45905565693430656 0.25771745742092467 0.43624543795620435 0.26104394768856454 0.4105839416058394 0.27434990875912413 0.41343521897810215
1 0.9995247871046229 0.8577592761557177 0.9672103102189781 0.8895985401459854 0.9448753041362531 0.8563336374695864 0.9448753041362531 0.8282960766423357 0.9391727493917275 0.7769730839416058 0.9334701946472019 0.7251748783454988 0.9344206204379562 0.7085424270072992 0.9211146593673966 0.6762279501216545 0.889275395377129 0.6472399635036495 0.9215898722627738 0.6239545316301702 0.9334701946472019 0.6030451642335766 0.9282428527980535 0.5821357968369829 0.9187385948905109 0.5754828163017032 0.9059078467153285 0.5721563260340632 0.8926018856447688 0.5474452554744526 0.9011557177615572 0.5441187652068126 0.90068050486618 0.5331888686131386 0.9101847627737226 0.5137051399026764 0.8949779501216545 0.47806417274939167 0.9348958333333334 0.4438488442822384 0.9567556265206812 0.4704607664233576 0.9800410583941606 0.5312880170316301 1.0 0.5483956812652068 1.0 0.2955824209245742 0.9714872262773723 0.28655337591240876 0.9733880778588808 0.2613670924574209 0.9862188260340633 0.2532884732360097 0.9942974452554745 0.25043719586374696 0.9985743613138686 0.24330900243309 1.0 0.2071928223844282 0.9724376520681265 0.22239963503649635 0.9662598844282239 0.22430048661800484 0.962933394160584 0.21146973844282238 0.9520034975669099 0.20671760948905107 0.9377471107055961 0.20101505474452552 0.915412104622871 0.19531249999999997 0.9044822080291971 0.19341164841849146 0.8902258211678832 0.1938868613138686 0.8916514598540146 0.15254333941605838 0.8878497566909975 0.12022886253041362 0.8745437956204379 0.07936055352798053 0.8631386861313869 0.04752128953771289 0.8560104927007299 0.0028512773722627737 0.8569609184914841 0.0004752128953771289 0.13036040145985406 0.0 0.001953125 0.0 0.001953125 0.3310659123563218 0.02350484913793105 0.35463811063218387 0.06882702464788726 0.3672425176056338 0.08739546654929575 0.37136883802816906 0.09633582746478864 0.3975022007042254 0.07983054577464788 0.40094080105633806 0.07020246478873238 0.4153829225352113 0.06813930457746475 0.4236355633802817 0.07089018485915488 0.43463908450704225 0.082581426056338 0.45320752640845074 0.11765514964788726 0.45320752640845074 0.13622359154929575 0.45389524647887325 0.14929027288732388 0.46008472711267606 0.08808318661971826 0.5556778169014085 0.04200594190140838 0.5673690580985916 0.0234375 0.5914392605633804 0.0034936179577463866 0.5852497799295775 0.0028058978873238827 0.7035376320422535 0.022749779929577385 0.6973481514084507 0.020686619718309762 0.7454885563380282 0.027563820422535135 0.761993838028169 0.05919894366197176 0.7626815580985916 0.07707966549295775 0.7544289172535211 0.07983054577464788 0.7166043133802817 0.10665162852112675 0.711790272887324 0.13484815140845063 0.6863446302816901 0.08945862676056338 0.6134463028169015 0.10733934859154926 0.6031305017605634 0.13484815140845063 0.6416428257042254 0.17267275528169013 0.615509463028169 0.17679907570422526 0.5900638204225352 0.18436399647887325 0.5721830985915494 0.16235695422535212 0.5481128961267606 0.16923415492957739 0.5350462147887324 0.18298855633802813 0.5412356954225352 0.20499559859154926 0.5240426936619719 0.2001815580985915 0.4800286091549296 0.190553477112676 0.46352332746478875 0.17473591549295775 0.4367022447183099 0.15823063380281688 0.4091934419014085 0.17267275528169013 0.39475132042253525 0.18849031690140838 0.3968144806338028 0.209809639084507 0.4036916813380282 0.22356404049295775 0.3961267605633803 0.22425176056338025 0.37893375880281693 0.21599911971830987 0.34042143485915494 0.23112896126760563 0.3349196742957747 0.2503851232394366 0.35830215669014087 0.25313600352112675 0.3761828785211268 0.28202024647887325 0.38856183978873243 0.3049689301152738 0.38433222262247835 0.34923763217522663 0.1733973753776435 0.3970331382175226 0.16395628776435045 0.43125708081571 0.1916894826283988 0.3964430702416919 0.35572837990936557 0.3657595354984894 0.33212566087613293 0.35572837990936557 0.38228143882175225 0.4135550415407855 0.4519094599697885 0.4352162278543307 0.5040369709645669 0.4686654158464567 0.5021146038385826 0.4794306717519685 0.48827356053149606 0.4740480437992126 0.4532864788385827 0.4675119955708662 0.4236820250984252 0.46674304872047245 0.3940775713582677 0.46558962844488194 0.37370047982283466 0.49096487450787407 0.4006136195866142 0.5098040723425197 0.3986912524606299 0.5586321973425197 0.3786986343503937 0.5367172121062992 0.3275636687992126 0.5582477239173229 0.32179656742125984 0.5928503321850394 0.3948465182086614 0.632451094980315 0.48442882627952755 0.6532126599409449 0.5382551058070866 0.6597487081692913 0.5870832308070866 0.6570573941929134 0.6516747662401575 0.6439852977362205 0.6908910556102362 0.604000061515748 0.7804733636811023 0.6024621678149606 0.786624938484252 0.6036155880905512 0.7954678272637795 0.5413308932086613 0.8946619709645669 0.5159556471456692 0.9158080093503936 0.5486358882874016 0.9111943282480315 0.5594011441929134 0.945796936515748 0.5582477239173229 0.9838598056102362 0.48596671998031493 0.9977008489173228 0.6485989788385826 0.9977008489173228 0.6393716166338583 0.9354161540354331 0.6059224286417323 0.8808209276574803 0.6282218873031495 0.8550612081692913 0.6539816067913387 0.8850501353346456 0.6389871432086613 0.9342627337598425 0.6485356673464096 0.998046875 1.0 0.998046875
2 0.9678133325932504 0.8866354906749556 0.9997294071936057 0.856107071492007 0.999382493339254 0.6437957926287744 0.9986886656305506 0.5525574489342806 0.9775269205150977 0.5341710146536411 0.966078763321492 0.5445784302841918 0.953936778419183 0.5494352242451155 0.9466515874777975 0.5646994338365897 0.9213268761101243 0.5719846247779751 0.9310404640319716 0.5792698157193605 0.9348565164298401 0.6039006993783304 0.9230614453818827 0.6261031860568383 0.8921861123445826 0.6469180173179396 0.9244491007992895 0.6746711256660746 0.9369379995559503 0.7072810279751331 0.9352034302841918 0.7149131327708703 0.9740577819715808 0.7065872002664298 0.9830775421847247 0.7967848023978685 0.9469985013321492 0.8085798734458259 0.9459577597690941 0.8529848468028419 0.970588643428064 0.8370268095026643 0.9879343361456483 0.8581885546181172
1 0.3338628112033195 0.24876815352697096 0.30387707468879666 0.38573003112033194 0.32089600622406633 0.3889717323651452 0.35290780601659744 0.37803099066390045 0.3630381224066389 0.33345759854771784 0.35533908195020747 0.28280601659751037
1 0.5377895875763747 0.6897435081466394 0.5306294551934827 0.7116216904276985 0.5274471741344195 0.7259419551934827 0.5381873727087576 0.7398644348268839 0.5266516038696538 0.7545824847250509 0.5131269093686355 0.7605492617107943 0.4940332230142567 0.7617426171079429 0.478121817718941 0.7565714103869653 0.474143966395112 0.7446378564154785 0.4793151731160896 0.7231574592668024 0.48170188391038704 0.7159973268839104 0.4860775203665988 0.6969036405295316 0.4924420824847251 0.6845723014256618 0.5011933553971486 0.6758210285132382 0.5155136201629328 0.6726387474541751 0.5314250254582484 0.6813900203665988
1 0.5533032077393075 0.6002418533604887 0.5274471741344195 0.5902972250509164 0.5167069755600815 0.592286150712831 0.5135246945010183 0.6101864816700611 0.5075579175152749 0.6268934572301426 0.5139224796334012 0.6428048625254582 0.5210826120162932 0.6455893584521385 0.5338117362525459 0.6531472759674134 0.544154149694501 0.6630919042769857 0.5449497199592668 0.673036532586558 0.5473364307535642 0.6797988798370672 0.5548943482688391 0.6817878054989817 0.5600655549898167 0.6813900203665988 0.5692146130346232 0.6686608961303462 0.5688168279022403 0.6603074083503054 0.562452265784114 0.6519539205702647 0.5505187118126273 0.6447937881873727 0.5572810590631364 0.625302316700611 0.5596677698574337 0.61416433299389
2 0.371117617107943 0.4061227087576375 0.3774821792260693 0.43436545315682284 0.3762888238289206 0.4761328920570265 0.3631619144602851 0.5163091904276985 0.3774821792260693 0.5242648930753564 0.38185781568228105 0.5389829429735233 0.38583566700611005 0.5537009928716904 0.40254264256619143 0.5616566955193483 0.40095150203665986 0.5823415224032586 0.49960221486761713 0.6280868126272912 0.4773262474541752 0.7032682026476578 0.47653067718940945 0.7096327647657841 0.437547734215886 0.6996881364562118 0.4033382128309573 0.8066923370672098 0.45465249490835036 0.7820296588594704 0.4769284623217923 0.7112239052953157 0.4896575865580448 0.6825833757637474 0.5011933553971486 0.6726387474541751 0.5198892566191446 0.6706498217922606 0.533413951120163 0.6794010947046842 0.5409718686354379 0.6885501527494908 0.5461430753564154 0.6825833757637474 0.5409718686354379 0.6650808299389002 0.53301616598778 0.6563295570264766 0.5127291242362525 0.6447937881873727 0.5059667769857434 0.6284845977596741 0.5095468431771895 0.6093909114052953 0.5143202647657841 0.5906950101832994 0.5282427443991853 0.588308299389002 0.5568832739307535 0.5998440682281059 0.5620544806517311 0.6121754073319755 0.5815459521384929 0.6276890274949083 0.6145621181262728 0.6284845977596741 0.6137665478615071 0.5795570264765784 0.6058108452138493 0.5354028767820773 0.5747836048879837 0.4773262474541752 0.5727946792260692 0.5505187118126272 0.5 0.5155136201629328 0.48687309063136464 0.5568832739307535 0.5636456211812627 0.5946728615071283 0.5747836048879837 0.5521098523421588 0.5735902494908349 0.474143966395112 0.592286150712831 0.4550502800407332 0.5592699847250509 0.3814600305498982 0.5107401985743381 0.400553716904277 0.48925980142566194 0.4025426425661915 0.46738161914460286 0.3770843940936864 0.4693705448065173 0.42322746945010187 0.47653067718940945 0.4510724287169043 0.48170188391038704 0.4904531568228106 0.4988066446028514 0.47454175152749495 0.5302316700610998 0.5167069755600814 0.5584744144602851 0.48488416496945014 0.5163091904276986 0.42402303971486766 0.4872708757637475 0.45703920570264767 0.4988066446028514 0.4761328920570265 0.48050852851323833 0.4912487270875764 0.47016611507128314 0.5031822810590632 0.4335698828920571 0.5055689918533605 0.4120894857433809 0.45385692464358457
5 0.40771384928716903 0.8082834775967414 0.42680753564154794 0.8237970977596741 0.470563900203666 0.8218081720977596 0.5453475050916496 0.7895875763747454 0.5835348778004072 0.7529913441955193 0.6062086303462322 0.7104283350305498 0.6272912423625254 0.6392247963340122 0.6336558044806517 0.5898994399185336 0.6225178207739308 0.5389829429735233 0.6070042006109979 0.49005537169042773 0.5930817209775967 0.45783477596741345 0.5767725305498981 0.47374618126272916 0.6081975560081466 0.5361984470468432 0.6157554735234216 0.5791592413441955 0.6161532586558045 0.6304735234215886 0.5823415224032586 0.6296779531568227 0.5616566955193483 0.61416433299389 0.5533032077393075 0.6424070773930753 0.5640434063136456 0.6495672097759674 0.5708057535641547 0.6615007637474541 0.5708057535641547 0.6686608961303462 0.5616566955193483 0.6845723014256618 0.5489275712830957 0.6845723014256618 0.5393807281059063 0.6925280040733197 0.5306294551934827 0.7227596741344195 0.5421652240325865 0.7414555753564155 0.529038314663951 0.7553780549898167 0.5147180498981669 0.7641293279022403 0.49522657841140527 0.765322683299389 0.4769284623217923 0.7589581211812627 0.47135947046843185 0.7458312118126272 0.45624363543788193 0.7840185845213848
2 0.08443108305509184 0.5533115087646078 0.057367748330550916 0.5334215880634391 0.029000156510851416 0.5203790171118531 0.0038932074290484175 0.5216832742070118 0.001953125 0.583119217793544 0.022478871035058412 0.5885264503338898 0.040738470367278734 0.5657019511686144
2 0.9995017538265306 0.11758609693877552 0.9990035076530612 0.20577566964285715 0.9701052295918368 0.21823182397959184 0.9646245216836735 0.20826690051020408 0.9043367346938775 0.18933354591836735 0.8933753188775511 0.18933354591836735 0.8933753188775511 0.15146683673469388 0.8898875956632653 0.1180843431122449 0.8769331951530612 0.0772281568877551 0.8659717793367347 0.0448421556122449 0.8594945790816326 0.0014947385204081632 0.8744419642857143 0.0014947385204081632 0.8824139030612245 0.06576849489795919 0.9078244579081632 0.05131935586734694 0.9252630739795918 0.05630181760204082 0.9312420280612245 0.08420360331632654 0.9357262436224489 0.09466677295918367 0.9456911670918368 0.09865274234693877 0.9491788903061225 0.12705277423469388
5 0.3853400735294117 0.5818342962184874 0.3537454044117647 0.5637801995798319 0.33938419117647056 0.6400997899159664 0.365234375 0.6491268382352942
1 0.36400341386554624 0.6532300420168068 0.3422564338235293 0.6446133140756303 0.33076746323529405 0.6491268382352942 0.3217404149159664 0.6733357405462185 0.32748490021008403 0.6893382352941176 0.35251444327731085 0.6987756039915967
1 0.40134256827731085 0.5629595588235294 0.39806000525210083 0.5797826943277311 0.38821231617647056 0.5777310924369748 0.3836987920168067 0.5789620535714286 0.36482405462184875 0.5678834033613446 0.3767233455882353 0.5522912289915967 0.3705685399159664 0.548188025210084 0.36031053046218486 0.5485983455882353 0.35333508403361347 0.5289029674369748 0.3607208508403361 0.5178243172268908 0.37631302521008403 0.5256204044117647 0.3836987920168067 0.5563944327731093
