1 0.45930989583333326 0.8439670138888888 0.4755859375 0.7842881944444444 0.5135633680555556 0.7853732638888888 0.5254991319444444 0.75390625 0.522243923611111 0.7072482638888888 0.4994574652777778 0.6833767361111112 0.46365017361111105 0.7170138888888888 0.43869357638888884 0.7224392361111112 0.41048177083333326 0.7495659722222223 0.38118489583333326 0.7788628472222222 0.3866102430555556 0.8200954861111112 0.42458767361111116 0.8493923611111112
1 0.7707248263888888 0.7083333333333334 0.7414279513888888 0.6779513888888888 0.7056206597222222 0.6974826388888888 0.6622178819444444 0.6746961805555556 0.6676432291666666 0.6486545138888888 0.649197048611111 0.6128472222222223 0.6893446180555556 0.5944010416666667 0.7067057291666666 0.6095920138888888 0.7229817708333333 0.5748697916666667 0.7414279513888888 0.5618489583333334 0.7772352430555555 0.5705295138888888 0.8021918402777778 0.5922309027777778 0.8173828125 0.626953125 0.8119574652777778 0.6790364583333334 0.7945963541666666 0.7105034722222223 0.7555338541666666 0.7094184027777778
1 0.9996744791666666 0.6182725694444444 0.9649522569444444 0.6399739583333334 0.9161241319444444 0.6095920138888888 0.873806423611111 0.5802951388888888 0.8727213541666666 0.5303819444444444 0.8705512152777778 0.48806423611111116 0.9237196180555555 0.43489583333333337 0.9823133680555556 0.41970486111111116 1.0 0.4754177517361112
1 0.7544487847222222 0.32638888888888895 0.7490234375 0.3491753472222222 0.7360026041666666 0.35568576388888895 0.7045355902777778 0.33615451388888895 0.6925998263888888 0.3133680555555556 0.7023654513888888 0.2840711805555556 0.7338324652777778 0.2797309027777778 0.7577039930555555 0.2862413194444444 0.7501085069444444 0.3036024305555556
1 0.912868923611111 0.05295138888888895 0.8466796875 0.13541666666666674 0.7978515625 0.14192708333333337 0.7229817708333333 0.13650173611111116 0.7132161458333333 0.09418402777777779 0.7132161458333333 0.05403645833333337 0.7030037275326797 0.001953125 0.8575303819444444 0.001953125 0.922634548611111 0.001953125
4 0.9975043402777777 0.099609375 0.9823133680555556 0.11588541666666674 0.9595269097222222 0.12022569444444453 0.9649522569444444 0.099609375 0.9378255208333333 0.08767361111111116 0.9117838541666666 0.07573784722222221 0.9161241319444444 0.04752604166666674 0.9246028141149871 0.001953125 1.0 0.001953125000000111 0.9996744791666666 0.08116319444444453
1 0.6274956597222222 0.3285590277777778 0.5634765625 0.33072916666666674 0.5602213541666666 0.30143229166666674 0.5591362847222222 0.22439236111111116 0.5569661458333333 0.177734375 0.5971137152777778 0.15711805555555558 0.6274956597222222 0.16579861111111116 0.6502821180555556 0.17013888888888895 0.668728298611111 0.22981770833333337 0.6633029513888888 0.28298611111111116
1 0.4853515625 0.3198784722222222 0.45822482638888884 0.3491753472222222 0.40397135416666674 0.3741319444444444 0.37141927083333326 0.3448350694444444 0.3486328125 0.31119791666666674 0.3594835069444444 0.26779513888888895 0.3725043402777777 0.22547743055555558 0.3974609375 0.21788194444444453 0.40071614583333326 0.1430121527777778 0.4267578125 0.11805555555555558 0.4745008680555556 0.09743923611111116 0.512478298611111 0.11480034722222221 0.5385199652777778 0.16688368055555558 0.532009548611111 0.216796875 0.5081380208333333 0.24934895833333337 0.5168185763888888 0.2710503472222222 0.5200737847222222 0.28732638888888895
1 0.5960286458333333 0.04861111111111116 0.5537109375 0.0703125 0.5168185763888888 0.07248263888888895 0.47341579861111105 0.04318576388888895 0.4658203125 0.001953125000000111 0.4658203125000029 0.001953125 0.590603298611111 0.001953125
1 0.37141927083333326 0.1332465277777778 0.3442925347222221 0.1430121527777778 0.33669704861111116 0.11697048611111116 0.3442925347222221 0.08767361111111116 0.37141927083333326 0.10069444444444453
3 0.3583984375 0.22981770833333337 0.3095703125 0.2309027777777778 0.21453460757337517 0.001953125 0.19997829861111116 0.001953125 0.2520616319444444 0.10611979166666674 0.30305989583333326 0.236328125 0.30305989583333326 0.24283854166666674
1 0.3866102430555556 0.4663628472222222 0.3876953125 0.43489583333333337 0.3681640625 0.42838541666666674 0.36490885416666674 0.4468315972222222 0.3692491319444444 0.46419270833333337
3 0.9096137152777778 0.3198784722222222 0.9378255208333333 0.421875 0.9725477430555556 0.4164496527777778 0.9975043402777777 0.41427951388888895 0.9996744791666666 0.2808159722222222 0.9215494791666666 0.3057725694444444
1 0.6676432291666666 0.4403211805555556 0.6958550347222222 0.46853298611111116 0.698025173611111 0.49348958333333337 0.6741536458333333 0.5119357638888888 0.6578776041666666 0.5130208333333334 0.6470269097222222 0.49782986111111116 0.6437717013888888 0.4761284722222222 0.6437717013888888 0.451171875
1 0.47884114583333326 0.6085069444444444 0.4940321180555556 0.5889756944444444 0.5092230902777778 0.6030815972222223 0.5037977430555556 0.6215277777777778 0.48860677083333326 0.6280381944444444
1 0.5602213541666666 0.6106770833333334 0.5699869791666666 0.5933159722222223 0.5862630208333333 0.6085069444444444 0.5873480902777778 0.6280381944444444 0.5721571180555556 0.6280381944444444
3 0.7642144097222222 0.41427951388888895 0.756618923611111 0.40885416666666674 0.7685546875 0.3817274305555556 0.7945963541666666 0.33072916666666674 0.8206380208333333 0.3046875 0.8184678819444444 0.3187934027777778 0.785915798611111 0.36111111111111116
3 0.8944227430555555 0.2547743055555556 0.8976779513888888 0.2743055555555556 0.9172092013888888 0.26779513888888895 0.9410807291666666 0.2406684027777778 0.9389105902777778 0.23307291666666674
0 0.9052734375 0.44466145833333337 0.8781467013888888 0.43923611111111116 0.8770616319444444 0.41861979166666674 0.8727213541666666 0.392578125 0.8575303819444444 0.3687065972222222 0.8401692708333333 0.3719618055555556 0.8097873263888888 0.39474826388888895 0.7826605902777778 0.4403211805555556 0.7620442708333333 0.4891493055555556 0.7501085069444444 0.5173611111111112 0.7294921875 0.5423177083333334 0.658962673611111 0.5705295138888888 0.6416015625 0.5130208333333334 0.6513671875 0.5108506944444444 0.6633029513888888 0.5173611111111112 0.6730685763888888 0.5151909722222223 0.6850043402777778 0.5065104166666667 0.6991102430555556 0.4989149305555556 0.7067057291666666 0.4858940972222222 0.7023654513888888 0.4815538194444444 0.7240668402777778 0.46744791666666674 0.746853298611111 0.4555121527777778 0.756618923611111 0.44466145833333337 0.7620442708333333 0.4359809027777778 0.766384548611111 0.4229600694444444 0.7739800347222222 0.4077690972222222 0.7891710069444444 0.38606770833333337 0.8011067708333333 0.36111111111111116 0.8282335069444444 0.3426649305555556 0.8564453125 0.333984375 0.8846571180555555 0.34592013888888895 0.8987630208333333 0.36979166666666674 0.903103298611111 0.4164496527777778
0 0.903103298611111 0.451171875 0.8792317708333333 0.4403211805555556 0.8629557291666666 0.4696180555555556 0.8521050347222222 0.4858940972222222 0.8238932291666666 0.5065104166666667 0.7750651041666666 0.5238715277777778 0.7620442708333333 0.5119357638888888 0.7544487847222222 0.5151909722222223 0.7294921875 0.5434027777777778 0.7349175347222222 0.55859375 0.7511935763888888 0.5607638888888888 0.7685546875 0.5618489583333334 0.7924262152777778 0.55859375 0.8455946180555555 0.5368923611111112 0.8662109375 0.5206163194444444 0.8662109375 0.5065104166666667 0.8629557291666666 0.4891493055555556 0.8911675347222222 0.46744791666666674
0 0.7360026041666666 0.5618489583333334 0.7197265625 0.578125 0.707790798611111 0.6009114583333334 0.6925998263888888 0.5954861111111112 0.6567925347222222 0.6030815972222223 0.6437717013888888 0.6117621527777778 0.6405164930555556 0.6041666666666667 0.6611328125 0.5889756944444444 0.6578776041666666 0.5705295138888888 0.7251519097222222 0.5455729166666667
3 0.7924262152777778 0.5824652777777778 0.8011067708333333 0.587890625 0.8716362847222222 0.5466579861111112 0.8683810763888888 0.5368923611111112
3 0.6622178819444444 0.6540798611111112 0.522243923611111 0.734375 0.5265842013888888 0.7387152777777778 0.5732421875 0.7170138888888888 0.6405164930555556 0.6790364583333334 0.658962673611111 0.6692708333333334
0 0.6437717013888888 0.6204427083333334 0.6329210069444444 0.6106770833333334 0.5992838541666666 0.6193576388888888 0.5873480902777778 0.6291232638888888 0.5699869791666666 0.6302083333333334 0.561306423611111 0.6150173611111112 0.5547960069444444 0.6106770833333334 0.5623914930555556 0.5987413194444444 0.5537109375 0.59765625 0.541775173611111 0.6052517361111112 0.532009548611111 0.6052517361111112 0.5168185763888888 0.5987413194444444 0.5059678819444444 0.5900607638888888 0.49728732638888884 0.5911458333333334 0.5081380208333333 0.6009114583333334 0.5113932291666666 0.6052517361111112 0.512478298611111 0.6139322916666667 0.5092230902777778 0.6226128472222223 0.4962022569444444 0.6302083333333334 0.4810112847222222 0.6280381944444444 0.4755859375 0.6161024305555556 0.4745008680555556 0.6095920138888888 0.4896918402777778 0.5933159722222223 0.4842664930555556 0.5889756944444444 0.4755859375 0.59765625 0.4669053819444444 0.5922309027777778 0.4658203125 0.5802951388888888 0.43869357638888884 0.5824652777777778 0.43001302083333326 0.5954861111111112 0.42350260416666674 0.6009114583333334 0.4126519097222221 0.5987413194444444 0.40397135416666674 0.5954861111111112 0.4018012152777777 0.5835503472222223 0.34537760416666674 0.5954861111111112 0.37575954861111116 0.6432291666666667 0.3866102430555556 0.6605902777777778 0.4224175347222221 0.6746961805555556 0.4603949652777778 0.6844618055555556 0.48752170138888884 0.685546875 0.5146484375 0.6746961805555556 0.5493706597222222 0.6616753472222223 0.5862630208333333 0.6475694444444444 0.6177300347222222 0.6323784722222223
0 0.4365234375 0.5792100694444444 0.4647352430555556 0.5813802083333334 0.4810112847222222 0.5661892361111112 0.4517144097222221 0.48372395833333337 0.43869357638888884 0.4848090277777778 0.4321831597222221 0.4696180555555556 0.42458767361111116 0.44140625 0.43435329861111116 0.4359809027777778 0.42350260416666674 0.392578125 0.4126519097222221 0.3838975694444444 0.4028862847222221 0.3817274305555556 0.40505642361111116 0.3914930555555556 0.3887803819444444 0.3828125 0.36165364583333326 0.35026041666666674 0.3497178819444444 0.32204861111111116 0.3193359375 0.2862413194444444 0.29329427083333326 0.2515190972222222 0.24772135416666674 0.13216145833333337 0.1880425347222221 0.001953125000000111 0.1880425347222201 0.001953125 0.15657552083333326 0.001953125 0.20106336805555558 0.099609375 0.25857204861111116 0.2569444444444444 0.2802734375 0.3524305555555556 0.2900390625 0.4110243055555556 0.2987196180555556 0.4262152777777778 0.35514322916666674 0.40993923611111116 0.3779296875 0.40559895833333337 0.3985460069444444 0.4522569444444444 0.4267578125 0.5423177083333334
0 0.4061414930555556 0.5759548611111112 0.34646267361111116 0.5911458333333334 0.29654947916666674 0.4262152777777778 0.35080295138888884 0.4131944444444444 0.3627387152777777 0.4175347222222222 0.3670789930555556 0.42947048611111116 0.36165364583333326 0.4468315972222222 0.36599392361111116 0.4663628472222222 0.3735894097222221 0.48697916666666674 0.38009982638888884 0.5086805555555556 0.4083116319444444 0.5 0.41916232638888884 0.5227864583333334 0.4224175347222221 0.5390625 0.4159071180555556 0.5477430555555556 0.39963107638888884 0.5531684027777778 0.3963758680555556 0.55859375
1 0.3985460069444444 0.4761284722222222 0.3963758680555556 0.4609375 0.38552517361111116 0.4696180555555556 0.37033420138888884 0.4663628472222222 0.37467447916666674 0.48372395833333337
3 0.658962673611111 0.5922309027777778 0.6264105902777778 0.6117621527777778 0.600368923611111 0.6150173611111112 0.5938585069444444 0.6117621527777778 0.5819227430555556 0.5661892361111112 0.5732421875 0.578125 0.561306423611111 0.5694444444444444 0.5623914930555556 0.5564236111111112 0.5689019097222222 0.5553385416666667 0.5623914930555556 0.5444878472222223 0.5558810763888888 0.5358072916666667 0.5211588541666666 0.5531684027777778 0.4864366319444444 0.5672743055555556 0.46907552083333326 0.5303819444444444 0.44845920138888884 0.4696180555555556 0.43435329861111116 0.46853298611111116 0.4278428819444444 0.451171875 0.4376085069444444 0.44357638888888895 0.43001302083333326 0.4262152777777778 0.42350260416666674 0.3914930555555556 0.4745008680555556 0.36979166666666674 0.5103081597222222 0.3448350694444444 0.5439453125 0.3285590277777778 0.5472005208333333 0.3328993055555556 0.551540798611111 0.3491753472222222 0.5689019097222222 0.33723958333333337 0.5884331597222222 0.3350694444444444 0.6177300347222222 0.33181423611111116 0.6209852430555556 0.33723958333333337 0.6372612847222222 0.40451388888888895 0.6123046875 0.41536458333333337 0.6079644097222222 0.4229600694444444 0.6090494791666666 0.4424913194444444 0.6177300347222222 0.4424913194444444 0.6274956597222222 0.4652777777777778 0.6350911458333333 0.470703125 0.6437717013888888 0.5054253472222223 0.6416015625 0.5162760416666667
3 0.7001953125 0.05620659722222221 0.6383463541666666 0.10720486111111116 0.6264105902777778 0.0703125 0.6090494791666666 0.03884548611111116 0.6285807291666666 0.01605902777777779 0.6520905671296293 0.001953125 0.6947699652777778 0.001953125000000111 0.7045355902777778 0.03884548611111116
