1 0.4278428819444444 0.0019531250000000126 0.44954427083333337 0.03016493055555557 0.4755859375 0.03233506944444446 0.4853515625 0.06922743055555557 0.5396050347222222 0.2970920138888889 0.5840928819444444 0.28515625 0.6188151041666667 0.2688802083333333 0.6199001736111112 0.2840711805555555 0.6481119791666667 0.28515625 0.6730685763888888 0.24717881944444445 0.7338324652777779 0.20811631944444445 0.7674696180555556 0.3025173611111111 0.7913411458333333 0.40451388888888884 0.8184678819444444 0.5846354166666666 0.8434244791666667 0.724609375 0.998046875 0.706727873441043 0.998046875 0.22439236111111113 0.998046875 0.0 0.4755859375 0.0 0.42458767361111116 0.0
1 0.6763237847222223 0.3263888888888889 0.6806640625 0.3589409722222222 0.6980251736111112 0.3470052083333333 0.6969401041666667 0.32096354166666663
1 0.7229817708333333 0.30902777777777773 0.7273220486111112 0.3459201388888889 0.7511935763888888 0.34375 0.7555338541666667 0.3166232638888889
1 0.6264105902777779 0.3763020833333333 0.6285807291666667 0.4077690972222222 0.6481119791666667 0.3936631944444444 0.6426866319444444 0.3719618055555555
1 0.5699869791666667 0.4055989583333333 0.5678168402777779 0.431640625 0.5884331597222223 0.4348958333333333 0.5916883680555556 0.4099392361111111
1 0.6806640625 0.3936631944444444 0.6860894097222223 0.4153645833333333 0.7034505208333333 0.40668402777777773 0.6947699652777779 0.3838975694444444
1 0.7218967013888888 0.3980034722222222 0.7284071180555556 0.42838541666666663 0.7522786458333333 0.42838541666666663 0.7435980902777779 0.3958333333333333
1 0.7598741319444444 0.412109375 0.7598741319444444 0.43815104166666663 0.7783203125 0.4403211805555555 0.7772352430555556 0.4175347222222222
1 0.5689019097222223 0.4696180555555555 0.5634765625 0.5130208333333333 0.5851779513888888 0.5238715277777778 0.5895182291666667 0.4815538194444444
1 0.6199001736111112 0.48046875 0.6253255208333333 0.5260416666666666 0.6546223958333333 0.5336371527777778 0.6622178819444444 0.4956597222222222 0.6578776041666667 0.45768229166666663
1 0.6860894097222223 0.4891493055555555 0.6915147569444444 0.527126736111111 0.7121310763888888 0.527126736111111 0.7175564236111112 0.5010850694444444 0.7132161458333333 0.47721354166666663 0.7023654513888888 0.47721354166666663
1 0.7381727430555556 0.4880642361111111 0.7284071180555556 0.5141059027777778 0.7414279513888888 0.5303819444444444 0.7544487847222223 0.5227864583333333 0.7544487847222223 0.49240451388888884 0.7511935763888888 0.48046875
1 0.7685546875 0.4782986111111111 0.7804904513888888 0.5336371527777778 0.7989366319444444 0.5314670138888888 0.7967664930555556 0.5032552083333333 0.7837456597222223 0.5 0.7837456597222223 0.4837239583333333 0.7902560763888888 0.47721354166666663 0.7837456597222223 0.4663628472222222
1 0.5754123263888888 0.5596788194444444 0.5602213541666667 0.605251736111111 0.6025390625 0.663845486111111 0.6133897569444444 0.6399739583333333 0.5927734375 0.615017361111111 0.5992838541666667 0.5846354166666666 0.6003689236111112 0.5726996527777778
1 0.6318359375 0.5672743055555556 0.6253255208333333 0.6009114583333333 0.6470269097222223 0.6161024305555556 0.6513671875 0.5944010416666666 0.6405164930555556 0.5824652777777778
1 0.6947699652777779 0.5813802083333333 0.6882595486111112 0.6182725694444444 0.7067057291666667 0.6312934027777778 0.7186414930555556 0.615017361111111 0.7186414930555556 0.5889756944444444
1 0.7544487847222223 0.5889756944444444 0.7425130208333333 0.6095920138888888 0.7631293402777779 0.6302083333333333 0.7707248263888888 0.624782986111111 0.7652994791666667 0.5987413194444444
1 0.7945963541666667 0.5998263888888888 0.7945963541666667 0.6193576388888888 0.8021918402777779 0.6302083333333333 0.8152126736111112 0.6236979166666666 0.8130425347222223 0.6009114583333333
1 0.9953342013888888 0.7766927083333333 0.9551866319444444 0.7777777777777778 0.9475911458333333 0.8244357638888888 0.9584418402777779 0.87109375 0.9736328125 0.868923611111111 0.9942491319444444 0.8352864583333333 0.998046875 0.8526475694444444 0.9964192708333333 0.9980468749999999 0.9530164930555556 0.9947916666666666 0.9356553819444444 0.9980468749999999 0.6904296875 0.9969618055555555 0.6806640625 0.8483072916666666 0.6828342013888888 0.8059895833333333 0.6817491319444444 0.7886284722222222 0.8097873263888888 0.7875434027777778 0.8618706597222223 0.7734375 0.9291449652777779 0.7571614583333333 0.9855685763888888 0.7560763888888888 0.998046875 0.7553831500771605
1 0.2260199652777778 0.8819444444444444 0.2271050347222222 0.907986111111111 0.24880642361111116 0.9058159722222222 0.24880642361111116 0.8841145833333333
1 0.26833767361111116 0.8765190972222222 0.2694227430555556 0.9069010416666666 0.2943793402777778 0.9036458333333333 0.2943793402777778 0.880859375
1 0.3149956597222222 0.880859375 0.3193359375 0.9058159722222222 0.3377821180555556 0.8938802083333333 0.33669704861111116 0.8830295138888888
1 0.35514322916666674 0.8776041666666666 0.3529730902777778 0.8971354166666666 0.37033420138888895 0.898220486111111 0.3681640625 0.878689236111111
1 0.39963107638888895 0.8797743055555555 0.3963758680555556 0.9069010416666666 0.4126519097222222 0.9123263888888888 0.43001302083333337 0.8938802083333333
1 0.5254991319444444 0.8830295138888888 0.5254991319444444 0.9014756944444444 0.5406901041666667 0.9047309027777778 0.5439453125 0.890625
1 0.5732421875 0.8797743055555555 0.5699869791666667 0.9112413194444444 0.5895182291666667 0.9025607638888888 0.5906032986111112 0.878689236111111
1 0.6090494791666667 0.8743489583333333 0.6199001736111112 0.8993055555555555 0.6329210069444444 0.8993055555555555 0.6274956597222223 0.8765190972222222
1 0.8369140625 0.7311197916666666 0.7468532986111112 0.7560763888888888 0.6936848958333333 0.7549913194444444 0.6416015625 0.7506510416666666 0.6340060763888888 0.7137586805555556 0.6437717013888888 0.6996527777777778 0.6524522569444444 0.7159288194444444 0.6535373263888888 0.7354600694444444 0.7088758680555556 0.732204861111111 0.6991102430555556 0.724609375 0.7088758680555556 0.7094184027777778 0.7186414930555556 0.7083333333333333 0.7164713541666667 0.7311197916666666 0.7544487847222223 0.7289496527777778 0.7739800347222223 0.7170138888888888 0.7804904513888888 0.7061631944444444 0.8011067708333333 0.7137586805555556 0.8238932291666667 0.7137586805555556 0.8206380208333333 0.6974826388888888 0.8347439236111112 0.683376736111111 0.8423394097222223 0.7159288194444444
3 0.6155598958333333 0.28949652777777773 0.6155598958333333 0.3079427083333333 0.6394314236111112 0.30902777777777773 0.6416015625 0.3253038194444444 0.6296657986111112 0.33832465277777773 0.6296657986111112 0.34809027777777773 0.6177300347222223 0.35026041666666663 0.5992838541666667 0.3546006944444444 0.5830078125 0.3567708333333333 0.5764973958333333 0.3687065972222222 0.5537109375 0.3687065972222222 0.5493706597222223 0.3122829861111111 0.5526258680555556 0.2938368055555555 0.5927734375 0.28515625 0.6253255208333333 0.26996527777777773
3 0.5157335069444444 0.3025173611111111 0.3432074652777778 0.23958333333333334 0.27376302083333337 0.22005208333333334 0.25423177083333337 0.21462673611111113 0.2564019097222222 0.2016059027777778 0.31174045138888895 0.216796875 0.4169921875 0.2569444444444444 0.5092230902777778 0.2884114583333333
3 0.35080295138888895 0.4685329861111111 0.46907552083333337 0.5141059027777778 0.44845920138888895 0.6497395833333333 0.3301866319444444 0.595486111111111
3 0.22276475694444453 0.41427951388888884 0.25206163194444453 0.431640625 0.2412109375 0.48480902777777773 0.22493489583333337 0.5206163194444444 0.20540364583333337 0.49457465277777773
3 0.5450303819444444 0.41644965277777773 0.5580512152777779 0.431640625 0.5634765625 0.490234375 0.5439453125 0.48697916666666663
1 0.28678385416666674 0.2764756944444444 0.28352864583333337 0.3155381944444444 0.30631510416666674 0.3263888888888889 0.3247612847222222 0.30143229166666663 0.32150607638888895 0.28949652777777773 0.3095703125 0.2775607638888889
1 0.3529730902777778 0.2927517361111111 0.34212239583333337 0.33072916666666663 0.35514322916666674 0.34049479166666663 0.3681640625 0.33072916666666663 0.3725043402777778 0.3122829861111111 0.3670789930555556 0.2938368055555555
1 0.3963758680555556 0.3101128472222222 0.39963107638888895 0.35026041666666663 0.4083116319444444 0.3556857638888889 0.42350260416666674 0.3361545138888889 0.4213324652777778 0.3166232638888889
1 0.4452039930555556 0.314453125 0.4419487847222222 0.35785590277777773 0.45822482638888895 0.3719618055555555 0.4842664930555556 0.3470052083333333 0.47341579861111116 0.3263888888888889 0.46907552083333337 0.31879340277777773
1 0.5103081597222222 0.3296440972222222 0.5005425347222222 0.35785590277777773 0.5222439236111112 0.3806423611111111 0.536349826388889 0.37955729166666663 0.5341796875 0.34049479166666663 0.5298394097222222 0.3296440972222222
1 0.3822699652777778 0.4305555555555555 0.3670789930555556 0.4522569444444444 0.36056857638888895 0.4685329861111111 0.38118489583333337 0.4761284722222222 0.4061414930555556 0.4587673611111111 0.40505642361111116 0.43598090277777773
1 0.44954427083333337 0.4348958333333333 0.4354383680555556 0.46310763888888884 0.44303385416666674 0.4880642361111111 0.4658203125 0.4761284722222222 0.46907552083333337 0.4587673611111111 0.4669053819444444 0.43815104166666663
1 0.5124782986111112 0.44791666666666663 0.5005425347222222 0.4739583333333333 0.5016276041666667 0.5 0.5189887152777778 0.5119357638888888 0.536349826388889 0.4880642361111111 0.5374348958333334 0.4696180555555555
1 0.29220920138888895 0.40885416666666663 0.2705078125 0.4012586805555555 0.27159288194444453 0.4229600694444444 0.2802734375 0.4500868055555555 0.29763454861111116 0.44140625
1 0.2705078125 0.48263888888888884 0.2596571180555556 0.5108506944444444 0.26725260416666674 0.5282118055555556 0.2846137152777778 0.5227864583333333 0.2856987847222222 0.5021701388888888
1 0.3399522569444444 0.5249565972222222 0.3280164930555556 0.5130208333333333 0.32150607638888895 0.5260416666666666 0.31282552083333337 0.536892361111111 0.3182508680555556 0.5607638888888888 0.33235677083333337 0.5629340277777778
1 0.2314453125 0.9622395833333333 0.2314453125 0.9893663194444444 0.25423177083333337 0.9752604166666666 0.24989149305555558 0.9546440972222222
1 0.2759331597222222 0.956814236111111 0.2856987847222222 0.9806857638888888 0.3008897569444444 0.9600694444444444
1 0.3095703125 0.9600694444444444 0.31282552083333337 0.9817708333333333 0.3377821180555556 0.976345486111111 0.3345269097222222 0.9578993055555555
1 0.3529730902777778 0.9557291666666666 0.3594835069444444 0.9839409722222222 0.38552517361111116 0.9806857638888888 0.38118489583333337 0.956814236111111
1 0.39095052083333337 0.9524739583333333 0.3974609375 0.9871961805555555 0.4213324652777778 0.9752604166666666 0.4072265625 0.9459635416666666
1 0.44411892361111116 0.956814236111111 0.44303385416666674 0.9817708333333333 0.45930989583333337 0.9796006944444444 0.46365017361111116 0.956814236111111
1 0.4365234375 0.8830295138888888 0.44954427083333337 0.9047309027777778 0.4658203125 0.8949652777777778 0.4669053819444444 0.8797743055555555
1 0.48752170138888895 0.9546440972222222 0.4940321180555556 0.9774305555555555 0.5103081597222222 0.9698350694444444 0.4994574652777778 0.9513888888888888
1 0.526584201388889 0.9481336805555555 0.5341796875 0.9741753472222222 0.5482855902777779 0.9720052083333333 0.5417751736111112 0.9481336805555555
1 0.5710720486111112 0.9481336805555555 0.5689019097222223 0.9698350694444444 0.5884331597222223 0.9720052083333333 0.5873480902777779 0.9524739583333333
1 0.6155598958333333 0.9459635416666666 0.6188151041666667 0.9720052083333333 0.6394314236111112 0.9730902777777778 0.6405164930555556 0.9546440972222222
5 0.17610677083333337 0.724609375 0.1869574652777778 0.8743489583333333 0.6784939236111112 0.8721788194444444 0.6752387152777779 0.8146701388888888 0.48752170138888895 0.8135850694444444 0.41373697916666674 0.8038194444444444 0.2856987847222222 0.7528211805555555 0.20865885416666674 0.724609375
5 0.1880425347222222 0.91015625 0.6817491319444444 0.9036458333333333 0.6850043402777779 0.9448784722222222 0.6850043402777779 0.9524739583333333 0.6090494791666667 0.9416232638888888 0.5591362847222223 0.9427083333333333 0.44845920138888895 0.9524739583333333 0.4169921875 0.9481336805555555 0.3974609375 0.9405381944444444 0.38444010416666674 0.94921875 0.3627387152777778 0.9513888888888888 0.28244357638888895 0.9546440972222222 0.22384982638888895 0.9513888888888888 0.18044704861111116 0.9524739583333333
5 0.1869574652777778 0.878689236111111 0.2162543402777778 0.8765190972222222 0.2260199652777778 0.9112413194444444 0.18153211805555558 0.91015625
5 0.22493489583333337 0.8732638888888888 0.22819010416666674 0.880859375 0.24989149305555558 0.8830295138888888 0.25206163194444453 0.9058159722222222 0.2661675347222222 0.9069010416666666 0.26833767361111116 0.8830295138888888 0.2650824652777778 0.8765190972222222
5 0.27810329861111116 0.8743489583333333 0.27701822916666674 0.8776041666666666 0.2987196180555556 0.8819444444444444 0.29654947916666674 0.9036458333333333 0.3193359375 0.9047309027777778 0.3149956597222222 0.8841145833333333 0.31174045138888895 0.8754340277777778
5 0.3182508680555556 0.8754340277777778 0.3193359375 0.8776041666666666 0.33669704861111116 0.8830295138888888 0.3432074652777778 0.8938802083333333 0.3280164930555556 0.9025607638888888 0.33561197916666674 0.9069010416666666 0.36056857638888895 0.9069010416666666 0.3540581597222222 0.8971354166666666 0.35622829861111116 0.8841145833333333 0.3540581597222222 0.8743489583333333
5 0.3681640625 0.8754340277777778 0.39963107638888895 0.8754340277777778 0.3985460069444444 0.8841145833333333 0.39420572916666674 0.9058159722222222 0.3670789930555556 0.907986111111111 0.3638237847222222 0.9014756944444444 0.3790147569444444 0.898220486111111 0.3735894097222222 0.8862847222222222
5 0.40505642361111116 0.8754340277777778 0.4072265625 0.880859375 0.4278428819444444 0.8895399305555555 0.4321831597222222 0.898220486111111 0.4267578125 0.9025607638888888 0.44411892361111116 0.9058159722222222 0.4408637152777778 0.8927951388888888 0.43435329861111116 0.8830295138888888 0.46256510416666674 0.8776041666666666 0.4614800347222222 0.8754340277777778
5 0.1771918402777778 0.956814236111111 0.2271050347222222 0.9524739583333333 0.2314453125 0.9622395833333333 0.22927517361111116 0.9871961805555555 0.6839192708333333 0.9752604166666666 0.684955018939394 0.998046875 0.1771918402777778 0.998046875
5 0.25748697916666674 0.9546440972222222 0.27810329861111116 0.9557291666666666 0.28678385416666674 0.978515625 0.25423177083333337 0.9828559027777778
5 0.30197482638888895 0.9600694444444444 0.2889539930555556 0.9828559027777778 0.31174045138888895 0.9817708333333333
5 0.33561197916666674 0.9535590277777778 0.35622829861111116 0.9535590277777778 0.3540581597222222 0.9730902777777778 0.35622829861111116 0.9806857638888888 0.34212239583333337 0.9796006944444444
5 0.41482204861111116 0.9481336805555555 0.4419487847222222 0.9546440972222222 0.43977864583333337 0.9806857638888888 0.4224175347222222 0.9774305555555555
5 0.4658203125 0.9535590277777778 0.4842664930555556 0.9524739583333333 0.4940321180555556 0.9774305555555555 0.4614800347222222 0.9806857638888888
5 0.5016276041666667 0.947048611111111 0.5287543402777778 0.94921875 0.5341796875 0.976345486111111 0.5124782986111112 0.976345486111111
5 0.5461154513888888 0.9459635416666666 0.5732421875 0.9481336805555555 0.5656467013888888 0.9752604166666666 0.5526258680555556 0.9730902777777778 0.5515407986111112 0.9611545138888888
5 0.5754123263888888 0.9448784722222222 0.5754123263888888 0.94921875 0.5916883680555556 0.9524739583333333 0.5916883680555556 0.96875 0.5981987847222223 0.9752604166666666 0.6144748263888888 0.9741753472222222 0.6144748263888888 0.9622395833333333 0.6133897569444444 0.9503038194444444 0.6101345486111112 0.9459635416666666 0.6057942708333333 0.9437934027777778
5 0.6199001736111112 0.9437934027777778 0.6459418402777779 0.9546440972222222 0.6426866319444444 0.966579861111111 0.6459418402777779 0.9741753472222222 0.6860894097222223 0.9730902777777778 0.6850043402777779 0.9535590277777778 0.6741536458333333 0.9524739583333333 0.6481119791666667 0.94921875
5 0.4701605902777778 0.8732638888888888 0.5808376736111112 0.8743489583333333 0.5699869791666667 0.8819444444444444 0.5699869791666667 0.9058159722222222 0.5461154513888888 0.9047309027777778 0.5461154513888888 0.8949652777777778 0.5461154513888888 0.8895399305555555 0.5330946180555556 0.8830295138888888 0.5244140625 0.8765190972222222 0.5211588541666667 0.8862847222222222 0.5233289930555556 0.8971354166666666 0.5211588541666667 0.9025607638888888 0.45822482638888895 0.9069010416666666 0.4647352430555556 0.900390625 0.46799045138888895 0.888454861111111
5 0.6318359375 0.8765190972222222 0.6795789930555556 0.8754340277777778 0.6850043402777779 0.9036458333333333 0.6372612847222223 0.9025607638888888
1 0.46799045138888895 0.5607638888888888 0.48860677083333337 0.5629340277777778 0.4962022569444444 0.5933159722222222 0.47341579861111116 0.6193576388888888 0.45388454861111116 0.5987413194444444
1 0.5059678819444444 0.5640190972222222 0.5417751736111112 0.568359375 0.5461154513888888 0.59765625 0.5276692708333334 0.6171875 0.5113932291666667 0.6117621527777778 0.5016276041666667 0.59765625
5 0.003580729166666685 0.0008680555555555677 0.42024739583333337 0.0019531250000000126 0.4452039930555556 0.031250000000000014 0.46256510416666674 0.03559027777777779 0.47775607638888895 0.038845486111111126 0.5374348958333334 0.294921875 0.48318142361111116 0.2764756944444444 0.37033420138888895 0.236328125 0.3193359375 0.21571180555555555 0.27376302083333337 0.20703125 0.26182725694444453 0.19509548611111113 0.23795572916666674 0.17556423611111113 0.22384982638888895 0.15711805555555558 0.2064887152777778 0.1506076388888889 0.1826171875 0.14409722222222224 0.1674262152777778 0.12890625 0.16091579861111116 0.11371527777777779 0.15223524305555558 0.11046006944444446 0.1381293402777778 0.12565104166666669 0.10340711805555558 0.13650173611111113 0.07085503472222221 0.13216145833333334 0.0 0.10611181321486927 0.0 0.013888888888888902
1 0.26182725694444453 0.5824652777777778 0.28244357638888895 0.5900607638888888 0.2802734375 0.6019965277777778 0.27376302083333337 0.6215277777777778 0.26182725694444453 0.6236979166666666 0.2564019097222222 0.6063368055555556
1 0.3095703125 0.6117621527777778 0.30305989583333337 0.6312934027777778 0.31174045138888895 0.6421440972222222 0.32584635416666674 0.6388888888888888 0.32584635416666674 0.6182725694444444
1 0.37033420138888895 0.63671875 0.3497178819444444 0.6519097222222222 0.36599392361111116 0.6681857638888888 0.3540581597222222 0.6790364583333333 0.3779296875 0.685546875 0.3866102430555556 0.6681857638888888
1 0.42458767361111116 0.6671006944444444 0.4159071180555556 0.6974826388888888 0.4278428819444444 0.7039930555555556 0.4408637152777778 0.7094184027777778 0.4560546875 0.6844618055555556 0.43977864583333337 0.6768663194444444
3 0.4669053819444444 0.673611111111111 0.46256510416666674 0.702907986111111 0.4669053819444444 0.71484375 0.4864366319444444 0.71484375 0.4940321180555556 0.7170138888888888 0.5005425347222222 0.6801215277777778 0.48209635416666674 0.6725260416666666
5 0.5450303819444444 0.6106770833333333 0.5634765625 0.615017361111111 0.5797526041666667 0.644314236111111 0.5949435763888888 0.6746961805555556 0.6177300347222223 0.7083333333333333 0.6340060763888888 0.7387152777777778 0.6350911458333333 0.7528211805555555 0.6036241319444444 0.75390625 0.5992838541666667 0.7235243055555556 0.5830078125 0.693142361111111 0.5569661458333333 0.6909722222222222 0.5309244791666667 0.6877170138888888 0.5157335069444444 0.673611111111111 0.5037977430555556 0.6649305555555556 0.507052951388889 0.6410590277777778 0.5254991319444444 0.646484375 0.5320095486111112 0.6529947916666666 0.5330946180555556 0.646484375
1 0.5906032986111112 0.7604166666666666 0.5048828125 0.771267361111111 0.47775607638888895 0.7766927083333333 0.4256727430555556 0.7701822916666666 0.3963758680555556 0.7528211805555555 0.3236762152777778 0.7256944444444444 0.2607421875 0.6898871527777778 0.2119140625 0.6649305555555556 0.1923828125 0.6573350694444444 0.2075737847222222 0.6356336805555556 0.23470052083333337 0.6584201388888888 0.2455512152777778 0.6410590277777778 0.2661675347222222 0.6475694444444444 0.2650824652777778 0.663845486111111 0.2661675347222222 0.6725260416666666 0.2802734375 0.67578125 0.2791883680555556 0.663845486111111 0.2846137152777778 0.6616753472222222 0.29763454861111116 0.6714409722222222 0.2889539930555556 0.6779513888888888 0.2943793402777778 0.685546875 0.3052300347222222 0.6801215277777778 0.31174045138888895 0.6790364583333333 0.31716579861111116 0.6898871527777778 0.3095703125 0.6963975694444444 0.3247612847222222 0.7007378472222222 0.32693142361111116 0.685546875 0.3432074652777778 0.693142361111111 0.3442925347222222 0.7072482638888888 0.36165364583333337 0.7235243055555556 0.3681640625 0.7072482638888888 0.37467447916666674 0.7115885416666666 0.37467447916666674 0.7256944444444444 0.39095052083333337 0.734375 0.3866102430555556 0.7256944444444444 0.3963758680555556 0.7191840277777778 0.4083116319444444 0.7191840277777778 0.41373697916666674 0.7365451388888888 0.41482204861111116 0.744140625 0.43435329861111116 0.7473958333333333 0.43435329861111116 0.734375 0.4549696180555556 0.7365451388888888 0.46907552083333337 0.7387152777777778 0.47233072916666674 0.751736111111111 0.48752170138888895 0.7528211805555555 0.49837239583333337 0.7267795138888888 0.5081380208333334 0.7278645833333333 0.5103081597222222 0.7484809027777778 0.5309244791666667 0.751736111111111 0.5482855902777779 0.7484809027777778 0.5732421875 0.7452256944444444 0.5667317708333333 0.734375 0.5797526041666667 0.7191840277777778 0.5916883680555556 0.7300347222222222 0.5981987847222223 0.7452256944444444
5 0.9975043402777779 0.7137586805555556 0.9964192708333333 0.7495659722222222 0.8976779513888888 0.7528211805555555 0.8455946180555556 0.7690972222222222 0.7663845486111112 0.7842881944444444 0.6752387152777779 0.7788628472222222 0.5797526041666667 0.7853732638888888 0.4658203125 0.7842881944444444 0.4224175347222222 0.783203125 0.36599392361111116 0.7549913194444444 0.2987196180555556 0.7267795138888888 0.2357855902777778 0.6963975694444444 0.2162543402777778 0.6866319444444444 0.22384982638888895 0.6801215277777778 0.23904079861111116 0.6790364583333333 0.27810329861111116 0.7018229166666666 0.33669704861111116 0.732204861111111 0.39095052083333337 0.7528211805555555 0.44303385416666674 0.7756076388888888 0.5276692708333334 0.7745225694444444 0.5960286458333333 0.763671875 0.6090494791666667 0.7571614583333333 0.6437717013888888 0.7549913194444444 0.6925998263888888 0.7571614583333333 0.7587890625 0.7582465277777778 0.8521050347222223 0.7289496527777778 0.9541015625 0.722439236111111
5 0.6057942708333333 0.5629340277777778 0.6329210069444444 0.5629340277777778 0.6285807291666667 0.5933159722222222 0.6253255208333333 0.6019965277777778 0.6426866319444444 0.6182725694444444 0.6199001736111112 0.6410590277777778 0.5981987847222223 0.6204427083333333 0.5960286458333333 0.605251736111111 0.6003689236111112 0.5835503472222222
5 0.5710720486111112 0.5238715277777778 0.6307508680555556 0.5314670138888888 0.6502821180555556 0.5325520833333333 0.6611328125 0.5347222222222222 0.6958550347222223 0.529296875 0.7349175347222223 0.5325520833333333 0.7870008680555556 0.5325520833333333 0.8087022569444444 0.5390625 0.8195529513888888 0.59765625 0.8043619791666667 0.5987413194444444 0.7826605902777779 0.5998263888888888 0.7620442708333333 0.5965711805555556 0.7587890625 0.5868055555555556 0.7522786458333333 0.587890625 0.7435980902777779 0.6030815972222222 0.7262369791666667 0.5965711805555556 0.7197265625 0.5889756944444444 0.7077907986111112 0.585720486111111 0.6969401041666667 0.5802951388888888 0.6925998263888888 0.587890625 0.6654730902777779 0.5900607638888888 0.6535373263888888 0.5900607638888888 0.6437717013888888 0.578125 0.6361762152777779 0.5694444444444444 0.6361762152777779 0.5607638888888888 0.6199001736111112 0.5575086805555556 0.6090494791666667 0.5575086805555556 0.6003689236111112 0.568359375 0.5840928819444444 0.5607638888888888 0.5775824652777779 0.5575086805555556
5 0.6524522569444444 0.6182725694444444 0.6871744791666667 0.6182725694444444 0.6882595486111112 0.5944010416666666 0.6698133680555556 0.5911458333333333 0.6557074652777779 0.5922309027777778
5 0.7229817708333333 0.59765625 0.7392578125 0.605251736111111 0.7490234375 0.6171875 0.7652994791666667 0.6302083333333333 0.7099609375 0.634548611111111 0.7186414930555556 0.615017361111111
5 0.7696397569444444 0.6030815972222222 0.7902560763888888 0.6019965277777778 0.7935112847222223 0.6171875 0.7989366319444444 0.6302083333333333 0.7750651041666667 0.6302083333333333
5 0.6036241319444444 0.6671006944444444 0.6177300347222223 0.6421440972222222 0.6426866319444444 0.6236979166666666 0.6763237847222223 0.6215277777777778 0.7012803819444444 0.6291232638888888 0.7110460069444444 0.634548611111111 0.7305772569444444 0.6388888888888888 0.7631293402777779 0.6334635416666666 0.7837456597222223 0.6334635416666666 0.8054470486111112 0.6334635416666666 0.8238932291666667 0.6302083333333333 0.8347439236111112 0.6725260416666666 0.8314887152777779 0.6898871527777778 0.8162977430555556 0.6942274305555556 0.8195529513888888 0.702907986111111 0.8021918402777779 0.705078125 0.7815755208333333 0.7007378472222222 0.7707248263888888 0.7105034722222222 0.7511935763888888 0.7202690972222222 0.7392578125 0.7235243055555556 0.7251519097222223 0.724609375 0.7218967013888888 0.712673611111111 0.7143012152777779 0.702907986111111 0.6991102430555556 0.705078125 0.7001953125 0.7170138888888888 0.6882595486111112 0.722439236111111 0.6763237847222223 0.724609375 0.6654730902777779 0.7256944444444444 0.6557074652777779 0.7094184027777778 0.6513671875 0.6985677083333333 0.6361762152777779 0.6985677083333333 0.6361762152777779 0.7115885416666666 0.6285807291666667 0.7137586805555556 0.6188151041666667 0.7072482638888888 0.6144748263888888 0.6953125 0.6057942708333333 0.6898871527777778
5 0.5884331597222223 0.4837239583333333 0.6199001736111112 0.4837239583333333 0.6209852430555556 0.5238715277777778 0.5927734375 0.5217013888888888
5 0.6622178819444444 0.4587673611111111 0.6817491319444444 0.4641927083333333 0.6860894097222223 0.5108506944444444 0.6915147569444444 0.5260416666666666 0.6578776041666667 0.5282118055555556 0.6665581597222223 0.4934895833333333 0.6622178819444444 0.4815538194444444
5 0.7132161458333333 0.4761284722222222 0.7403428819444444 0.47721354166666663 0.7338324652777779 0.4934895833333333 0.7273220486111112 0.5130208333333333 0.7370876736111112 0.529296875 0.7153862847222223 0.529296875 0.7186414930555556 0.5086805555555556
5 0.7587890625 0.4815538194444444 0.7685546875 0.4761284722222222 0.7772352430555556 0.5282118055555556 0.7522786458333333 0.529296875 0.7598741319444444 0.509765625
5 0.5656467013888888 0.43381076388888884 0.7566189236111112 0.4370659722222222 0.7772352430555556 0.4446614583333333 0.7956814236111112 0.44791666666666663 0.7978515625 0.4696180555555555 0.7880859375 0.4663628472222222 0.7815755208333333 0.46310763888888884 0.7718098958333333 0.47287326388888884 0.7631293402777779 0.4761284722222222 0.7468532986111112 0.47721354166666663 0.7327473958333333 0.47721354166666663 0.7175564236111112 0.4739583333333333 0.7077907986111112 0.4717881944444444 0.6904296875 0.4793836805555555 0.6839192708333333 0.46310763888888884 0.6763237847222223 0.4565972222222222 0.6643880208333333 0.45551215277777773 0.6502821180555556 0.4522569444444444 0.6166449652777779 0.4837239583333333 0.5895182291666667 0.48046875 0.5764973958333333 0.470703125 0.5689019097222223 0.4544270833333333
5 0.5927734375 0.3654513888888889 0.5949435763888888 0.4131944444444444 0.5938585069444444 0.431640625 0.7577039930555556 0.4370659722222222 0.7577039930555556 0.42838541666666663 0.7381727430555556 0.4294704861111111 0.7284071180555556 0.4294704861111111 0.7240668402777779 0.4197048611111111 0.7175564236111112 0.4012586805555555 0.7077907986111112 0.4034288194444444 0.6936848958333333 0.4131944444444444 0.6860894097222223 0.4153645833333333 0.6806640625 0.4034288194444444 0.6763237847222223 0.3958333333333333 0.6535373263888888 0.39474826388888884 0.6405164930555556 0.40234375 0.6318359375 0.40885416666666663 0.6253255208333333 0.4099392361111111 0.6231553819444444 0.3980034722222222 0.6209852430555556 0.37738715277777773 0.6166449652777779 0.353515625 0.6047092013888888 0.353515625
5 0.5580512152777779 0.3741319444444444 0.5591362847222223 0.40234375 0.5808376736111112 0.40451388888888884 0.5916883680555556 0.40451388888888884 0.5927734375 0.3719618055555555 0.5884331597222223 0.36762152777777773 0.5764973958333333 0.3687065972222222
5 0.6242404513888888 0.28515625 0.6459418402777779 0.28949652777777773 0.6719835069444444 0.2569444444444444 0.6817491319444444 0.24500868055555555 0.7327473958333333 0.21354166666666669 0.7598741319444444 0.28949652777777773 0.7685546875 0.3057725694444444 0.7587890625 0.3133680555555555 0.7392578125 0.3101128472222222 0.7294921875 0.3101128472222222 0.7208116319444444 0.3036024305555555 0.7186414930555556 0.31119791666666663 0.7197265625 0.3166232638888889 0.7012803819444444 0.32096354166666663 0.6969401041666667 0.3198784722222222 0.6871744791666667 0.3198784722222222 0.6784939236111112 0.32421875 0.6730685763888888 0.3274739583333333 0.6752387152777779 0.34049479166666663 0.6752387152777779 0.3546006944444444 0.6448567708333333 0.36979166666666663 0.6220703125 0.3741319444444444 0.6166449652777779 0.3567708333333333 0.6264105902777779 0.34809027777777773 0.6340060763888888 0.3448350694444444 0.6340060763888888 0.333984375 0.6416015625 0.3274739583333333 0.6448567708333333 0.3198784722222222 0.6416015625 0.3036024305555555 0.6264105902777779 0.3036024305555555 0.6199001736111112 0.2960069444444444
5 0.6481119791666667 0.3741319444444444 0.6730685763888888 0.3589409722222222 0.6774088541666667 0.3611111111111111 0.6958550347222223 0.3589409722222222 0.6991102430555556 0.3491753472222222 0.7012803819444444 0.3263888888888889 0.7186414930555556 0.3198784722222222 0.7262369791666667 0.33832465277777773 0.7273220486111112 0.3491753472222222 0.7457682291666667 0.34809027777777773 0.7544487847222223 0.3448350694444444 0.7555338541666667 0.3231336805555555 0.7587890625 0.314453125 0.7674696180555556 0.31119791666666663 0.7783203125 0.3589409722222222 0.7891710069444444 0.412109375 0.7642144097222223 0.4110243055555555 0.7577039930555556 0.4099392361111111 0.7577039930555556 0.4207899305555555 0.7479383680555556 0.3980034722222222 0.7446831597222223 0.3904079861111111 0.7284071180555556 0.3936631944444444 0.7164713541666667 0.3936631944444444 0.7023654513888888 0.39908854166666663 0.6980251736111112 0.3817274305555555 0.6806640625 0.3882378472222222 0.6654730902777779 0.392578125 0.6481119791666667 0.3904079861111111
5 0.7804904513888888 0.41861979166666663 0.7935112847222223 0.41861979166666663 0.7935112847222223 0.44357638888888884 0.7804904513888888 0.4403211805555555
5 0.3182508680555556 0.38715277777777773 0.36490885416666674 0.3741319444444444 0.3833550347222222 0.3838975694444444 0.40505642361111116 0.37955729166666663 0.42892795138888895 0.3687065972222222 0.4462890625 0.3838975694444444 0.45822482638888895 0.39908854166666663 0.4669053819444444 0.40451388888888884 0.46799045138888895 0.3828125 0.49294704861111116 0.3838975694444444 0.5113932291666667 0.39691840277777773 0.516818576388889 0.4229600694444444 0.516818576388889 0.4500868055555555 0.5406901041666667 0.4685329861111111 0.5417751736111112 0.421875 0.5428602430555556 0.40451388888888884 0.5504557291666667 0.421875 0.5526258680555556 0.3828125 0.5493706597222223 0.3643663194444444 0.5547960069444444 0.3470052083333333 0.5504557291666667 0.333984375 0.5396050347222222 0.33832465277777773 0.5374348958333334 0.353515625 0.5341796875 0.3687065972222222 0.5352647569444444 0.37738715277777773 0.5233289930555556 0.3806423611111111 0.5092230902777778 0.36979166666666663 0.5048828125 0.3643663194444444 0.5027126736111112 0.35026041666666663 0.5048828125 0.333984375 0.5016276041666667 0.32421875 0.48860677083333337 0.314453125 0.47775607638888895 0.3231336805555555 0.4853515625 0.3415798611111111 0.48752170138888895 0.353515625 0.4603949652777778 0.37521701388888884 0.4517144097222222 0.3665364583333333 0.44411892361111116 0.3621961805555555 0.43869357638888895 0.3556857638888889 0.44303385416666674 0.33072916666666663 0.4419487847222222 0.3177083333333333 0.4354383680555556 0.294921875 0.42024739583333337 0.29926215277777773 0.42024739583333337 0.3177083333333333 0.4267578125 0.3296440972222222 0.4213324652777778 0.3470052083333333 0.41048177083333337 0.3546006944444444 0.3974609375 0.3567708333333333 0.39420572916666674 0.353515625 0.3920355902777778 0.34049479166666663 0.37575954861111116 0.33832465277777773 0.3670789930555556 0.33832465277777773 0.34212239583333337 0.3589409722222222 0.3236762152777778 0.3719618055555555
3 0.30197482638888895 0.39474826388888884 0.31282552083333337 0.40234375 0.30631510416666674 0.4468315972222222 0.30305989583333337 0.46527777777777773 0.2900390625 0.4609375 0.29220920138888895 0.4490017361111111 0.2998046875 0.4403211805555555 0.2987196180555556 0.431640625 0.2954644097222222 0.4110243055555555
3 0.4159071180555556 0.4034288194444444 0.43435329861111116 0.40668402777777773 0.4256727430555556 0.4294704861111111 0.4159071180555556 0.431640625 0.41482204861111116 0.4197048611111111
5 0.5472005208333333 0.4880642361111111 0.5547960069444444 0.5032552083333333 0.5482855902777779 0.51953125 0.5450303819444444 0.5401475694444444 0.5461154513888888 0.556423611111111 0.5439453125 0.5640190972222222 0.5254991319444444 0.5640190972222222 0.5276692708333334 0.546657986111111 0.5233289930555556 0.5282118055555556 0.5179036458333334 0.5130208333333333
