3 0.25188499273255816 0.7850199854651163 0.17807503633720934 0.5079487645348837 0.2450717659883721 0.23087754360465118 0.25983375726744184 0.23314861918604646 0.41199582122093026 0.18091388081395343 0.593681867732558 0.2229287790697675 0.5948174055232559 0.25472383720930236 0.6470521438953488 0.25131722383720934 0.6527298328488372 0.25131722383720934 0.723133175872093 0.6215025436046512 0.6822538154069767 0.8372547238372093 0.6527298328488372 0.8372547238372093 0.6266124636627907 0.8667787063953488 0.5743777252906977 0.834983648255814 0.5539380450581395 0.834983648255814 0.5459892805232558 0.7793422965116279 0.47445039970930236 0.7759356831395349 0.4244867369186046 0.7941042877906976 0.4029115188953488 0.789562136627907 0.3881495276162791 0.8327125726744187 0.36884538517441856 0.8281704215116279 0.3892850654069767 0.7872910610465116 0.36089662063953487 0.7804778343023255 0.3177461845930233 0.799781976744186 0.28481558866279066 0.7850199854651163
0 0.9979333212209301 0.36600654069767447 0.9127679869186046 0.009447674418604612 0.9106266870847176 0.001953125 0.998046875 0.0037040300512359847
0 0.820789425872093 0.07757994186046513 0.8650753997093023 0.03783611918604646 0.8563764920278365 0.001953125 0.7730968386627907 0.001953125
0 0.6754405886627907 0.350109011627907 0.8060274345930233 0.11959484011627908 0.7378951671511628 0.0026344476744185608 0.7263126816860457 0.001953125 0.7015579578488372 0.02080305232558144 0.6731695130813954 0.07303779069767447 0.586868640988372 0.07757994186046513 0.593681867732558 0.10710392441860461 0.593681867732558 0.13322129360465118 0.5902752543604651 0.14684774709302328 0.49829669331395343 0.15366097383720934 0.4914834665697674 0.14798328488372092 0.4869413154069767 0.0798510174418604 0.5823264898255814 0.07871547965116277 0.5823264898255814 0.06736010174418605 0.5119231468023255 0.012854287790697638 0.49261900436046513 0.02761627906976749 0.4596884084302325 0.04351380813953487 0.45514625726744184 0.02875181686046513 0.4165379723837209 0.07644440406976749 0.3529478561046512 0.0821220930232558 0.3449990915697674 0.19794694767441856 0.3699809229651163 0.19454033430232553 0.3722519985465116 0.16842296511627908 0.4812636264534884 0.1661518895348837 0.4869413154069767 0.1911337209302325 0.5948174055232559 0.21838662790697672 0.6027661700581396 0.2206577034883721 0.6027661700581396 0.24563953488372092 0.6515942950581396 0.24563953488372092 0.6584075218023256 0.24336845930232553
1 0.24620730377906974 0.9962300145348837 0.24280069040697672 0.7827489098837209 0.19737917877906974 0.5885719476744187 0.19965025436046513 0.9962300145348837
1 0.19510810319767435 0.4375454215116279 0.17353288517441856 0.1604742005813954 0.08155432412790697 0.004905523255813948 0.21668332122093026 0.006041061046511587 0.23371638808139528 0.2422329215116279 0.23371638808139528 0.26494367732558144
1 0.7787745276162791 0.5147619912790697 0.8241960392441859 0.4670694040697675 0.8446357194767441 0.42051235465116277 0.879837390988372 0.4625272529069767 0.9059547601744186 0.4761537063953488 0.9468341206395349 0.4432231104651163 0.9650027252906977 0.3807685319767442 0.9740870276162791 0.3319404069767442 0.9684093386627907 0.2638081395348837 0.9343432049418604 0.23087754360465118 0.8968704578488372 0.23769077034883723 0.8877861555232559 0.24904614825581395 0.8616687863372093 0.2501816860465116 0.8503134084302325 0.2672147529069767 0.8264671148255814 0.2944676598837209 0.7946720566860465 0.2910610465116279 0.7526571584302325 0.3046875 0.7390307049418604 0.35805777616279066 0.7276753270348838 0.4159702034883721 0.7208621002906977 0.4454941860465116 0.723133175872093 0.4727470930232558 0.7356240915697675 0.5136264534883721
1 0.9752225654069767 0.7634447674418605 0.998046875 0.7680096293604651 0.998046875 0.8611010174418605 0.9888490188953488 0.8565588662790697 0.9684093386627907 0.8224927325581395
1 0.9570539607558138 0.7157521802325582 0.998046875 0.7257504519994329 0.998046875 0.6975835755813953 0.9559184229651162 0.6771438953488372 0.9468341206395349 0.6760083575581395 0.943427507267442 0.7066678779069768
1 0.9945267078488372 0.639671148255814 0.9422919694767441 0.6305868459302326 0.9263944404069767 0.6180959302325582 0.9309365915697675 0.59765625 0.9820357921511628 0.6021984011627908 0.998046875 0.6143973214285716 0.998046875 0.639671148255814
1 0.9877134811046512 0.5386082848837209 0.9275299781976744 0.5476925872093024 0.9048192223837209 0.5352016715116279 0.9048192223837209 0.5193041424418605 0.9229878270348838 0.5090843023255813 0.9684093386627907 0.5215752180232558
1 0.8605332485465117 0.22519985465116277 0.9139035247093023 0.1559320494186046 0.8900572311046512 0.1559320494186046 0.845771257267442 0.19226925872093026 0.837822492732558 0.22519985465116277
1 0.40404705668604646 0.8849473110465116 0.39496275436046513 0.9383175872093024 0.381336300872093 0.9621638808139535 0.36316769622093026 0.9678415697674418 0.3347792514534883 0.9485374273255814 0.3234238735465116 0.9178779069767442 0.3313726380813954 0.8849473110465116 0.34954124273255816 0.8542877906976745 0.3699809229651163 0.8497456395348837 0.3972338299418604 0.8690497819767442
0 0.4290288880813954 0.9962300145348837 0.5232785247093024 0.9133357558139535 0.5493958938953488 0.8792696220930233 0.5664289607558138 0.8406613372093024 0.5857331031976744 0.8520167151162791 0.5811909520348838 0.8656431686046512 0.5664289607558138 0.8849473110465116 0.5516669694767442 0.9144712936046512 0.5437182049418604 0.9371820494186046 0.5573446584302325 0.981468023255814 0.5641578851744186 0.9973655523255814 0.5471248183139534 0.9985010901162791 0.5346339026162791 0.9542151162790697 0.5289562136627907 0.946266351744186 0.5051099200581395 0.9598928052325582 0.4948900799418604 0.9757903343023255 0.46957997489429176 1.0 0.4426553415697674 0.9962300145348837
2 0.1905659520348837 0.9996366279069767 0.12988281250000125 1.0 0.006608829941860461 0.9985010901162791 0.0020666787790697416 0.0026344476744185608 0.07701217296511631 0.0026344476744185608 0.1689907340116279 0.16160973837209303 0.19170148982558133 0.4432231104651163 0.1746684229651163 0.5090843023255813 0.19397256540697672 0.5817587209302326
2 0.24961391715116277 0.9996366279069767 0.24734284156976738 0.7884265988372093 0.283680050872093 0.7884265988372093 0.32001726017441856 0.8031885901162791 0.36884538517441856 0.7827489098837209 0.3836073764534883 0.7906976744186047 0.3643032340116279 0.838390261627907 0.35521893168604646 0.8440679505813954 0.3291015625 0.8747274709302326 0.32001726017441856 0.9167423691860466 0.33023710029069764 0.9542151162790697 0.36089662063953487 0.9735192587209303 0.3802007630813954 0.9655704941860466 0.39836936773255816 0.9439952761627907 0.40858920784883723 0.8758630087209303 0.4029115188953488 0.8497456395348837 0.39496275436046513 0.838390261627907 0.4074536700581395 0.7941042877906976 0.42789335029069764 0.8009175145348837 0.4676371729651163 0.7838844476744187 0.4971611555232558 0.7838844476744187 0.5255496002906976 0.7816133720930233 0.527820675872093 0.7816133720930233 0.5437182049418604 0.8077307412790697 0.5471248183139534 0.8270348837209303 0.5539380450581395 0.848610101744186 0.5618868095930233 0.8474745639534884 0.5505314316860465 0.8690497819767442 0.5403115915697674 0.890625 0.527820675872093 0.9087936046511628 0.414094182906259 1.0
2 0.7705078125000001 1.0 0.9965933866279071 1.0 0.9965933866279071 0.8735919331395349 0.9612781613372093 0.8236282703488372 0.969226925872093 0.7600381540697674 0.9965933866279071 0.7634447674418604 0.9771756904069769 0.7554960029069767 0.9714980014534885 0.7202943313953487 0.9362963299418606 0.7100744912790697 0.941974018895349 0.6680595930232556 0.962413699127907 0.6612463662790697 0.9556004723837209 0.6339934593023255 0.9226698764534885 0.624909156976744 0.9272120276162791 0.5851653343023255 0.945380632267442 0.5783521075581395 0.9374318677325583 0.5488281249999998 0.8999591206395351 0.5431504360465116 0.8976880450581396 0.5102198401162787 0.9317541787790699 0.4999999999999998 0.9158566497093025 0.46706940406976716 0.8920103561046512 0.48296693313953454 0.8420466933139535 0.4273255813953485 0.8216070130813954 0.4818313953488369 0.7841342659883722 0.5193041424418605 0.7310819404069767 0.5215752180232558 0.716319949127907 0.4409520348837209 0.7265397892441859 0.3512445494186046 0.7458439316860465 0.30582303779069764 0.8219249636627907 0.28651889534883723 0.8593977107558138 0.24109738372093026 0.8321448037790699 0.2286064680232558 0.8389580305232559 0.18886264534883723 0.8480423328488372 0.1797783430232558 0.8185183502906977 0.1366279069767442 0.8105695857558138 0.1252725290697675 0.6765761264534883 0.36032885174418605 0.7004224200581396 0.5113553779069768 0.7265397892441859 0.6203670058139534 0.7185910247093023 0.6669240552325582 0.7026934956395349 0.7316497093023255 0.6955623183139535 0.7645803052325582 0.6830714026162791 0.8429324127906976 0.649005268895349 0.8440679505813954 0.6194812863372093 0.8769985465116279 0.5899573037790699 0.8622365552325582 0.5456713299418605 0.9383175872093024 0.5683820857558141 1.0
3 0.9877134811046512 0.7543604651162791 0.9820357921511628 0.7214298691860466 0.998046875 0.7263028074443882 0.998046875 0.7543604651162791 0.998046875 0.750953851744186
3 0.9650027252906977 0.6703306686046512 0.998046875 0.6903574260042282 0.9888490188953488 0.646484375 0.9615961119186046 0.6385356104651163
3 0.9468341206395349 0.5931140988372092 0.984306867732558 0.5965207122093024 0.9718159520348838 0.548828125 0.9422919694767441 0.5465570494186047
3 0.9638671874999999 0.5113553779069768 0.9468341206395349 0.451171875 0.9229878270348838 0.4670694040697675 0.9366142805232559 0.5056776889534884
3 0.8730241642441859 0.24109738372093026 0.8752952398255814 0.21838662790697672 0.8911927688953488 0.20021802325581395 0.894599382267442 0.22974200581395343
3 0.852584484011628 0.17296511627906974 0.7400765950122399 0.001953125 0.771961300872093 0.001953125 0.869617550872093 0.16728742732558144
3 0.23030977470930236 0.04578488372093026 0.2882222020348837 0.04578488372093026 0.2882222020348837 0.001953125 0.22008993459302328 0.0026344476744185608 0.22008993459302328 0.008312136627906974
2 0.2393940770348837 0.23314861918604646 0.2689180595930233 0.21952216569767447 0.3404569404069767 0.20021802325581395 0.34613462936046513 0.07530886627906974 0.4108602834302325 0.06963117732558144 0.45514625726744184 0.01853197674418605 0.46877271075581395 0.007176598837209336 0.4859355533637873 0.001953125 0.5687000363372093 0.032158430232558155 0.5925463299418604 0.06395348837209303 0.6697628997093023 0.06622456395348841 0.7151844113372093 0.0026344476744185608 0.29730650436046513 0.0026344476744185608 0.29503542877906974 0.048055959302325535 0.2257676235465116 0.057140261627906974
2 0.8741597020348838 0.16274527616279066 0.8276026526162791 0.0798510174418604 0.8718886264534883 0.0469204215116279 0.8593977107558138 0.004905523255813948 0.9048192223837209 0.00376998546511631 0.9684093386627907 0.25472383720930236 0.9400208938953488 0.22974200581395343 0.8980059956395349 0.22974200581395343 0.8980059956395349 0.20021802325581395 0.894599382267442 0.19226925872093026 0.9207167514534883 0.15706758720930236 0.9207167514534883 0.14684774709302328 0.8877861555232559 0.15138989825581395
2 0.998046875 0.3773619186046512 0.9718159520348838 0.27402797965116277 0.9797647165697675 0.32739825581395354 0.9525118095930233 0.447765261627907 0.967273800872093 0.5113553779069768 0.9888490188953488 0.5306595203488372 0.9933911700581396 0.5442859738372092 0.9820357921511628 0.5510992005813953 0.9888490188953488 0.59765625 0.998046875 0.5997002180232558 0.998046875 0.40688590116279066 0.998046875 0.44208757267441856
