3 0.42689122267759566 0.5544313524590164 0.4994663592896175 0.519744706284153 0.5101391734972678 0.5538977117486339 0.4375640368852459 0.5923198428961749
3 0.5037354849726776 0.6291410519125683 0.6099299863387978 0.5800461065573771 0.6680968237704918 0.7780268101092896 0.6451502732240437 0.79296875 0.59765625 0.8084443306010929 0.5651041666666666 0.6969134221311476 0.5250811133879781 0.7070525956284153
3 0.34831293327556323 0.8861839254766031 0.361852794627383 0.9308654679376083 0.39028650346620447 0.8814449740034661 0.3730231802426343 0.8577502166377816
3 0.45426234835355284 0.912925151646447 0.502328856152513 0.9234185441941074 0.5040213388214905 0.943728336221837 0.5114682625649913 0.946436308492201 0.5168842071057193 0.9532062391681109 0.5199306759098786 0.9569297010398613 0.5219616551126516 0.9647151213171576 0.5172227036395147 0.9965337954939341 0.444784445407279 0.9809629549393414 0.443430459272097 0.946436308492201
3 0.9971852022058824 0.3388671875 0.9816750919117647 0.3583984375 0.9305491727941176 0.3710363051470588 0.9144646139705882 0.3756318933823529 0.9092945772058824 0.3951631433823529 0.9248046875 0.3997587316176471 0.9351447610294117 0.4152688419117647 0.9345703125 0.42560891544117646 0.929400275735294 0.4393956801470588 0.9190602022058824 0.4566291360294118 0.8880399816176471 0.4577780330882353 0.8742532169117647 0.4583524816176471 0.8650620404411764 0.4583524816176471 0.8558708639705882 0.4629480698529412 0.9127412683823529 0.5514131433823529 0.9426125919117647 0.5295840992647058 0.9678883272058824 0.5180951286764706 0.9943129595588235 0.519244025735294 0.998046875 0.5141098920036764 0.998046875 0.33771829044117646
3 0.028664981617647047 0.7093864889705882 0.018899356617647047 0.790383731617647 0.04704733455882352 0.8035960477941176 0.06485523897058822 0.7203010110294117
3 0.014878216911764693 0.8564453125 0.03038832720588234 0.8403607536764706 0.05049402573529411 0.8541475183823529 0.03498391544117646 0.8822954963235293
3 0.023494944852941162 0.5307329963235293 0.046472886029411756 0.4727136948529412 0.06715303308823528 0.4485868566176471 0.10047104779411763 0.4784581801470588 0.08668428308823528 0.5134995404411764 0.09644990808823528 0.5353285845588235 0.09300321691176469 0.5473920036764706 0.10161994485294117 0.5519875919117646 0.09185431985294117 0.5692210477941176 0.08093979779411763 0.5715188419117646 0.0539407169117647 0.5606043198529411 0.04762178308823529 0.5479664522058824 0.03383501838235293 0.5410730698529411
3 0.12402343749999999 0.0005170036764705752 0.11770450367647058 0.06140854779411764 0.0912798713235294 0.04877068014705881 0.0700252757352941 0.05566406249999999 0.06600413602941176 0.08438648897058822 0.0619829963235294 0.09185431985294117 0.02062270220588234 0.09300321691176469 0.02062270220588234 0.07117417279411763 0.002240349264705869 0.06715303308823528 0.0016659007352941046 0.0005170036764705752
4 0.002240349264705869 0.07462086397058822 0.00109145220588234 0.11310891544117646 0.04762178308823529 0.12344898897058822 0.05164292279411764 0.09300321691176469 0.01832490808823528 0.09530101102941176 0.017176011029411752 0.0717486213235294
4 0.473288143382353 0.45548023897058826 0.45490579044117646 0.48133042279411764 0.46696920955882354 0.49913832720588236 0.49396829044117646 0.4686925551470588 0.4801815257352941 0.45203354779411764
0 0.5927734375 0.8110638786764706 0.5738166360294117 0.8259995404411764 0.5278607536764706 0.8231272977941176 0.453756893382353 0.790383731617647 0.4141199448529412 0.7541934742647058 0.39171645220588236 0.7105353860294117 0.3704618566176471 0.6387293198529411 0.36471737132352944 0.5904756433823529 0.3750574448529412 0.538775275735294 0.3911420036764706 0.4887982536764706 0.4141199448529412 0.43594898897058826 0.4606502757352941 0.33025045955882354 0.443991268382353 0.32335707720588236 0.4089499080882353 0.3974609375 0.3704618566176471 0.48477711397058826 0.3503561580882353 0.536477481617647 0.34288832720588236 0.5841567095588235 0.3463350183823529 0.6513671875 0.35724954044117646 0.6881318933823529 0.39688648897058826 0.7765969669117647 0.4290556066176471 0.8093405330882353 0.47443704044117646 0.8363396139705882 0.5295840992647058 0.8558708639705882 0.6123046875 0.8449563419117647 0.6507927389705882 0.8202550551470588 0.6387293198529411 0.7990004595588235
5 0.6487926136363636 0.3821022727272727 0.6807528409090908 0.3913352272727273 0.6807528409090908 0.4538352272727273 0.6821732954545454 0.4943181818181818 0.69140625 0.5255681818181818 0.7034801136363636 0.5696022727272727 0.6935369318181818 0.5745738636363636 0.6772017045454545 0.5887784090909091 0.6693892045454545 0.5980113636363636 0.6743607954545454 0.6143465909090909 0.6764914772727273 0.6349431818181818 0.6871448863636364 0.6576704545454546 0.7141335227272727 0.6590909090909091 0.7205255681818181 0.6526988636363636 0.7325994318181818 0.703125 0.7546164772727273 0.7428977272727273 0.7674005681818181 0.7599431818181818 0.7475142045454545 0.7798295454545454 0.7489346590909091 0.8089488636363636 0.7311789772727273 0.8146306818181818 0.7155539772727273 0.8018465909090909 0.6999289772727273 0.7848011363636364 0.6871448863636364 0.7705965909090909 0.6736505681818181 0.6917613636363636 0.6800426136363636 0.6747159090909091 0.6715198863636364 0.6519886363636364 0.6637073863636364 0.6413352272727273 0.6452414772727273 0.5482954545454546 0.6487926136363636 0.5276988636363636 0.6388494318181818 0.5142045454545454 0.6260653409090908 0.47230113636363635 0.6260653409090908 0.4318181818181818 0.6317471590909091 0.4041193181818182
2 0.6065100154083205 0.16974431818181818 0.6481395656779662 0.17475503177966104 0.6562259244992296 0.21306818181818182 0.6636983580508474 0.2455971927966102 0.642685068443804 0.28245452089337175 0.6362685381355933 0.328515625 0.6044326006355932 0.3541015625 0.5989638506355932 0.32421875 0.5903164044497926 0.2784294750755286 0.5811904131355932 0.240234375 0.5778701006355932 0.2240234375 0.5745497881355932 0.20951704545454544 0.5712294756355932 0.19296875 0.5901747881355932 0.17613636363636365
2 0.7510653409090908 0.8153409090909091 0.7830255681818181 0.8856534090909091 0.8036221590909091 0.8977272727272727 0.8526278409090908 0.9083806818181818 0.8760653409090908 0.9076704545454546 0.93359375 0.9573863636363636 0.9499289772727273 0.9865056818181818 0.9403113162878787 0.998046875 0.998046875 0.998046875 0.998046875 0.7086568322981367 0.9803959627329193 0.7025912267080745 0.9828222049689441 0.7486898291925466 0.9719041149068322 0.7693128881987578 0.9391498447204969 0.7668866459627329 0.9185267857142856 0.7596079192546584 0.9161005434782608 0.7220011645962733 0.890625 0.7159355590062112 0.8590838509316769 0.6856075310559007 0.9043744359205776 0.6155516696750902 0.8952081453068592 0.6077955776173285 0.8655939756317689 0.6458709386281588 0.8336083074534162 0.6237383540372671 0.8226902173913042 0.6152465062111802 0.8214770962732918 0.5921972049689441 0.8093458850931676 0.5715741459627329 0.8311820652173914 0.5509510869565217 0.828125 0.5409007352941176 0.8203125 0.5482536764705882 0.7987132352941176 0.5344669117647058 0.7886029411764706 0.5206801470588235 0.7895220588235294 0.5078125 0.7918198529411765 0.49494485294117646 0.7954963235294118 0.4756433823529412 0.8074448529411765 0.4600183823529412 0.8203125 0.4365808823529412 0.8359375 0.4108455882352941 0.8239889705882353 0.4016544117647059 0.8115808823529411 0.3993566176470588 0.7881433823529411 0.4071691176470588 0.7729779411764706 0.39797794117647056 0.7706801470588235 0.3791360294117647 0.7794117647058824 0.34420955882352944 0.7679227941176471 0.3400735294117647 0.7518382352941176 0.36213235294117646 0.7486213235294118 0.38924632352941174 0.7417279411764706 0.4085477941176471 0.7431066176470589 0.47012867647058826 0.7509191176470589 0.4977022058823529 0.7559742647058824 0.5119485294117647 0.7670036764705882 0.5229779411764706 0.7738970588235294 0.5353860294117647 0.7761948529411765 0.5459558823529411 0.7752757352941176 0.5565257352941176 0.7729779411764706 0.5652573529411765 0.7761948529411765 0.5744485294117647 0.7596507352941176 0.5827205882352942 0.7435661764705882 0.578125 0.7403492647058824 0.578125 0.7251838235294118 0.5523897058823529 0.7242647058823529 0.5303308823529411 0.7302389705882353 0.5170036764705882 0.7440257352941176 0.5096507352941176 0.7490808823529411 0.5004595588235294 0.7426470588235294 0.46829044117647056 0.7398897058823529 0.46231617647058826 0.7224264705882353 0.46875 0.7077205882352942 0.46139705882352944 0.7054227941176471 0.44393382352941174 0.7072610294117647 0.4264705882352941 0.7173713235294118 0.4131433823529412 0.7394301470588235 0.40762867647058826 0.7477022058823529 0.3874080882352941 0.7490808823529411 0.3786764705882353 0.71875 0.3952205882352941 0.6930147058823529 0.39016544117647056 0.6847426470588235 0.39016544117647056 0.6824448529411765 0.39108455882352944 0.6810661764705882 0.4540441176470588 0.6833639705882353 0.49356617647058826 0.6930147058823529 0.5248161764705882 0.7035845588235294 0.5615808823529411 0.7169117647058824 0.5620404411764706 0.7228860294117647 0.5703125 0.7297794117647058 0.5790441176470589 0.7329963235294118 0.5946691176470589 0.734375 0.609375 0.7334558823529411 0.6204044117647058 0.7311580882352942 0.6323529411764706 0.7233455882352942 0.6452205882352942 0.7215073529411765 0.6484375 0.7339154411764706 0.7022058823529411 0.7564338235294118 0.7417279411764706 0.7679227941176471 0.7591911764705882 0.7738970588235294 0.7527573529411765 0.7840073529411765 0.7582720588235294 0.7964154411764706 0.7670036764705882 0.8037683823529411 0.7789522058823529 0.8074448529411765 0.7858455882352942 0.8129595588235294 0.7964154411764706 0.8125 0.8060661764705882 0.8069852941176471 0.8120404411764706 0.7936580882352942 0.8184742647058824 0.7674632352941176 0.8193933823529411 0.7633272058823529 0.8180147058823529
2 0.7478601792279411 0.8211023667279411 0.7342170266544117 0.8268468520220588 0.7295496323529411 0.8458754595588235 0.7220099954044117 0.8670582490808822 0.7216509650735293 0.8753159466911764 0.68359375 0.8807014016544117 0.6616928998161764 0.8886000689338235 0.6509219898897058 0.8893181295955882 0.6311753216911764 0.873879825367647 0.6160960477941176 0.8623908547794117 0.612505744485294 0.8537741268382353 0.6132238051470588 0.8487477022058822 0.6609748391544117 0.8354635799632353 0.6828756893382353 0.8297190946691176 0.6792853860294117 0.7930980009191176 0.6728228400735293 0.7816090303308822 0.6487678079044117 0.701904296875 0.6717457490808824 0.6914924172794117 0.6864659926470588 0.7719152113970588 0.6990320542279411 0.7877125459558822 0.7159064797794117 0.8049460018382353 0.7302676930147058 0.8160759420955882 0.7475011488970588 0.8110495174632353 0.7521685431985293 0.8207433363970588
2 0.6099925321691176 0.8465935202205882 0.6132238051470588 0.8684943704044117 0.575884650735294 0.8706485523897058 0.5482393152573529 0.8839326746323529 0.5356732536764706 0.8964987362132353 0.5342371323529411 0.916604434742647 0.5213120404411764 0.9266572840073529 0.5083869485294117 0.9280934053308822 0.5040785845588235 0.9209127987132353 0.48469094669117646 0.9133731617647058 0.4681755514705882 0.9004480698529411 0.4552504595588235 0.8839326746323529 0.4153980928308823 0.825051700367647 0.3988826976102941 0.7913028492647058 0.4017549402573529 0.7851993336397058 0.42724609374999994 0.8106904871323529 0.471047794117647 0.8386948529411764 0.5302877987132353 0.8584415211397058
2 0.587014590992647 0.9973862591911764 0.5855784696691176 0.9805118336397058 0.587014590992647 0.9629193474264706 0.5622414981617647 0.9589700137867646 0.5353142233455882 0.9618422564338235 0.5223891314338235 0.9708180147058822 0.5195229356133901 0.998046875 0.588091681985294 0.998046875
1 0.506591796875 0.9316837086397058 0.5098230698529411 0.9438907398897058 0.5173627068014706 0.948199103860294 0.5252613740808824 0.9650735294117646 0.5360322840073529 0.959329044117647 0.5604463465073529 0.9571748621323529 0.5884507123161764 0.9611241957720588 0.588091681985294 0.9794347426470588 0.5909010604536625 0.998046875 0.9374281939338235 0.998046875 0.9467629825367646 0.9862563189338235 0.9320427389705882 0.9582519531249999 0.874956916360294 0.9090647977941175 0.8512609145220588 0.9112189797794117 0.8031508501838235 0.9011661305147058 0.782327090992647 0.8882410386029411 0.7532456341911764 0.8232565487132353 0.7360121783088235 0.8286420036764706 0.7320628446691176 0.8458754595588235 0.7241641773897058 0.8666992187499999 0.7238051470588235 0.8767520680147058 0.6839527803308822 0.8824965533088235 0.6627699908088235 0.8911132812499999 0.6519990808823529 0.8925494025735293 0.6283030790441176 0.8745978860294117 0.6168141084558824 0.8659811580882353 0.616455078125 0.8706485523897058 0.5755256204044117 0.8735207950367646 0.5500344669117647 0.886086856617647 0.5378274356617647 0.8975758272058822 0.5367503446691176 0.9183995863970588 0.5220301011029411 0.928811465992647
1 0.7052159367396593 0.5740571776155717 0.6828809306569342 0.5878383515815084 0.6719510340632603 0.6020947384428224 0.6786040145985401 0.6196776155717761 0.6781288017031629 0.6310827250608272 0.6885834854014597 0.6534177311435523 0.7123441301703163 0.656269008515815 0.7194723236009731 0.6462895377128953 0.7251748783454988 0.637735705596107 0.7294517944038929 0.6291818734793186 0.7299270072992701 0.6201528284671532 0.7294517944038929 0.6035203771289537 0.7294517944038929 0.5873631386861313 0.7266005170316301 0.5769084549878345 0.7132945559610705 0.5636024939172749 0.707592001216545 0.5674041970802919
1 0.7361047749391727 0.5179820559610705 0.7289765815085157 0.5298623783454988 0.7289765815085157 0.549346107055961 0.7370552007299269 0.5664537712895377 0.7451338199513381 0.5740571776155717 0.7555885036496349 0.5773836678832116 0.7669936131386861 0.5764332420924574 0.7693696776155717 0.5716811131386861 0.7688944647201946 0.5621768552311435 0.7717457420924574 0.5488708941605839 0.7717457420924574 0.5407922749391727 0.7688944647201946 0.5317632299270073 0.7641423357664233 0.5265358880778589 0.752262013381995 0.5127547141119221 0.7475098844282237 0.5108538625304135
1 0.7194723236009731 0.4162864963503649 0.7104432785888077 0.43006767031630166 0.7090176399026763 0.4462249087591241 0.7090176399026763 0.46143172141119215 0.7204227493917275 0.4647582116788321 0.7380056265206812 0.45905565693430656 0.7422825425790753 0.43624543795620435 0.7389560523114355 0.4105839416058394 0.7256500912408759 0.41343521897810215
1 0.0004752128953771289 0.8577592761557177 0.0327896897810219 0.8895985401459854 0.05512469586374696 0.8563336374695864 0.05512469586374696 0.8282960766423357 0.0608272506082725 0.7769730839416058 0.06652980535279805 0.7251748783454988 0.0655793795620438 0.7085424270072992 0.0788853406326034 0.6762279501216545 0.11072460462287104 0.6472399635036495 0.07841012773722628 0.6239545316301702 0.06652980535279805 0.6030451642335766 0.07175714720194647 0.5821357968369829 0.08126140510948905 0.5754828163017032 0.09409215328467152 0.5721563260340632 0.10739811435523114 0.5474452554744526 0.09884428223844281 0.5441187652068126 0.09931949513381995 0.5331888686131386 0.08981523722627736 0.5137051399026764 0.10502204987834549 0.47806417274939167 0.06510416666666666 0.4438488442822384 0.04324437347931873 0.4704607664233576 0.019958941605839414 0.5312880170316301 0.0 0.5483956812652068 0.0 0.2955824209245742 0.028512773722627734 0.28655337591240876 0.02661192214111922 0.2613670924574209 0.01378117396593674 0.2532884732360097 0.005702554744525547 0.25043719586374696 0.0014256386861313869 0.24330900243309 0.0 0.2071928223844282 0.02756234793187348 0.22239963503649635 0.033740115571776155 0.22430048661800484 0.03706660583941605 0.21146973844282238 0.04799650243309002 0.20671760948905107 0.06225288929440389 0.20101505474452552 0.08458789537712895 0.19531249999999997 0.09551779197080291 0.19341164841849146 0.10977417883211678 0.1938868613138686 0.1083485401459854 0.15254333941605838 0.11215024330900242 0.12022886253041362 0.12545620437956204 0.07936055352798053 0.13686131386861314 0.04752128953771289 0.14398950729927007 0.0028512773722627737 0.1430390815085158 0.0004752128953771289 0.8696395985401459 0.0 0.998046875 0.0 0.998046875 0.3310659123563218 0.976495150862069 0.35463811063218387 0.9311729753521127 0.3672425176056338 0.9126045334507042 0.37136883802816906 0.9036641725352114 0.3975022007042254 0.9201694542253521 0.40094080105633806 0.9297975352112676 0.4153829225352113 0.9318606954225352 0.4236355633802817 0.9291098151408451 0.43463908450704225 0.917418573943662 0.45320752640845074 0.8823448503521127 0.45320752640845074 0.8637764084507042 0.45389524647887325 0.8507097271126761 0.46008472711267606 0.9119168133802817 0.5556778169014085 0.9579940580985916 0.5673690580985916 0.9765625 0.5914392605633804 0.9965063820422536 0.5852497799295775 0.9971941021126761 0.7035376320422535 0.9772502200704226 0.6973481514084507 0.9793133802816902 0.7454885563380282 0.9724361795774649 0.761993838028169 0.9408010563380282 0.7626815580985916 0.9229203345070423 0.7544289172535211 0.9201694542253521 0.7166043133802817 0.8933483714788732 0.711790272887324 0.8651518485915494 0.6863446302816901 0.9105413732394366 0.6134463028169015 0.8926606514084507 0.6031305017605634 0.8651518485915494 0.6416428257042254 0.8273272447183099 0.615509463028169 0.8232009242957747 0.5900638204225352 0.8156360035211268 0.5721830985915494 0.8376430457746479 0.5481128961267606 0.8307658450704226 0.5350462147887324 0.8170114436619719 0.5412356954225352 0.7950044014084507 0.5240426936619719 0.7998184419014085 0.4800286091549296 0.809446522887324 0.46352332746478875 0.8252640845070423 0.4367022447183099 0.8417693661971831 0.4091934419014085 0.8273272447183099 0.39475132042253525 0.8115096830985916 0.3968144806338028 0.790190360915493 0.4036916813380282 0.7764359595070423 0.3961267605633803 0.7757482394366197 0.37893375880281693 0.7840008802816901 0.34042143485915494 0.7688710387323944 0.3349196742957747 0.7496148767605634 0.35830215669014087 0.7468639964788732 0.3761828785211268 0.7179797535211268 0.38856183978873243 0.6950310698847262 0.38433222262247835 0.6507623678247734 0.1733973753776435 0.6029668617824774 0.16395628776435045 0.56874291918429 0.1916894826283988 0.6035569297583081 0.35572837990936557 0.6342404645015106 0.33212566087613293 0.6442716200906344 0.38228143882175225 0.5864449584592145 0.4519094599697885 0.5647837721456693 0.5040369709645669 0.5313345841535433 0.5021146038385826 0.5205693282480315 0.48827356053149606 0.5259519562007874 0.4532864788385827 0.5324880044291338 0.4236820250984252 0.5332569512795275 0.3940775713582677 0.5344103715551181 0.37370047982283466 0.5090351254921259 0.4006136195866142 0.4901959276574803 0.3986912524606299 0.4413678026574803 0.3786986343503937 0.4632827878937008 0.3275636687992126 0.44175227608267714 0.32179656742125984 0.40714966781496065 0.3948465182086614 0.367548905019685 0.48442882627952755 0.3467873400590551 0.5382551058070866 0.3402512918307087 0.5870832308070866 0.34294260580708663 0.6516747662401575 0.3560147022637795 0.6908910556102362 0.39599993848425197 0.7804733636811023 0.39753783218503935 0.786624938484252 0.39638441190944884 0.7954678272637795 0.4586691067913386 0.8946619709645669 0.48404435285433073 0.9158080093503936 0.45136411171259844 0.9111943282480315 0.44059885580708663 0.945796936515748 0.44175227608267714 0.9838598056102362 0.5140332800196851 0.9977008489173228 0.3514010211614173 0.9977008489173228 0.3606283833661417 0.9354161540354331 0.3940775713582677 0.8808209276574803 0.3717781126968504 0.8550612081692913 0.3460183932086614 0.8850501353346456 0.3610128567913386 0.9342627337598425 0.35146433265359045 0.998046875 0.0 0.998046875
2 0.03218666740674955 0.8866354906749556 0.0002705928063943067 0.856107071492007 0.0006175066607459941 0.6437957926287744 0.0013113343694493688 0.5525574489342806 0.0224730794849023 0.5341710146536411 0.033921236678507986 0.5445784302841918 0.04606322158081705 0.5494352242451155 0.05334841252220248 0.5646994338365897 0.07867312388987566 0.5719846247779751 0.06895953596802841 0.5792698157193605 0.06514348357015985 0.6039006993783304 0.07693855461811723 0.6261031860568383 0.1078138876554174 0.6469180173179396 0.07555089920071048 0.6746711256660746 0.06306200044404973 0.7072810279751331 0.06479656971580816 0.7149131327708703 0.025942218028419173 0.7065872002664298 0.0169224578152753 0.7967848023978685 0.0530014986678508 0.8085798734458259 0.054042240230905855 0.8529848468028419 0.029411356571936047 0.8370268095026643 0.012065663854351679 0.8581885546181172
1 0.6661371887966805 0.24876815352697096 0.6961229253112033 0.38573003112033194 0.6791039937759337 0.3889717323651452 0.6470921939834026 0.37803099066390045 0.6369618775933611 0.33345759854771784 0.6446609180497925 0.28280601659751037
1 0.46221041242362526 0.6897435081466394 0.46937054480651735 0.7116216904276985 0.47255282586558045 0.7259419551934827 0.4618126272912424 0.7398644348268839 0.47334839613034624 0.7545824847250509 0.4868730906313646 0.7605492617107943 0.5059667769857433 0.7617426171079429 0.521878182281059 0.7565714103869653 0.525856033604888 0.7446378564154785 0.5206848268839104 0.7231574592668024 0.518298116089613 0.7159973268839104 0.5139224796334012 0.6969036405295316 0.5075579175152749 0.6845723014256618 0.49880664460285135 0.6758210285132382 0.4844863798370672 0.6726387474541751 0.46857497454175157 0.6813900203665988
1 0.4466967922606925 0.6002418533604887 0.47255282586558045 0.5902972250509164 0.48329302443991856 0.592286150712831 0.4864753054989817 0.6101864816700611 0.4924420824847251 0.6268934572301426 0.4860775203665988 0.6428048625254582 0.47891738798370675 0.6455893584521385 0.4661882637474542 0.6531472759674134 0.455845850305499 0.6630919042769857 0.4550502800407332 0.673036532586558 0.45266356924643586 0.6797988798370672 0.4451056517311609 0.6817878054989817 0.4399344450101833 0.6813900203665988 0.4307853869653768 0.6686608961303462 0.4311831720977597 0.6603074083503054 0.437547734215886 0.6519539205702647 0.4494812881873727 0.6447937881873727 0.4427189409368636 0.625302316700611 0.4403322301425662 0.61416433299389
2 0.628882382892057 0.4061227087576375 0.6225178207739307 0.43436545315682284 0.6237111761710794 0.4761328920570265 0.6368380855397149 0.5163091904276985 0.6225178207739307 0.5242648930753564 0.618142184317719 0.5389829429735233 0.61416433299389 0.5537009928716904 0.5974573574338086 0.5616566955193483 0.5990484979633401 0.5823415224032586 0.5003977851323829 0.6280868126272912 0.5226737525458248 0.7032682026476578 0.5234693228105906 0.7096327647657841 0.562452265784114 0.6996881364562118 0.5966617871690427 0.8066923370672098 0.5453475050916496 0.7820296588594704 0.5230715376782077 0.7112239052953157 0.5103424134419552 0.6825833757637474 0.49880664460285135 0.6726387474541751 0.4801107433808554 0.6706498217922606 0.46658604887983707 0.6794010947046842 0.45902813136456216 0.6885501527494908 0.45385692464358457 0.6825833757637474 0.45902813136456216 0.6650808299389002 0.46698383401222 0.6563295570264766 0.4872708757637475 0.6447937881873727 0.4940332230142566 0.6284845977596741 0.4904531568228106 0.6093909114052953 0.4856797352342159 0.5906950101832994 0.47175725560081466 0.588308299389002 0.44311672606924646 0.5998440682281059 0.43794551934826886 0.6121754073319755 0.41845404786150714 0.6276890274949083 0.38543788187372713 0.6284845977596741 0.3862334521384929 0.5795570264765784 0.39418915478615074 0.5354028767820773 0.4252163951120163 0.4773262474541752 0.42720532077393075 0.5505187118126272 0.5 0.5155136201629328 0.5131269093686354 0.5568832739307535 0.4363543788187373 0.5946728615071283 0.4252163951120163 0.5521098523421588 0.426409750509165 0.474143966395112 0.4077138492871691 0.4550502800407332 0.4407300152749491 0.3814600305498982 0.48925980142566194 0.400553716904277 0.5107401985743381 0.4025426425661915 0.5326183808553971 0.3770843940936864 0.5306294551934827 0.42322746945010187 0.5234693228105906 0.4510724287169043 0.518298116089613 0.4904531568228106 0.5011933553971486 0.47454175152749495 0.4697683299389002 0.5167069755600814 0.4415255855397149 0.48488416496945014 0.48369080957230143 0.42402303971486766 0.5127291242362525 0.45703920570264767 0.5011933553971486 0.4761328920570265 0.5194914714867617 0.4912487270875764 0.5298338849287169 0.5031822810590632 0.5664301171079429 0.5055689918533605 0.5879105142566191 0.45385692464358457
5 0.592286150712831 0.8082834775967414 0.5731924643584521 0.8237970977596741 0.529436099796334 0.8218081720977596 0.45465249490835036 0.7895875763747454 0.4164651221995927 0.7529913441955193 0.3937913696537679 0.7104283350305498 0.3727087576374746 0.6392247963340122 0.36634419551934827 0.5898994399185336 0.37748217922606925 0.5389829429735233 0.3929957993890021 0.49005537169042773 0.4069182790224033 0.45783477596741345 0.42322746945010187 0.47374618126272916 0.3918024439918534 0.5361984470468432 0.3842445264765784 0.5791592413441955 0.38384674134419555 0.6304735234215886 0.41765847759674135 0.6296779531568227 0.43834330448065173 0.61416433299389 0.4466967922606925 0.6424070773930753 0.4359565936863544 0.6495672097759674 0.42919424643584525 0.6615007637474541 0.42919424643584525 0.6686608961303462 0.43834330448065173 0.6845723014256618 0.4510724287169043 0.6845723014256618 0.4606192718940937 0.6925280040733197 0.46937054480651735 0.7227596741344195 0.45783477596741345 0.7414555753564155 0.47096168533604893 0.7553780549898167 0.485281950101833 0.7641293279022403 0.5047734215885947 0.765322683299389 0.5230715376782077 0.7589581211812627 0.5286405295315681 0.7458312118126272 0.5437563645621181 0.7840185845213848
2 0.9155689169449082 0.5533115087646078 0.9426322516694491 0.5334215880634391 0.9709998434891486 0.5203790171118531 0.9961067925709516 0.5216832742070118 0.998046875 0.583119217793544 0.9775211289649416 0.5885264503338898 0.9592615296327213 0.5657019511686144
2 0.0004982461734693878 0.11758609693877552 0.0009964923469387755 0.20577566964285715 0.029894770408163265 0.21823182397959184 0.03537547831632653 0.20826690051020408 0.09566326530612244 0.18933354591836735 0.10662468112244898 0.18933354591836735 0.10662468112244898 0.15146683673469388 0.11011240433673469 0.1180843431122449 0.12306680484693877 0.0772281568877551 0.1340282206632653 0.0448421556122449 0.14050542091836735 0.0014947385204081632 0.12555803571428573 0.0014947385204081632 0.11758609693877552 0.06576849489795919 0.09217554209183673 0.05131935586734694 0.07473692602040817 0.05630181760204082 0.06875797193877552 0.08420360331632654 0.06427375637755102 0.09466677295918367 0.05430883290816327 0.09865274234693877 0.05082110969387755 0.12705277423469388
5 0.6146599264705883 0.5818342962184874 0.6462545955882353 0.5637801995798319 0.6606158088235294 0.6400997899159664 0.634765625 0.6491268382352942
1 0.6359965861344538 0.6532300420168068 0.6577435661764707 0.6446133140756303 0.669232536764706 0.6491268382352942 0.6782595850840336 0.6733357405462185 0.672515099789916 0.6893382352941176 0.6474855567226891 0.6987756039915967
1 0.5986574317226891 0.5629595588235294 0.6019399947478992 0.5797826943277311 0.6117876838235294 0.5777310924369748 0.6163012079831933 0.5789620535714286 0.6351759453781513 0.5678834033613446 0.6232766544117647 0.5522912289915967 0.6294314600840336 0.548188025210084 0.6396894695378151 0.5485983455882353 0.6466649159663865 0.5289029674369748 0.6392791491596639 0.5178243172268908 0.623686974789916 0.5256204044117647 0.6163012079831933 0.5563944327731093
