3 0.7202772556390977 0.4236372180451128 0.5146851503759399 0.42657424812030076 0.5 0.502937030075188 0.5044055451127819 0.5954534774436091 0.6674107142857143 0.5895794172932332 0.6674107142857143 0.5352443609022557 0.7232142857142857 0.5367128759398496
3 0.6160126879699248 0.26210056390977443 0.5719572368421052 0.26063204887218044 0.5616776315789473 0.28706531954887216 0.5528665413533834 0.3046875 0.5528665413533834 0.32671522556390975 0.6248237781954887 0.3296522556390977 0.6262922932330827 0.307624530075188 0.6204182330827067 0.29000234962406013
4 0.40307800751879697 0.7041235902255639 0.3575540413533834 0.70265507518797 0.3560855263157895 0.7364309210526316 0.3678336466165414 0.7349624060150376 0.3648966165413534 0.798108552631579 0.404546522556391 0.798108552631579
3 0.404546522556391 0.701186560150376 0.4324483082706767 0.6600681390977444 0.3560855263157895 0.6600681390977444 0.31937265037593987 0.6850328947368421 0.31790413533834583 0.7041235902255639 0.3120300751879699 0.7731437969924813 0.2855968045112782 0.7819548872180452 0.27972274436090216 0.8245418233082707 0.31496710526315785 0.8201362781954887 0.31496710526315785 0.8318843984962406 0.3487429511278195 0.701186560150376
3 0.43097979323308266 0.6688792293233083 0.4236372180451128 0.8406954887218046 0.3252467105263158 0.8377584586466166 0.3487429511278195 0.7144031954887218 0.3487429511278195 0.7525845864661654 0.3575540413533834 0.7525845864661654 0.3575540413533834 0.7995770676691729 0.40601503759398494 0.8069196428571429 0.4089520676691729 0.7085291353383459
3 0.5234962406015038 0.6585996240601504 0.5073425751879699 0.6585996240601504 0.5073425751879699 0.6953125 0.5249647556390977 0.692375469924812
3 0.821788594470046 0.6399409562211982 0.8253888248847926 0.6606422811059908 0.8082877304147466 0.6642425115207373 0.7992871543778801 0.6543418778801844
3 0.9360959101382489 0.5310339861751152 0.9396961405529954 0.546334965437788 0.9288954493087558 0.5553355414746544 0.913594470046083 0.5526353686635945 0.9090941820276498 0.5400345622119815 0.9198948732718895 0.529233870967742
3 0.8450092516447368 0.6566097861842105 0.8552888569078947 0.664319490131579 0.85400390625 0.678453947368421 0.8398694490131579 0.678453947368421 0.8334446957236842 0.6720291940789473
3 0.6255969684385383 0.1589752906976744 0.6165126661129569 0.16676183554817275 0.6145660299003323 0.17519725913621262 0.6171615448504983 0.18493044019933552 0.6288413621262459 0.18817483388704317 0.642467815614618 0.18363268272425248 0.643765573089701 0.17195286544850497 0.6372767857142858 0.16157080564784052
3 0.6917825996677741 0.3516922757475083 0.6677740863787376 0.34844788205980065 0.6645296926910299 0.3769985465116279 0.6839960548172758 0.38543397009966773 0.6956758720930233 0.3802429401993355
3 0.7094246748554913 0.8296604046242775 0.6620077673410405 0.8183706647398844 0.6586208453757225 0.8398211705202312 0.7071667268786127 0.8567557803468209
2 0.7171331272893773 0.7600589514652015 0.6799307463369964 0.7511160714285715 0.6763535943223443 0.7625629578754579 0.7157022664835165 0.7740098443223443
2 0.6831501831501832 0.7797332875457875 0.675638163919414 0.7765138507326008 0.6709878663003663 0.8008384844322345 0.6813616071428572 0.8033424908424909
1 0.531105324074074 0.11140046296296295 0.5470196759259258 0.17939814814814814 0.5296585648148149 0.21846064814814814 0.5412326388888888 0.2445023148148148 0.5600405092592593 0.25318287037037035 0.5513599537037037 0.27777777777777773 0.5209780092592593 0.2806712962962963 0.5094039351851851 0.3023726851851852 0.5166377314814814 0.32696759259259256 0.525318287037037 0.35590277777777773 0.5122974537037037 0.37760416666666663 0.4877025462962963 0.390625 0.4688946759259258 0.3935185185185185 0.45587384259259256 0.36168981481481477 0.46455439814814814 0.3255208333333333 0.4848090277777777 0.3038194444444444 0.5007233796296295 0.2719907407407407 0.4775752314814814 0.2546296296296296 0.4500868055555556 0.2690972222222222 0.40234375 0.24739583333333331 0.3907696759259258 0.21556712962962962 0.38498263888888884 0.1736111111111111 0.4428530092592593 0.1244212962962963 0.4891493055555556 0.11140046296296295 0.5050636574074074 0.10706018518518517
1 0.3271122685185186 0.16203703703703703 0.2475405092592593 0.14033564814814814 0.22149884259259256 0.16059027777777776 0.2041377314814814 0.21990740740740738 0.2055844907407407 0.28935185185185186 0.2475405092592593 0.3284143518518518 0.3169849537037037 0.3370949074074074 0.3285590277777777 0.2936921296296296 0.34447337962962954 0.23148148148148145 0.3531539351851851 0.2054398148148148
1 0.0088252314814814 0.45138888888888884 0.10141782407407396 0.5092592592592592 0.09707754629629628 0.5512152777777778 0.08116319444444442 0.5960648148148148 0.06090856481481488 0.6163194444444444 0.09852430555555558 0.6510416666666666 0.06090856481481488 0.6886574074074073 0.0855034722222221 0.7074652777777777 0.01171875 0.6958912037037036 0.001953125 0.6948061342592592 0.001953125 0.45283564814814814
5 0.4454941860465116 0.2865188953488372 0.4197553294573644 0.30165939922480617 0.38039001937984507 0.34708091085271314 0.3925024224806202 0.37281976744186046 0.3849321705426356 0.4409520348837209 0.35465116279069764 0.4909156976744186 0.3183139534883721 0.5469355620155039 0.2592659883720929 0.6483769379844961 0.1941618217054264 0.7937257751937985 0.13965600775193798 0.9133357558139535 0.06092538759689914 0.996608527131783 0.0957485465116279 0.996608527131783 0.16085271317829464 0.9315043604651163 0.20021802325581395 0.8633720930232558 0.2759205426356588 0.6726017441860466 0.336482558139535 0.5620760658914729 0.38341812015503884 0.48788759689922484 0.45457848837209314 0.36676356589147285
0 0.23655523255813948 0.007933624031007766 0.001953125 0.21836460535588437 0.001953125 0.17902131782945738 0.14722625968992253 0.04124273255813955 0.17145106589147274 0.004905523255813966 0.19761385658914732 0.0
2 0.18143203883495151 0.9133798543689321 0.6877275485436892 0.9114836165048544 0.6877275485436892 0.8659739077669902 0.6441140776699029 0.8337378640776699 0.6422178398058251 0.7958131067961165 0.6744538834951456 0.712378640776699 0.7104824029126213 0.6991049757281553 0.7465109223300971 0.6991049757281553 0.6877275485436892 0.666868932038835 0.6858313106796116 0.6213592233009709 0.7142748786407767 0.6005006067961165 0.7521996359223301 0.5853307038834952 0.7768507281553397 0.5663683252427184 0.8109830097087378 0.4734526699029127 0.8223604368932038 0.40329186893203883 0.7692657766990291 0.40898058252427183 0.735133495145631 0.4108768203883495 0.7161711165048543 0.3900182038834952 0.7313410194174756 0.5284435679611651 0.6801425970873786 0.5436134708737864 0.6725576456310679 0.6061893203883495 0.5379247572815533 0.5986043689320388 0.5379247572815533 0.7047936893203883 0.44121662621359214 0.7047936893203883 0.4336316747572815 0.8545964805825242 0.2478003640776698 0.8394265776699029 0.2724514563106797 0.7540958737864077 0.29520631067961167 0.7332372572815534 0.31227245145631066 0.683935072815534 0.350197208737864 0.6441140776699029 0.42983919902912615 0.6422178398058253 0.45259405339805814 0.6611802184466019 0.4488015776699028 0.683935072815534 0.488622572815534 0.6953125 0.49241504854368934 0.6384253640776699 0.528443567961165 0.6441140776699029 0.522754854368932 0.6005006067961165 0.48103762135922334 0.6061893203883495 0.494311286407767 0.5360285194174758 0.482933859223301 0.5037924757281553 0.4165655339805825 0.5037924757281553 0.39570691747572817 0.5948118932038835 0.3312348300970873 0.6403216019417476 0.276243932038835 0.6915200242718447
2 0.7115091463414634 0.3723323170731707 0.7124618902439024 0.41520579268292684 0.5200076219512195 0.41806402439024387 0.47522865853658536 0.42378048780487804 0.4647484756097561 0.3990091463414634 0.5133384146341464 0.383765243902439 0.5314405487804879 0.36089939024390244 0.5266768292682926 0.33517530487804875 0.5219131097560976 0.30373475609756095 0.5419207317073171 0.29325457317073167 0.5457317073170731 0.3094512195121951 0.5466844512195121 0.3332698170731707 0.6219512195121951 0.33517530487804875 0.6362423780487805 0.33517530487804875 0.6276676829268293 0.30087652439024387 0.6695884146341464 0.30373475609756095 0.6657774390243902 0.3389862804878049 0.6514862804878049 0.3647103658536585 0.6714939024390244 0.39329268292682923 0.6981707317073171 0.3875762195121951
2 0.6753048780487805 0.3084984756097561 0.7143673780487805 0.3132621951219512 0.7086509146341464 0.3332698170731707 0.6991234756097562 0.3475609756097561 0.6724466463414634 0.344702743902439
1 0.8448932926829269 0.32755335365853655 0.8086890243902439 0.3285060975609756 0.7877286585365854 0.33231707317073167 0.7696265243902439 0.32755335365853655 0.7372332317073171 0.3180259146341463 0.7134146341463414 0.3332698170731707 0.7000762195121951 0.3599466463414634 0.7153201219512195 0.36661585365853655 0.7258003048780488 0.37709603658536583 0.7391387195121952 0.38948170731707316 0.7658155487804879 0.39996189024390244 0.7915396341463414 0.3875762195121951 0.8039253048780488 0.36661585365853655 0.8182164634146342 0.3875762195121951 0.8363185975609757 0.37900152439024387 0.8439405487804879 0.3494664634146341
2 0.9979723282442747 0.5581464694656488 0.9487714694656488 0.5462189885496184 0.9249165076335878 0.5149093511450382 0.8980796755725191 0.5208730916030535 0.8936068702290076 0.5387643129770993 0.8518606870229007 0.5342915076335878 0.8026598282442747 0.5208730916030535 0.8354604007633588 0.39414360687022904 0.8593153625954199 0.3285424618320611 0.6297113549618321 0.29126908396946566 0.61331106870229 0.25101383587786263 0.5775286259541985 0.24803196564885496 0.5417461832061068 0.21821326335877864 0.5596374045801527 0.16603053435114504 0.5342915076335879 0.0989384541984733 0.443344465648855 0.10192032442748093 0.39116173664122145 0.05271946564885498 0.43439885496183206 0.005009541984732843 0.9994632633587786 0.0035186068702290265
2 0.9949904580152671 0.573055820610687 0.9547352099236641 0.6774212786259542 0.9249165076335878 0.7266221374045801 0.8727337786259541 0.8250238549618321 0.8458969465648856 0.8786975190839694 0.8056416984732824 0.9905176526717556 0.6826644004452914 0.998046875 0.6968034351145038 0.9070252862595419 0.7504770992366412 0.7176765267175572 0.8280057251908397 0.7102218511450382 0.8637881679389313 0.6863668893129771 0.874224713740458 0.6565481870229007 0.8399332061068703 0.6371660305343512 0.8026598282442747 0.614802003816794 0.7802958015267176 0.6103291984732825 0.7937142175572519 0.573055820610687 0.8071326335877862 0.532800572519084 0.8786975190839694 0.5462189885496184 0.907025286259542 0.5641102099236641 0.9428077290076335 0.5685830152671756 0.9517533396946565 0.556655534351145
1 0.9949904580152671 0.5984017175572519 0.9994145741493197 0.998046875 0.8160782442748091 0.998046875
2 0.6818940839694656 0.923425572519084 0.18988549618320616 0.923425572519084 0.10521901836832048 0.998046875 0.6714575381679388 0.998046875
2 0.4314169847328244 0.0035186068702290265 0.39265267175572527 0.039301049618320635 0.3747614503816794 0.06911975190839696 0.4358897900763359 0.10937500000000001 0.3807251908396947 0.15708492366412213 0.32705152671755733 0.15708492366412213 0.2539957061068703 0.1362118320610687 0.2137404580152673 0.15410305343511452 0.18839456106870234 0.24057729007633585 0.1928673664122138 0.3121421755725191 0.25846851145038174 0.3449427480916031 0.32705152671755733 0.35239742366412213 0.3538883587786259 0.24206822519083968 0.34494274809160297 0.16603053435114504 0.37625238549618323 0.1869036259541985 0.38370706106870234 0.22715887404580154 0.4150166984732824 0.27039599236641226 0.43290791984732824 0.27337786259541985 0.39861641221374056 0.3106512404580153 0.37625238549618323 0.33748807251908397 0.37177958015267176 0.3687977099236641 0.3807251908396947 0.4015982824427481 0.3747614503816794 0.43141698473282447 0.35687022900763354 0.4627266221374046 0.32705152671755733 0.5134184160305344 0.30021469465648853 0.556655534351145 0.2703959923664123 0.6028745229007634 0.25101383587786263 0.6446207061068703 0.23163167938931295 0.6833850190839694 0.2062857824427482 0.7325858778625954 0.18093988549618323 0.7877504770992366 0.15857585877862612 0.8309875954198473 0.1227934160305344 0.8995706106870229 0.09595658396946583 0.9308802480916031 0.05421040076335881 0.9726264312977099 0.007991412213740556 0.9964813931297709 0.002027671755725269 0.8816793893129771 0.005009541984732913 0.7206583969465649 0.09744751908396965 0.7206583969465649 0.07657442748091614 0.6893487595419847 0.11682967557251911 0.6476025763358779 0.08402910305343525 0.614802003816794 0.109375 0.5432371183206107 0.11086593511450382 0.4925453244274809 0.05271946564885499 0.459744751908397 0.007991412213740556 0.41650763358778625 0.001953125 0.3940797096510357 0.002027671755725269 0.3225787213740458 0.007991412213740556 0.23759541984732824 0.057192270992366456 0.1809398854961832 0.14217557251908408 0.11384780534351147 0.2569775763358779 0.00202767175572521
2 0.16155772900763377 0.0005367366412213932 0.001953125 0.16159229159437896 0.001953125 0.0005367366412213932
