1 0.5406901041666667 0.15603298611111113 0.5244140625 0.21571180555555555 0.4864366319444444 0.21462673611111113 0.4745008680555556 0.24609375 0.47775607638888895 0.2927517361111111 0.5005425347222222 0.3166232638888889 0.536349826388889 0.2829861111111111 0.5613064236111112 0.2775607638888889 0.5895182291666667 0.25043402777777773 0.6188151041666667 0.2211371527777778 0.6133897569444444 0.1799045138888889 0.5754123263888888 0.1506076388888889
1 0.22927517361111116 0.29166666666666663 0.25857204861111116 0.3220486111111111 0.2943793402777778 0.3025173611111111 0.3377821180555556 0.3253038194444444 0.33235677083333337 0.3513454861111111 0.35080295138888895 0.38715277777777773 0.3106553819444444 0.4055989583333333 0.29329427083333337 0.3904079861111111 0.27701822916666674 0.4251302083333333 0.25857204861111116 0.43815104166666663 0.22276475694444453 0.4294704861111111 0.1978081597222222 0.4077690972222222 0.1826171875 0.373046875 0.1880425347222222 0.32096354166666663 0.20540364583333337 0.28949652777777773 0.24446614583333337 0.2905815972222222
1 0.00032552083333337034 0.3817274305555555 0.03504774305555558 0.36002604166666663 0.08387586805555558 0.3904079861111111 0.12619357638888895 0.4197048611111111 0.12727864583333337 0.4696180555555555 0.1294487847222222 0.5119357638888888 0.07628038194444453 0.5651041666666666 0.017686631944444475 0.5802951388888888 0.0 0.5245822482638888
1 0.2455512152777778 0.673611111111111 0.2509765625 0.6508246527777778 0.26399739583333337 0.644314236111111 0.2954644097222222 0.663845486111111 0.30740017361111116 0.6866319444444444 0.29763454861111116 0.7159288194444444 0.2661675347222222 0.7202690972222222 0.24229600694444453 0.7137586805555556 0.24989149305555558 0.6963975694444444
1 0.08713107638888895 0.947048611111111 0.1533203125 0.8645833333333333 0.2021484375 0.8580729166666666 0.27701822916666674 0.8634982638888888 0.28678385416666674 0.9058159722222222 0.28678385416666674 0.9459635416666666 0.2969962724673203 0.998046875 0.14246961805555558 0.998046875 0.07736545138888895 0.998046875
4 0.0024956597222222654 0.900390625 0.017686631944444475 0.8841145833333333 0.04047309027777779 0.8797743055555555 0.03504774305555558 0.900390625 0.06217447916666674 0.9123263888888888 0.08821614583333337 0.9242621527777778 0.08387586805555558 0.9524739583333333 0.0753971858850129 0.998046875 1.3877787807814457e-17 0.9980468749999999 0.00032552083333337034 0.9188368055555555
1 0.3725043402777778 0.6714409722222222 0.4365234375 0.6692708333333333 0.43977864583333337 0.6985677083333333 0.4408637152777778 0.7756076388888888 0.44303385416666674 0.822265625 0.4028862847222222 0.8428819444444444 0.3725043402777778 0.8342013888888888 0.3497178819444444 0.829861111111111 0.33127170138888895 0.7701822916666666 0.33669704861111116 0.7170138888888888
1 0.5146484375 0.6801215277777778 0.5417751736111112 0.6508246527777778 0.5960286458333333 0.6258680555555556 0.6285807291666667 0.6551649305555556 0.6513671875 0.6888020833333333 0.6405164930555556 0.732204861111111 0.6274956597222223 0.7745225694444444 0.6025390625 0.7821180555555555 0.5992838541666667 0.8569878472222222 0.5732421875 0.8819444444444444 0.5254991319444444 0.9025607638888888 0.48752170138888895 0.8851996527777778 0.4614800347222222 0.8331163194444444 0.46799045138888895 0.783203125 0.49186197916666674 0.7506510416666666 0.48318142361111116 0.7289496527777778 0.4799262152777778 0.712673611111111
1 0.40397135416666674 0.9513888888888888 0.4462890625 0.9296875 0.48318142361111116 0.927517361111111 0.526584201388889 0.956814236111111 0.5341796875 0.9980468749999999 0.5341796874999971 0.998046875 0.40939670138888895 0.998046875
1 0.6285807291666667 0.8667534722222222 0.6557074652777779 0.8569878472222222 0.6633029513888888 0.8830295138888888 0.6557074652777779 0.9123263888888888 0.6285807291666667 0.8993055555555555
3 0.6416015625 0.7701822916666666 0.6904296875 0.7690972222222222 0.7854653924266248 0.998046875 0.8000217013888888 0.998046875 0.7479383680555556 0.8938802083333333 0.6969401041666667 0.763671875 0.6969401041666667 0.7571614583333333
1 0.6133897569444444 0.5336371527777778 0.6123046875 0.5651041666666666 0.6318359375 0.5716145833333333 0.6350911458333333 0.5531684027777778 0.6307508680555556 0.5358072916666666
3 0.09038628472222221 0.6801215277777778 0.06217447916666674 0.578125 0.027452256944444475 0.5835503472222222 0.0024956597222222654 0.585720486111111 0.00032552083333337034 0.7191840277777778 0.07845052083333337 0.6942274305555556
1 0.33235677083333337 0.5596788194444444 0.3041449652777778 0.5314670138888888 0.30197482638888895 0.5065104166666666 0.32584635416666674 0.4880642361111111 0.34212239583333337 0.48697916666666663 0.3529730902777778 0.5021701388888888 0.35622829861111116 0.5238715277777778 0.35622829861111116 0.548828125
1 0.5211588541666667 0.3914930555555555 0.5059678819444444 0.4110243055555555 0.4907769097222222 0.39691840277777773 0.4962022569444444 0.3784722222222222 0.5113932291666667 0.3719618055555555
1 0.43977864583333337 0.38932291666666663 0.43001302083333337 0.40668402777777773 0.41373697916666674 0.3914930555555555 0.4126519097222222 0.3719618055555555 0.4278428819444444 0.3719618055555555
3 0.2357855902777778 0.585720486111111 0.24338107638888895 0.5911458333333333 0.2314453125 0.6182725694444444 0.20540364583333337 0.6692708333333333 0.17936197916666674 0.6953125 0.18153211805555558 0.6812065972222222 0.21408420138888895 0.6388888888888888
3 0.10557725694444453 0.7452256944444444 0.10232204861111116 0.7256944444444444 0.08279079861111116 0.732204861111111 0.05891927083333337 0.7593315972222222 0.06108940972222221 0.7669270833333333
0 0.0947265625 0.5553385416666666 0.12185329861111116 0.5607638888888888 0.12293836805555558 0.5813802083333333 0.12727864583333337 0.607421875 0.14246961805555558 0.6312934027777778 0.15983072916666674 0.6280381944444444 0.19021267361111116 0.605251736111111 0.2173394097222222 0.5596788194444444 0.23795572916666674 0.5108506944444444 0.24989149305555558 0.48263888888888884 0.2705078125 0.45768229166666663 0.34103732638888895 0.4294704861111111 0.3583984375 0.48697916666666663 0.3486328125 0.4891493055555555 0.33669704861111116 0.48263888888888884 0.32693142361111116 0.48480902777777773 0.3149956597222222 0.4934895833333333 0.3008897569444444 0.5010850694444444 0.29329427083333337 0.5141059027777778 0.29763454861111116 0.5184461805555556 0.2759331597222222 0.5325520833333333 0.25314670138888895 0.5444878472222222 0.24338107638888895 0.5553385416666666 0.23795572916666674 0.5640190972222222 0.23361545138888895 0.5770399305555556 0.2260199652777778 0.5922309027777778 0.21082899305555558 0.6139322916666666 0.19889322916666674 0.6388888888888888 0.17176649305555558 0.6573350694444444 0.1435546875 0.666015625 0.11534288194444453 0.654079861111111 0.10123697916666674 0.6302083333333333 0.09689670138888895 0.5835503472222222
0 0.09689670138888895 0.548828125 0.12076822916666674 0.5596788194444444 0.13704427083333337 0.5303819444444444 0.1478949652777778 0.5141059027777778 0.17610677083333337 0.4934895833333333 0.22493489583333337 0.4761284722222222 0.23795572916666674 0.4880642361111111 0.2455512152777778 0.48480902777777773 0.2705078125 0.4565972222222222 0.2650824652777778 0.44140625 0.24880642361111116 0.4392361111111111 0.2314453125 0.43815104166666663 0.2075737847222222 0.44140625 0.15440538194444453 0.46310763888888884 0.1337890625 0.4793836805555555 0.1337890625 0.4934895833333333 0.13704427083333337 0.5108506944444444 0.10883246527777779 0.5325520833333333
0 0.26399739583333337 0.43815104166666663 0.2802734375 0.421875 0.29220920138888895 0.39908854166666663 0.30740017361111116 0.40451388888888884 0.3432074652777778 0.39691840277777773 0.35622829861111116 0.3882378472222222 0.3594835069444444 0.3958333333333333 0.3388671875 0.4110243055555555 0.34212239583333337 0.4294704861111111 0.2748480902777778 0.4544270833333333
3 0.2075737847222222 0.4175347222222222 0.19889322916666674 0.412109375 0.1283637152777778 0.45334201388888884 0.13161892361111116 0.46310763888888884
3 0.3377821180555556 0.3459201388888889 0.47775607638888895 0.265625 0.47341579861111116 0.2612847222222222 0.4267578125 0.2829861111111111 0.3594835069444444 0.32096354166666663 0.34103732638888895 0.33072916666666663
0 0.35622829861111116 0.37955729166666663 0.3670789930555556 0.38932291666666663 0.40071614583333337 0.3806423611111111 0.4126519097222222 0.3708767361111111 0.43001302083333337 0.36979166666666663 0.43869357638888895 0.38498263888888884 0.4452039930555556 0.38932291666666663 0.4376085069444444 0.4012586805555555 0.4462890625 0.40234375 0.45822482638888895 0.39474826388888884 0.46799045138888895 0.39474826388888884 0.48318142361111116 0.4012586805555555 0.4940321180555556 0.4099392361111111 0.5027126736111112 0.40885416666666663 0.49186197916666674 0.39908854166666663 0.48860677083333337 0.39474826388888884 0.48752170138888895 0.3860677083333333 0.4907769097222222 0.37738715277777773 0.5037977430555556 0.36979166666666663 0.5189887152777778 0.3719618055555555 0.5244140625 0.3838975694444444 0.5254991319444444 0.3904079861111111 0.5103081597222222 0.40668402777777773 0.5157335069444444 0.4110243055555555 0.5244140625 0.40234375 0.5330946180555556 0.4077690972222222 0.5341796875 0.4197048611111111 0.5613064236111112 0.4175347222222222 0.5699869791666667 0.40451388888888884 0.5764973958333333 0.39908854166666663 0.5873480902777779 0.4012586805555555 0.5960286458333333 0.40451388888888884 0.5981987847222223 0.41644965277777773 0.6546223958333333 0.40451388888888884 0.6242404513888888 0.3567708333333333 0.6133897569444444 0.3394097222222222 0.5775824652777779 0.3253038194444444 0.5396050347222222 0.3155381944444444 0.5124782986111112 0.314453125 0.4853515625 0.3253038194444444 0.4506293402777778 0.33832465277777773 0.41373697916666674 0.3524305555555555 0.3822699652777778 0.36762152777777773
0 0.5634765625 0.4207899305555555 0.5352647569444444 0.41861979166666663 0.5189887152777778 0.43381076388888884 0.5482855902777779 0.5162760416666666 0.5613064236111112 0.5151909722222222 0.5678168402777779 0.5303819444444444 0.5754123263888888 0.55859375 0.5656467013888888 0.5640190972222222 0.5764973958333333 0.607421875 0.5873480902777779 0.6161024305555556 0.5971137152777779 0.6182725694444444 0.5949435763888888 0.6085069444444444 0.6112196180555556 0.6171875 0.6383463541666667 0.6497395833333333 0.6502821180555556 0.6779513888888888 0.6806640625 0.7137586805555556 0.7067057291666667 0.7484809027777778 0.7522786458333333 0.8678385416666666 0.8119574652777779 0.9980468749999999 0.8119574652777799 0.998046875 0.8434244791666667 0.998046875 0.7989366319444444 0.900390625 0.7414279513888888 0.7430555555555556 0.7197265625 0.6475694444444444 0.7099609375 0.5889756944444444 0.7012803819444444 0.5737847222222222 0.6448567708333333 0.5900607638888888 0.6220703125 0.5944010416666666 0.6014539930555556 0.5477430555555556 0.5732421875 0.45768229166666663
0 0.5938585069444444 0.42404513888888884 0.6535373263888888 0.40885416666666663 0.7034505208333333 0.5737847222222222 0.6491970486111112 0.5868055555555556 0.6372612847222223 0.5824652777777778 0.6329210069444444 0.5705295138888888 0.6383463541666667 0.5531684027777778 0.6340060763888888 0.5336371527777778 0.6264105902777779 0.5130208333333333 0.6199001736111112 0.4913194444444444 0.5916883680555556 0.5 0.5808376736111112 0.47721354166666663 0.5775824652777779 0.4609375 0.5840928819444444 0.4522569444444444 0.6003689236111112 0.4468315972222222 0.6036241319444444 0.44140625
1 0.6014539930555556 0.5238715277777778 0.6036241319444444 0.5390625 0.6144748263888888 0.5303819444444444 0.6296657986111112 0.5336371527777778 0.6253255208333333 0.5162760416666666
3 0.34103732638888895 0.4077690972222222 0.3735894097222222 0.3882378472222222 0.39963107638888895 0.38498263888888884 0.4061414930555556 0.3882378472222222 0.4180772569444444 0.43381076388888884 0.4267578125 0.421875 0.43869357638888895 0.4305555555555555 0.4376085069444444 0.44357638888888884 0.4310980902777778 0.4446614583333333 0.4376085069444444 0.45551215277777773 0.44411892361111116 0.4641927083333333 0.47884114583333337 0.4468315972222222 0.5135633680555556 0.4327256944444444 0.5309244791666667 0.4696180555555555 0.5515407986111112 0.5303819444444444 0.5656467013888888 0.5314670138888888 0.5721571180555556 0.548828125 0.5623914930555556 0.556423611111111 0.5699869791666667 0.5737847222222222 0.5764973958333333 0.6085069444444444 0.5254991319444444 0.6302083333333333 0.4896918402777778 0.6551649305555556 0.4560546875 0.6714409722222222 0.45279947916666674 0.6671006944444444 0.44845920138888895 0.6508246527777778 0.4310980902777778 0.6627604166666666 0.4115668402777778 0.6649305555555556 0.3822699652777778 0.6681857638888888 0.3790147569444444 0.6627604166666666 0.3627387152777778 0.595486111111111 0.3876953125 0.5846354166666666 0.3920355902777778 0.5770399305555556 0.39095052083333337 0.5575086805555556 0.3822699652777778 0.5575086805555556 0.3725043402777778 0.5347222222222222 0.36490885416666674 0.529296875 0.35622829861111116 0.49457465277777773 0.3583984375 0.4837239583333333
3 0.2998046875 0.9437934027777778 0.36165364583333337 0.8927951388888888 0.3735894097222222 0.9296875 0.39095052083333337 0.9611545138888888 0.37141927083333337 0.9839409722222222 0.3479094328703706 0.998046875 0.3052300347222222 0.9980468749999999 0.2954644097222222 0.9611545138888888
