4 0.5602091165413534 0.002173402255639125 0.598390507518797 0.209234022556391 0.596921992481203 0.401609492481203 0.6027960526315789 0.6424459586466166 0.6160126879699248 0.8597861842105263 0.6260941966733239 0.998046875 1.0 0.998046875 0.9992951127819548 0.0007048872180451396
1 0.5411184210526315 0.002173402255639125 0.5484609962406015 0.02713815789473687 0.4838463345864662 0.03301221804511281 0.502937030075188 0.08441024436090228 0.5528665413533834 0.1211231203007519 0.5587406015037594 0.15343045112781958 0.5 0.15636748120300756 0.5469924812030075 0.18867481203007522 0.5396499060150376 0.2297932330827068 0.5073425751879699 0.25769501879699247 0.4486019736842105 0.26210056390977443 0.404546522556391 0.2635690789473684 0.38251879699248115 0.31056156015037595 0.3575540413533834 0.32671522556390975 0.3134985902255639 0.35608552631578944 0.29147086466165417 0.37517622180451127 0.2606320488721804 0.38839285714285715 0.2327302631578948 0.34874295112781956 0.25035244360902265 0.2782542293233083 0.25475798872180444 0.2297932330827068 0.24594689849624063 0.1974859022556391 0.23126174812030065 0.1725211466165414 0.20042293233082698 0.13433975563909778 0.1725211466165414 0.11378054511278198 0.1974859022556391 0.07853618421052633 0.21951362781954897 0.005110432330827095
2 0.47797227443609025 0.29000234962406013 0.404546522556391 0.29000234962406013 0.4089520676691729 0.35167998120300753 0.44272791353383456 0.38986137218045114 0.4559445488721804 0.41482612781954886 0.4809093045112782 0.41482612781954886
0 0.4765037593984962 0.4192316729323308 0.44125939849624063 0.4192316729323308 0.45007048872180455 0.504405545112782 0.4838463345864662 0.501468515037594
0 0.5425869360902256 0.040354793233082734 0.5132166353383458 0.05210291353383461 0.5073425751879699 0.07853618421052633 0.5469924812030075 0.11231203007518799 0.5543350563909775 0.110843515037594
0 0.5543350563909775 0.16371005639097747 0.5352443609022556 0.1607730263157895 0.5425869360902256 0.17545817669172936 0.5587406015037594 0.18867481203007522
0 0.5616776315789473 0.20335996240601506 0.5440554511278195 0.20189144736842107 0.5543350563909775 0.2386043233082707 0.5073425751879699 0.2665061090225564 0.4882518796992481 0.2826597744360902 0.4838463345864662 0.398672462406015 0.49265742481203 0.4794407894736842 0.49265742481203 0.6204182330827068 0.4911889097744361 0.7995770676691729 0.5 0.9655192669172933 0.5117481203007519 0.993421052631579 0.5367275610902256 0.998046875 0.598390507518797 0.998046875 0.5748942669172932 0.4750352443609022 0.5631461466165414 0.23419877819548873
1 0.37517622180451127 0.6747532894736843 0.400140977443609 0.7261513157894737 0.3927984022556391 0.8157307330827068 0.33112077067669177 0.8539121240601504 0.2723801691729323 0.8039826127819549 0.27531719924812037 0.7467105263157895 0.29147086466165417 0.696781015037594 0.3252467105263158 0.6585996240601504 0.37370770676691734 0.6585996240601504
2 0.20629699248120292 0.008047462406015064 0.18573778195488722 0.07853618421052633 0.15930451127819556 0.10790648496240603 0.17105263157894746 0.1402138157894737 0.22245065789473684 0.17545817669172936 0.2444783834586467 0.22098214285714288 0.24007283834586468 0.2914708646616541 0.22685620300751885 0.33699483082706766 0.2209821428571429 0.3839873120300752 0.2562265037593986 0.397203947368421 0.26797462406015027 0.397203947368421 0.2694431390977444 0.44419642857142855 0.2694431390977444 0.4897203947368421 0.2738486842105262 0.5352443609022557 0.30321898496240596 0.5558035714285715 0.3208411654135338 0.5719572368421053 0.36636513157894735 0.5837053571428572 0.41335761278195493 0.5822368421052632 0.42951127819548873 0.5499295112781956 0.44272791353383456 0.5264332706766918 0.4632871240601504 0.5146851503759399 0.4794407894736842 0.5220277255639099 0.4809093045112782 0.6497885338345865 0.4794407894736842 0.7628641917293233 0.48531484962406013 0.8436325187969925 0.48531484962406013 0.9229323308270677 0.39132988721804507 0.9273378759398496 0.36342810150375937 0.890625 0.3516799812030075 0.8553806390977444 0.404546522556391 0.8392269736842105 0.4118890977443609 0.7525845864661654 0.400140977443609 0.6762218045112782 0.3575540413533834 0.6395089285714286 0.29000234962406013 0.6571311090225564 0.26650610902255634 0.7217457706766918 0.2576950187969925 0.7995770676691729 0.28706531954887216 0.8480380639097744 0.26797462406015027 0.8803453947368421 0.2371358082706766 0.8568491541353384 0.19454887218045103 0.8113251879699248 0.17398966165413532 0.7584586466165414 0.10790648496240596 0.7232142857142857 0.04329182330827075 0.7334938909774437 0.001953125 0.7178136950674099 0.001953125 0.46475563909774437 0.047697368421052544 0.40601503759398494 0.062382518796992525 0.3443374060150376 0.08881578947368418 0.22098214285714288 0.07853618421052622 0.14902490601503762 0.07413063909774442 0.07559915413533837 0.040354793233082664 0.0432918233082707 0.0491658834586467 0.01245300751879702 0.07158129699248128 0.0
1 0.027138157894736836 0.009515977443609049 0.0374177631578948 0.053571428571428596 0.05797697368421051 0.06972509398496242 0.05797697368421051 0.12406015037593986 0.07706766917293228 0.17692669172932332 0.07853618421052622 0.2195136278195489 0.0697250939849624 0.30028195488721804 0.041823308270676596 0.37517622180451127 0.013921522556391008 0.44419642857142855 0.001953125 0.44419642857142855 0.001953125 0.0036419172932331094
1 0.02273261278195482 0.7423049812030076 0.07119360902255634 0.7467105263157895 0.11818609022556392 0.7393679511278196 0.16224154135338342 0.7643327067669173 0.17398966165413532 0.7966400375939849 0.19014332706766923 0.8260103383458647 0.21070253759398494 0.8465695488721805 0.22832471804511278 0.895030545112782 0.2738486842105262 0.9111842105263158 0.2885338345864662 0.884750939849624 0.3090930451127819 0.8862194548872181 0.33112077067669177 0.9082471804511278 0.3604910714285714 0.9053101503759399 0.397203947368421 0.9405545112781954 0.47356672932330823 0.9332119360902256 0.497062969924812 0.9743303571428572 0.4984580592105262 0.998046875 0.0036419172932330435 0.998046875 0.0036419172932330435 0.7423049812030076
3 0.3722391917293233 0.3311207706766917 0.41482612781954886 0.3693021616541353 0.42951127819548873 0.38986137218045114 0.4368538533834586 0.4500704887218045 0.43832236842105265 0.48237781954887216 0.4207001879699248 0.5279017857142857 0.41482612781954886 0.5572720864661654 0.3766447368421052 0.5748942669172933 0.31790413533834583 0.5646146616541353 0.28706531954887216 0.5323073308270677 0.2841282894736842 0.48384633458646614 0.2841282894736842 0.42657424812030076 0.28706531954887216 0.37664473684210525 0.33405780075187974 0.35608552631578944
