5 0.12737866620111732 0.6827644902234636 0.05754626396648049 0.5201859287709497 0.25176763268156427 0.37615659916201116 0.3161443784916201 0.5529198673184357
4 0.13719884776536317 0.9981014315642458 0.12410527234636876 0.9457271298882681 0.12628753491620115 0.9293601606145251 0.15247468575419 0.9249956354748603 0.1655682611731844 0.9108109287709497 0.1917554120111732 0.8988084846368715 0.2092135125698324 0.9020818784916201 0.19830219972067042 0.9359069483240223 0.21685143156424586 0.9533650488826816 0.2332184008379889 0.9500916550279329 0.24489907732081304 1.0
0 0.9555473114525139 0.7896953561452514 0.998046875 0.7711699053681421 0.998046875 0.7034959846368715 0.9740965432960895 0.6947669343575419 0.9642763617318437 0.6282079259776536 0.9490005237430168 0.3205089036312849 0.9631852304469275 0.3183266410614526 0.9860989874301676 0.1044649092178771 0.9860989874301676 0.08046002094972071 0.9228133729050281 0.08700680865921795 0.9206311103351956 0.10010038407821231 0.8998996159217878 0.11646735335195535 0.9031730097765365 0.14592789804469275 0.9249956354748603 0.15247468575419 0.9151754539106145 0.1961199371508381 0.900990747206704 0.2899572276536313
0 0.9446359986033521 0.9959191689944134 0.9217222416201118 0.8475253142458101 0.9228133729050281 0.8137002444134078 0.911902060055866 0.7253186103351955 0.8977173533519553 0.6347547136871508 0.8911705656424582 0.5998385125698324 0.8486164455307263 0.5507376047486033 0.8016978002793296 0.5496464734636871 0.7744195181564246 0.5714690991620112 0.754779155027933 0.6151143505586592 0.7493234986033521 0.5889271997206704 0.7504146298882681 0.5529198673184357 0.6904024092178771 0.5234593226256983 0.6489394203910615 0.5430996857541899 0.5911094622905029 0.5169125349162011 0.5747424930167597 0.49290764664804476 0.5518287360335197 0.4569003142458101 0.5834715432960893 0.4230752444134078 0.6020207751396649 0.4470801326815643 0.619478875698324 0.44380673882681565 0.6325724511173185 0.45908257681564246 0.6489394203910615 0.44380673882681565 0.6522128142458101 0.4328954259776536 0.6707620460893855 0.493998777932961 0.6914935405027933 0.49290764664804476 0.694766934357542 0.4699938896648045 0.7264097416201118 0.4667204958100559 0.7318653980446927 0.4710850209497207 0.7395033170391061 0.5049100907821229 0.7613259427374302 0.5060012220670391 0.7875130935754191 0.48308746508379896 0.7951510125698324 0.4754495460893855 0.7875130935754191 0.4470801326815643 0.8267938198324023 0.4307131634078213 0.8289760824022347 0.4405333449720671 0.8617100209497208 0.4350776885474861 0.8911705656424582 0.4165284567039107 0.900990747206704 0.5649223114525139 0.9184488477653632 0.6227522695530726 0.9217222416201118 0.6663975209497206 0.9206311103351956 0.695858065642458 0.9206311103351956 0.7427767108938548 0.9315424231843576 0.8104268505586593 0.9402714734636872 0.8889883030726257 0.9479093924581006 0.8889883030726257 0.9544561801675979 0.9206311103351955 0.9446359986033521 0.9315424231843575 0.9511827863128492 0.9675497555865922 0.9599118365921788 0.9686408868715084 0.9620024441340783 1.0
1 0.1022826466480447 0.8780769902234636 0.08918907122905029 0.8387962639664804 0.08918907122905029 0.7842396997206704 0.09791812150837992 0.7689638617318436 0.13610771648044695 0.7787840432960894 0.14047224162011174 0.8366140013966481
1 0.5769247555865922 0.7373210544692737 0.5671045740223464 0.70676937849162 0.5725602304469273 0.6653063896648044 0.5812892807262571 0.6533039455307262 0.6074764315642458 0.6511216829608939 0.6063853002793296 0.6696709148044693 0.6052941689944134 0.7144072974860335 0.6052941689944134 0.7395033170391061 0.5889271997206704 0.7405944483240223
1 0.48636085893854747 0.7002225907821229 0.4689027583798883 0.6227522695530726 0.47544954608938544 0.6063853002793296 0.5070923533519553 0.6162054818435754 0.5060012220670391 0.657668470670391 0.5070923533519553 0.6751265712290502
1 0.559466655027933 0.6271167946927374 0.5496464734636872 0.6063853002793296 0.5496464734636872 0.5725602304469273 0.548555342178771 0.5387351606145252 0.5474642108938548 0.5070923533519553 0.5540109986033519 0.49181651536312854 0.5714690991620113 0.5060012220670391 0.5714690991620113 0.5605577863128491 0.5769247555865922 0.5954739874301676 0.5747424930167597 0.6227522695530726
1 0.68385562150838 0.732956529329609 0.668579783519553 0.7318653980446927 0.6642152583798884 0.7165895600558658 0.6598507332402235 0.7034959846368715 0.6565773393854748 0.6740354399441341 0.6565773393854748 0.6445748952513966 0.6565773393854748 0.6260256634078212 0.6598507332402235 0.6151143505586592 0.6500305516759777 0.59765625 0.6500305516759777 0.581289280726257 0.6500305516759777 0.559466655027933 0.6511216829608939 0.5507376047486033 0.6849467527932962 0.5398262918994413 0.7209540851955307 0.5430996857541899 0.732956529329609 0.5725602304469273 0.7427767108938548 0.5878360684357542 0.7569614175977655 0.6282079259776536 0.7362299231843576 0.6456660265363128 0.7253186103351956 0.6653063896648044 0.7176806913407823 0.7078605097765363
1 0.7013137220670391 0.8442519203910615 0.6794910963687151 0.8224292946927374 0.6794910963687151 0.7722372555865922 0.6794910963687151 0.7482323673184357 0.695858065642458 0.7362299231843575 0.7100427723463687 0.7275008729050279 0.7242274790502794 0.7100427723463687 0.7285920041899443 0.7089516410614525 0.7504146298882681 0.7515057611731844 0.7755106494413408 0.7362299231843575 0.7831485684357542 0.7111339036312849 0.8387962639664805 0.6991314594972067 0.8540721019553073 0.7645993365921788 0.8464341829608939 0.7907864874301676 0.814791375698324 0.7896953561452514 0.7995155377094973 0.7809663058659218 0.7951510125698324 0.8082445879888268 0.7842396997206704 0.8137002444134078 0.7624170740223464 0.782057437150838 0.7504146298882681 0.7809663058659218 0.7536880237430168 0.8246115572625698 0.7427767108938548 0.8235204259776536 0.7275008729050281 0.8049711941340782 0.7154984287709498 0.814791375698324 0.7154984287709498 0.8267938198324023 0.7122250349162011 0.8377051326815642
1 0.5169125349162011 0.9271778980446927 0.5092746159217878 0.8846237779329609 0.5125480097765363 0.8551632332402235 0.548555342178771 0.8551632332402235 0.559466655027933 0.8551632332402235 0.5714690991620113 0.8551632332402235 0.5954739874301676 0.8475253142458101 0.6260256634078212 0.8606188896648045 0.6336635824022347 0.8878971717877094 0.6696709148044693 0.8966262220670391 0.6773088337988826 0.9075375349162011 0.6773088337988826 0.993736906424581 0.6718531773743017 0.9981014315642458 0.6107498254189945 0.9981014315642458 0.5900183310055866 0.9511827863128491 0.5747424930167597 0.922813372905028 0.5409174231843576 0.9239045041899441
1 0.8082445879888269 0.9544561801675977 0.7831485684357542 0.9348158170391061 0.79296875 0.8835326466480447 0.8202470321229052 0.8769858589385475 0.8246115572625698 0.8988084846368715 0.8246115572625698 0.9424537360335196
1 0.9184488477653632 0.9839167248603352 0.8944439594972067 0.9620940991620112 0.8846237779329609 0.9424537360335196 0.8846237779329609 0.9140843226256983 0.8780769902234637 0.8922616969273743 0.8857149092178771 0.8573454958100559 0.8988084846368716 0.8464341829608939 0.8922616969273744 0.8344317388268156 0.8868060405027933 0.814791375698324 0.8769858589385475 0.787513093575419 0.8998996159217878 0.7405944483240223 0.9129931913407823 0.7405944483240223 0.9184488477653632 0.8475253142458101 0.9304512918994414 0.9151754539106145 0.9315424231843576 0.9642763617318436
1 0.0018985684357541999 0.38052112430167606 0.12192300977653636 0.2910483589385475 0.11537622206703912 0.25285876396648044 0.08918907122905029 0.25285876396648044 0.08918907122905029 0.18411749301675984 0.10119151536312854 0.17647957402234637 0.10010038407821231 0.15138355446927376 0.09573585893854752 0.12628753491620115 0.06191078910614528 0.10119151536312854 0.05645513268156427 0.0750043645251397 0.041179294692737456 0.026994587988826813 0.041179294692737456 0.001953125 0.0 0.001953125
1 0.22230708798882687 0.9435448673184358 0.21030464385474862 0.9391803421787709 0.2190336941340782 0.9195399790502793 0.24085631983240224 0.8988084846368715 0.2834104399441341 0.9064464036312849 0.31505324720670397 0.9500916550279329 0.3314202164804469 0.9544561801675977 0.40125261871508383 0.9195399790502793 0.4285309008379889 0.9119020600558659 0.44053334497206703 0.922813372905028 0.4285309008379889 0.9490005237430168 0.43180429469273746 0.9708231494413407 0.4830874650837989 0.9642763617318436 0.5016366969273742 0.9751876745810055 0.5081094774714598 1.0 0.2441297136871508 0.999192562849162 0.2441297136871508 0.9555473114525139 0.23976518854748602 0.9402714734636871
1 0.7504146298882681 0.9981014315642458 0.7362299231843576 0.9566384427374302 0.7275008729050281 0.9435448673184358 0.7209540851955307 0.912993191340782 0.7362299231843576 0.8813503840782123 0.7395033170391061 0.8955350907821229 0.7460501047486034 0.9151754539106145 0.7580525488826817 0.9522739175977654 0.771146124301676 0.9806433310055865 0.7680898081446634 1.0 0.7525968924581006 1.0
1 0.9915546438547487 0.6238434008379887 0.9740965432960895 0.646757157821229 0.9806433310055866 0.6805822276536313 0.998046875 0.6875436452513966 0.998046875 0.6369369762569832
2 0.13065206005586594 0.999192562849162 0.11319395949720673 0.9369980796089385 0.11537622206703912 0.9184488477653632 0.14592789804469275 0.9195399790502793 0.15793034217877094 0.9020818784916201 0.1950288058659218 0.8933528282122905 0.22121595670391064 0.8977173533519553 0.2583144203910615 0.8933528282122905 0.2932306215083799 0.8955350907821229 0.3270556913407821 0.9413626047486033 0.39361469972067037 0.9108109287709497 0.4328954259776537 0.9020818784916201 0.4492623952513967 0.9162665851955307 0.4634471019553073 0.928269029329609 0.4448978701117318 0.9391803421787709 0.4448978701117318 0.9588207053072626 0.48963425279329614 0.9544561801675977 0.510365747206704 0.9391803421787709 0.49399877793296093 0.8693479399441341 0.5070923533519553 0.8409785265363129 0.5540109986033519 0.8464341829608939 0.59765625 0.8355228701117319 0.6347547136871508 0.8464341829608939 0.6423926326815643 0.8813503840782123 0.672944308659218 0.8846237779329609 0.6882201466480447 0.8998996159217877 0.6882201466480447 0.9904635125698323 0.7176806913407823 0.9435448673184358 0.7078605097765365 0.9108109287709497 0.7285920041899443 0.8715302025139665 0.7427767108938548 0.8693479399441341 0.7525968924581006 0.8922616969273743 0.7853308310055866 0.8573454958100559 0.8180647695530727 0.8366140013966481 0.8726213337988828 0.809335719273743 0.8726213337988828 0.7842396997206704 0.8889883030726258 0.743867842178771 0.8933528282122907 0.7231363477653632 0.8998996159217878 0.6773088337988826 0.8507987081005588 0.7013137220670391 0.863892283519553 0.7689638617318436 0.8562543645251397 0.7995155377094972 0.8202470321229052 0.8006066689944134 0.8082445879888269 0.7951510125698324 0.8016978002793296 0.8180647695530726 0.7875130935754191 0.8246115572625698 0.7624170740223464 0.7940598812849162 0.7635082053072626 0.8344317388268156 0.7362299231843576 0.8366140013966481 0.7253186103351956 0.8180647695530726 0.716589560055866 0.8507987081005587 0.70676937849162 0.8518898393854748 0.695858065642458 0.8573454958100559 0.6740354399441342 0.8278849511173184 0.6740354399441342 0.7744195181564246 0.6740354399441342 0.7471412360335195 0.6609418645251397 0.7384121857541899 0.6533039455307263 0.717680691340782 0.6478482891061452 0.6816733589385475 0.6478482891061452 0.6369369762569832 0.6478482891061452 0.6096586941340782 0.6402103701117319 0.5911094622905028 0.6413015013966481 0.5518287360335195 0.5911094622905029 0.5278238477653632 0.5801981494413408 0.5169125349162011 0.5823804120111733 0.5649223114525139 0.5954739874301676 0.6074764315642458 0.5801981494413408 0.6292990572625698 0.5561932611731844 0.6347547136871508 0.5387351606145252 0.6151143505586592 0.5387351606145252 0.5769247555865922 0.5387351606145252 0.5387351606145252 0.5387351606145252 0.5049100907821229 0.5387351606145252 0.4754495460893855 0.47544954608938544 0.526732716480447 0.4525357891061453 0.5398262918994413 0.42089298184357543 0.4961810405027933 0.41107280027932963 0.4318042946927375 0.4099816689944134 0.41434619413407825 0.39688809357541904 0.3772477304469274 0.44162447625698326 0.3401492667597765 0.47435841480446933 0.3226911662011174 0.5321883729050279 0.26813460195530725 0.5671045740223464 0.2452208449720671 0.5965651187150838 0.4230752444134078 0.619478875698324 0.39470583100558665 0.6500305516759777 0.39470583100558665 0.6816733589385475 0.42853090083798884 0.7013137220670391 0.3685186801675978 0.7275008729050281 0.35542510474860334 0.7940598812849162 0.3248734287709497 0.8016978002793296 0.2212159567039107 0.6587596019553073 0.2255804818435755 0.6052941689944134 0.22012482541899447 0.5791070181564246 0.22448935055865926 0.5201859287709498 0.19502880586592186 0.4590825768156425 0.1873908868715084 0.39797922486033516 0.20812238128491622 0.369609811452514 0.2223070879888268 0.3456049231843576 0.2746813896648045 0.3499694483240224 0.3139621159217878 0.385976780726257 0.42416637569832405 0.40670827513966484 0.51145687849162 0.4285309008379889 0.5649223114525139 0.4547180516759776 0.6183877444134078 0.4732672835195531 0.5911094622905028 0.5060012220670391 0.59765625 0.5190947974860336 0.6162054818435754 0.5201859287709498 0.6543950768156425 0.5572843924581006 0.6533039455307262 0.5856538058659218 0.6423926326815642 0.6151143505586592 0.6380281075418994 0.6162054818435754 0.7209540851955307 0.6151143505586592 0.7471412360335195 0.5638311801675977 0.7471412360335195 0.5551021298882681 0.7045871159217877 0.5649223114525139 0.6565773393854748 0.5180036662011174 0.6609418645251397 0.5180036662011174 0.6729443086592178 0.49618104050279327 0.7056782472067039 0.48636085893854747 0.7089516410614525 0.45144465782122906 0.6292990572625698 0.40670827513966484 0.5529198673184357 0.37179207402234643 0.5671045740223464 0.369609811452514 0.5332795041899441 0.3761565991620112 0.5201859287709497 0.3652452863128492 0.47872293994413406 0.380521124301676 0.45253578910614534 0.33360247905027934 0.33142021648044695 0.33360247905027934 0.3030508030726258 0.3314202164804469 0.25394989525139666 0.33796700418994413 0.20921351256983245 0.36851868016759776 0.17429731145251404 0.4678116270949721 0.15247468575419 0.5409174231843576 0.15247468575419 0.570377967877095 0.1721150488826816 0.5834715432960893 0.1830263617318436 0.608567562849162 0.16556826117318435 0.705678247206704 0.1830263617318436 0.7471412360335197 0.1830263617318436 0.8115179818435754 0.1830263617318436 0.8584366270949721 0.1721150488826816 0.8748035963687151 0.16556826117318435 0.8693479399441342 0.11537622206703912 0.8671656773743017 0.054272870111731875 0.8802592527932962 0.020447800279329686 0.8617645775139664 0.001953125 0.7755106494413408 0.001953125 0.7918776187150838 0.06845757681564246 0.7875130935754191 0.16447712988826824 0.7253186103351956 0.17866183659217882 0.7133161662011174 0.09900925279329609 0.7853308310055866 0.06409305167597767 0.7690318338446746 0.001953125 0.05209060754189948 0.001953125 0.050999476256983256 0.034632506983240274 0.07063983938547486 0.09137133379888274 0.10882943435754194 0.12083187849162014 0.1121028282122905 0.1775707053072626 0.0968269902234637 0.1928465432960894 0.09573585893854752 0.24194745111731852 0.12301414106145253 0.24412971368715086 0.12410527234636876 0.3030508030726258 1.3877787807814457e-17 0.3955854359624621 0.0018985684357541999 0.559466655027933 0.2572232891061453 0.3674275488826816 0.32378229748603354 0.5583755237430168 0.12846979748603354 0.6893112779329609 0.055364001396648044 0.5256415851955307 0.0008074371508380307 0.5627400488826815 0.0 0.7169605446927421 0.09791812150837992 0.7624170740223464 0.14047224162011174 0.7744195181564246 0.14811016061452514 0.8398873952513967 0.10010038407821231 0.8868060405027933 0.08373341480446927 0.8453430516759777 0.08373341480446927 0.7787840432960894 0.09137133379888268 0.7645993365921788 0.0 0.7167381617451449 0.0008074371508380307 0.9981014315642458
2 0.9719142807262571 0.9970103002793296 0.9970103002793296 0.9959191689944134 0.9970103002793296 0.7798751745810055 0.9599118365921788 0.7951510125698324 0.9511827863128492 0.8060623254189945 0.9577295740223464 0.8780769902234636 0.9577295740223464 0.9042641410614525 0.9631852304469275 0.9271778980446927
