4 0.7099976503759399 0.9978265977443609 0.701186560150376 0.8186677631578947 0.6718162593984962 0.605733082706767 0.6776903195488722 0.4133576127819548 0.7217457706766917 0.2679746240601504 0.7804863721804511 0.13433975563909772 0.8715343045112782 0.062382518796992414 0.9317434210526315 0.12846569548872178 0.9655192669172932 0.2209821428571428 0.9434915413533834 0.3458059210526315 0.9478970864661653 0.505874060150376 0.9537711466165413 0.5513980263157895 0.993421052631579 0.5602091165413534 1.0 0.5641564849624061 0.9992963456328098 1.0
4 0.5675516917293233 0.48678336466165406 0.5646146616541353 0.4603500939849624 0.5396499060150376 0.45007048872180444 0.5 0.44713345864661647 0.5088110902255639 0.47797227443609014 0.5234962406015038 0.48531484962406013
5 0.7026550751879699 0.9978265977443609 0.42216870300751874 0.9992951127819548 0.41923167293233077 0.7540531015037594 0.45741306390977443 0.7819548872180451 0.5205592105263158 0.7760808270676691 0.505874060150376 0.7481790413533835 0.48237781954887216 0.7188087406015038 0.49265742481203 0.701186560150376 0.5734257518796992 0.6688792293233083 0.5866423872180451 0.6718162593984962 0.6248237781954887 0.7026550751879699 0.6483200187969924 0.7760808270676691 0.6600681390977443 0.8157307330827067 0.6585996240601504 0.8451010338345865 0.6688792293233082 0.884750939849624 0.6747532894736842 0.893562030075188 0.6865014097744361 0.9126527255639098 0.6967810150375939 0.9523026315789473
1 0.690906954887218 0.8920935150375939 0.6953125 0.8641917293233082 0.693843984962406 0.8318843984962405 0.690906954887218 0.8025140977443609 0.68796992481203 0.7643327067669172 0.6820958646616541 0.7041235902255639 0.6776903195488722 0.6791588345864662 0.6556625939849624 0.6630051691729324 0.6248237781954887 0.6248237781954887 0.6027960526315789 0.6321663533834587 0.5572720864661654 0.6527255639097744 0.5088110902255639 0.6512570488721805 0.4720982142857143 0.6659421992481203 0.4471334586466166 0.7041235902255639 0.43097979323308266 0.7452420112781954 0.45007048872180455 0.7584586466165413 0.5088110902255639 0.7687382518796992 0.48678336466165417 0.7393679511278195 0.47797227443609025 0.7041235902255639 0.5044055451127819 0.6820958646616542 0.5558035714285714 0.6674107142857143 0.6204182330827067 0.6703477443609023 0.6468515037593985 0.7305568609022557 0.6674107142857143 0.8362899436090225 0.6776903195488722 0.8788768796992481
0 0.3810502819548872 0.9963580827067668 0.3883928571428571 0.42216870300751874 0.4324483082706767 0.35902255639097747 0.4515390037593985 0.3648966165413533 0.4471334586466166 0.397203947368421 0.4368538533834586 0.4207001879699248 0.4118890977443609 0.4809093045112781 0.407483552631579 0.5352443609022557 0.41482612781954886 0.5587406015037595 0.4368538533834586 0.5616776315789473 0.4353853383458647 0.5837053571428572 0.42951127819548873 0.5939849624060151 0.41482612781954886 0.5910479323308271 0.41482612781954886 0.7423049812030076 0.41482612781954886 0.9963580827067668
5 0.4632871240601504 0.3487429511278195 0.5073425751879699 0.2855968045112782 0.5528665413533834 0.24007283834586468 0.49412593984962405 0.2650375939849624 0.41776315789473684 0.32230968045112784 0.3883928571428571 0.37077067669172925 0.38986137218045114 0.400140977443609 0.42657424812030076 0.35902255639097747
2 0.5792998120300752 0.6292293233082706 0.6145441729323308 0.6189497180451128 0.6512570488721804 0.6336348684210527 0.6630051691729323 0.6336348684210527 0.6718162593984962 0.43391682330827064 0.6571311090225563 0.39426691729323304 0.595453477443609 0.40601503759398494 0.5851738721804511 0.39132988721804507 0.5939849624060151 0.44713345864661647 0.5881109022556391 0.5690202067669173
1 0.5778312969924811 0.42657424812030076 0.45447603383458646 0.4280427631578947 0.47797227443609025 0.39426691729323304 0.5763627819548872 0.39132988721804507
2 0.6791588345864661 0.3854558270676691 0.4911889097744361 0.37811325187969924 0.4720982142857143 0.3604910714285714 0.5220277255639098 0.28265977443609025 0.5690202067669172 0.2371358082706767 0.5367128759398496 0.22832471804511278 0.44272791353383456 0.29440789473684204 0.5073425751879699 0.21510808270676685 0.5044055451127819 0.0814732142857143 0.5484609962406015 0.07413063909774431 0.5866423872180451 0.1372767857142857 0.6424459586466165 0.1211231203007519 0.6703477443609023 0.07266212406015038 0.6776903195488722 0.04329182330827064 0.692375469924812 0.02273261278195493 0.692375469924812 0.001953125 1.0 0.005001017809500685 1.0 0.005001017809540209 0.9992951127819548 0.5425869360902256 0.9640507518796992 0.5381813909774436 0.9493656015037594 0.495594454887218 0.9508341165413534 0.3810502819548872 0.9640507518796992 0.30615601503759393 0.9684562969924811 0.20042293233082709 0.9434915413533834 0.13140272556390975 0.889156484962406 0.062382518796992414 0.7951715225563909 0.09909539473684204 0.7423049812030075 0.18720629699248115 0.6953125 0.301750469924812
2 0.11231203007518797 0.889156484962406 0.20189144736842113 0.8260103383458646 0.24300986842105254 0.7643327067669172 0.27825422932330823 0.789297462406015 0.29147086466165417 0.7305568609022557 0.3414003759398496 0.689438439849624 0.36342810150375937 0.6615366541353384 0.37517622180451127 0.5704887218045113 0.37517622180451127 0.5190906954887218 0.3369948308270677 0.5646146616541354 0.3120300751879699 0.5528665413533835 0.3002819548872181 0.47356672932330823 0.2606320488721804 0.4676926691729323 0.2371358082706766 0.4720982142857143 0.22979323308270672 0.49853148496240596 0.21363956766917302 0.5572720864661654 0.1769266917293234 0.5616776315789473 0.1607730263157895 0.5851738721804511 0.14461936090225558 0.6439144736842106 0.11084351503759404 0.8715343045112782
1 0.08734727443609025 0.9992951127819548 0.10937500000000011 0.8994360902255639 0.1651785714285715 0.8715343045112782 0.20776550751879708 0.8260103383458646 0.23566729323308266 0.7834234022556391 0.24741541353383456 0.7731437969924811 0.2723801691729323 0.7951715225563909 0.29000234962406013 0.7819548872180451 0.3046875 0.7305568609022557 0.3516799812030075 0.6953125 0.37077067669172936 0.6571311090225564 0.3795817669172932 0.598390507518797 0.37077067669172936 0.9963580827067668
1 0.3766447368421052 0.49853148496240596 0.33405780075187974 0.5558035714285714 0.3120300751879699 0.5352443609022557 0.3134985902255639 0.4765037593984962 0.2562265037593986 0.4530075187969924 0.2165765977443609 0.4676926691729323 0.18573778195488722 0.41042058270676685 0.17545817669172925 0.3648966165413533 0.20776550751879708 0.34727443609022557 0.20629699248120292 0.301750469924812 0.1651785714285715 0.301750469924812 0.13874530075187963 0.2855968045112782 0.19014332706766923 0.23860432330827064 0.2327302631578948 0.22685620300751874 0.2518209586466166 0.301750469924812 0.29147086466165417 0.34727443609022557 0.3693021616541353 0.3575540413533834
1 0.4397908834586466 0.23566729323308266 0.4118890977443609 0.2738486842105263 0.4236372180451128 0.2885338345864661 0.44272791353383456 0.27531719924812026
1 0.22979323308270672 0.12993421052631582 0.3237781954887218 0.09175281954887216 0.3355263157894737 0.03741776315789469 0.31915802125506065 0.001953125 0.05797697368421051 0.002173402255639001 0.09615836466165406 0.05797697368421051 0.1725211466165414 0.10350093984962405
2 0.3722391917293233 0.3458059210526315 0.29881343984962405 0.33846334586466165 0.2562265037593986 0.2929393796992481 0.23860432330827075 0.209234022556391 0.1813322368421052 0.23419877819548873 0.13140272556390975 0.2797227443609023 0.15196193609022546 0.31496710526315785 0.18867481203007508 0.31056156015037595 0.1930803571428571 0.35021146616541354 0.15636748120300747 0.35902255639097747 0.20335996240601506 0.4720982142857143 0.21951362781954897 0.48531484962406013 0.20776550751879708 0.5484609962406015 0.16664708646616544 0.5528665413533835 0.13874530075187963 0.6321663533834587 0.1255286654135338 0.39132988721804507 0.10203242481203001 0.29000234962406013 0.05210291353383456 0.18573778195488722 0.001953125 0.10549812030075156 0.001953125 0.002173402255639001 0.05063439849624063 0.0036419172932330435 0.08294172932330823 0.06091400375939848 0.16371005639097735 0.10790648496240596 0.22391917293233077 0.14021381578947367 0.32671522556390975 0.0976268796992481 0.3458059210526315 0.040354793233082664 0.3325892857142857 0.002173402255639001 0.4368538533834586 0.012453007518796966 0.4559445488721804 0.08587875939849621 0.48972039473684204 0.09175281954887216 0.5044055451127819 0.17545817669172925 0.4720982142857143 0.2415413533834586 0.45741306390977443 0.2606320488721804 0.4530075187969924 0.2209821428571428 0.41776315789473684 0.24007283834586468 0.40307800751879697 0.2694431390977443 0.4118890977443609 0.29881343984962405
1 0.49265742481203 0.06091400375939848 0.5132166353383458 0.05210291353383456 0.5381813909774436 0.01539003759398494 0.5455239661654135 0.005110432330827086 0.4632871240601504 0.0036419172932330435
2 0.009515977443608992 0.987546992481203 0.04622885338345861 0.798108552631579 0.07266212406015049 0.6600681390977443 0.0814732142857143 0.4809093045112781 0.04622885338345861 0.35021146616541354 0.001953125 0.2505910773026312 0.001953125 1.0
0 0.05944548872180444 0.9978265977443609 0.08000469924812037 0.9376174812030075 0.10203242481203001 0.8127937030075187 0.1255286654135338 0.6571311090225564 0.1255286654135338 0.5396499060150376 0.12112312030075179 0.3927984022556391 0.08294172932330823 0.2694431390977443 0.001953125 0.13620382230778583 0.001953125 0.22979323308270672 0.07266212406015049 0.400140977443609 0.08734727443609025 0.5763627819548872 0.05944548872180444 0.7188087406015038 0.03594924812030087 0.8524436090225563 0.02273261278195482 0.987546992481203
1 0.6306978383458647 0.11524906015037595 0.592516447368421 0.1255286654135338 0.5513980263157895 0.0697250939849624 0.5558035714285714 0.012453007518796966 0.6644736842105263 0.00804746240601506 0.685032894736842 0.009515977443608992 0.6571311090225563 0.062382518796992414
3 0.43832236842105265 0.6395089285714286 0.5646146616541353 0.6439144736842106 0.5587406015037594 0.49853148496240596 0.5132166353383458 0.49265742481203 0.49265742481203 0.44713345864661647 0.48237781954887216 0.4368538533834586 0.44566494360902253 0.4412593984962405 0.44566494360902253 0.49412593984962405 0.44566494360902253 0.5469924812030076 0.44566494360902253 0.5675516917293233 0.5044055451127819 0.5734257518796992 0.502937030075188 0.5866423872180451 0.44272791353383456 0.5851738721804511
