4 0.4397908834586466 0.002173402255639125 0.40160949248120303 0.209234022556391 0.40307800751879697 0.401609492481203 0.39720394736842113 0.6424459586466166 0.3839873120300752 0.8597861842105263 0.3739058033266761 0.998046875 0.0 0.998046875 0.0007048872180451804 0.0007048872180451396
1 0.4588815789473685 0.002173402255639125 0.4515390037593985 0.02713815789473687 0.5161536654135338 0.03301221804511281 0.497062969924812 0.08441024436090228 0.4471334586466166 0.1211231203007519 0.44125939849624063 0.15343045112781958 0.5 0.15636748120300756 0.4530075187969925 0.18867481203007522 0.4603500939849624 0.2297932330827068 0.4926574248120301 0.25769501879699247 0.5513980263157895 0.26210056390977443 0.595453477443609 0.2635690789473684 0.6174812030075189 0.31056156015037595 0.6424459586466166 0.32671522556390975 0.6865014097744361 0.35608552631578944 0.7085291353383458 0.37517622180451127 0.7393679511278196 0.38839285714285715 0.7672697368421052 0.34874295112781956 0.7496475563909774 0.2782542293233083 0.7452420112781956 0.2297932330827068 0.7540531015037594 0.1974859022556391 0.7687382518796994 0.1725211466165414 0.799577067669173 0.13433975563909778 0.8274788533834586 0.11378054511278198 0.8025140977443609 0.07853618421052633 0.780486372180451 0.005110432330827095
2 0.5220277255639098 0.29000234962406013 0.595453477443609 0.29000234962406013 0.5910479323308271 0.35167998120300753 0.5572720864661654 0.38986137218045114 0.5440554511278196 0.41482612781954886 0.5190906954887218 0.41482612781954886
0 0.5234962406015038 0.4192316729323308 0.5587406015037594 0.4192316729323308 0.5499295112781954 0.504405545112782 0.5161536654135338 0.501468515037594
0 0.45741306390977443 0.040354793233082734 0.48678336466165417 0.05210291353383461 0.4926574248120301 0.07853618421052633 0.4530075187969925 0.11231203007518799 0.44566494360902253 0.110843515037594
0 0.44566494360902253 0.16371005639097747 0.4647556390977444 0.1607730263157895 0.45741306390977443 0.17545817669172936 0.44125939849624063 0.18867481203007522
0 0.43832236842105265 0.20335996240601506 0.4559445488721805 0.20189144736842107 0.44566494360902253 0.2386043233082707 0.4926574248120301 0.2665061090225564 0.5117481203007519 0.2826597744360902 0.5161536654135338 0.398672462406015 0.50734257518797 0.4794407894736842 0.50734257518797 0.6204182330827068 0.5088110902255639 0.7995770676691729 0.5 0.9655192669172933 0.4882518796992481 0.993421052631579 0.46327243890977443 0.998046875 0.40160949248120303 0.998046875 0.4251057330827068 0.4750352443609022 0.4368538533834586 0.23419877819548873
1 0.6248237781954887 0.6747532894736843 0.599859022556391 0.7261513157894737 0.6072015977443609 0.8157307330827068 0.6688792293233082 0.8539121240601504 0.7276198308270677 0.8039826127819549 0.7246828007518796 0.7467105263157895 0.7085291353383458 0.696781015037594 0.6747532894736842 0.6585996240601504 0.6262922932330827 0.6585996240601504
2 0.7937030075187971 0.008047462406015064 0.8142622180451128 0.07853618421052633 0.8406954887218044 0.10790648496240603 0.8289473684210525 0.1402138157894737 0.7775493421052632 0.17545817669172936 0.7555216165413533 0.22098214285714288 0.7599271616541353 0.2914708646616541 0.7731437969924811 0.33699483082706766 0.7790178571428571 0.3839873120300752 0.7437734962406014 0.397203947368421 0.7320253759398497 0.397203947368421 0.7305568609022556 0.44419642857142855 0.7305568609022556 0.4897203947368421 0.7261513157894738 0.5352443609022557 0.696781015037594 0.5558035714285715 0.6791588345864662 0.5719572368421053 0.6336348684210527 0.5837053571428572 0.5866423872180451 0.5822368421052632 0.5704887218045113 0.5499295112781956 0.5572720864661654 0.5264332706766918 0.5367128759398496 0.5146851503759399 0.5205592105263158 0.5220277255639099 0.5190906954887218 0.6497885338345865 0.5205592105263158 0.7628641917293233 0.5146851503759399 0.8436325187969925 0.5146851503759399 0.9229323308270677 0.6086701127819549 0.9273378759398496 0.6365718984962406 0.890625 0.6483200187969925 0.8553806390977444 0.595453477443609 0.8392269736842105 0.5881109022556391 0.7525845864661654 0.599859022556391 0.6762218045112782 0.6424459586466166 0.6395089285714286 0.7099976503759399 0.6571311090225564 0.7334938909774437 0.7217457706766918 0.7423049812030075 0.7995770676691729 0.7129346804511278 0.8480380639097744 0.7320253759398497 0.8803453947368421 0.7628641917293234 0.8568491541353384 0.805451127819549 0.8113251879699248 0.8260103383458647 0.7584586466165414 0.892093515037594 0.7232142857142857 0.9567081766917293 0.7334938909774437 0.998046875 0.7178136950674099 0.998046875 0.46475563909774437 0.9523026315789475 0.40601503759398494 0.9376174812030075 0.3443374060150376 0.9111842105263158 0.22098214285714288 0.9214638157894738 0.14902490601503762 0.9258693609022556 0.07559915413533837 0.9596452067669173 0.0432918233082707 0.9508341165413533 0.01245300751879702 0.9284187030075187 0.0
1 0.9728618421052632 0.009515977443609049 0.9625822368421052 0.053571428571428596 0.9420230263157895 0.06972509398496242 0.9420230263157895 0.12406015037593986 0.9229323308270677 0.17692669172932332 0.9214638157894738 0.2195136278195489 0.9302749060150376 0.30028195488721804 0.9581766917293234 0.37517622180451127 0.986078477443609 0.44419642857142855 0.998046875 0.44419642857142855 0.998046875 0.0036419172932331094
1 0.9772673872180452 0.7423049812030076 0.9288063909774437 0.7467105263157895 0.8818139097744361 0.7393679511278196 0.8377584586466166 0.7643327067669173 0.8260103383458647 0.7966400375939849 0.8098566729323308 0.8260103383458647 0.7892974624060151 0.8465695488721805 0.7716752819548872 0.895030545112782 0.7261513157894738 0.9111842105263158 0.7114661654135338 0.884750939849624 0.6909069548872181 0.8862194548872181 0.6688792293233082 0.9082471804511278 0.6395089285714286 0.9053101503759399 0.602796052631579 0.9405545112781954 0.5264332706766918 0.9332119360902256 0.502937030075188 0.9743303571428572 0.5015419407894738 0.998046875 0.996358082706767 0.998046875 0.996358082706767 0.7423049812030076
3 0.6277608082706767 0.3311207706766917 0.5851738721804511 0.3693021616541353 0.5704887218045113 0.38986137218045114 0.5631461466165414 0.4500704887218045 0.5616776315789473 0.48237781954887216 0.5792998120300752 0.5279017857142857 0.5851738721804511 0.5572720864661654 0.6233552631578948 0.5748942669172933 0.6820958646616542 0.5646146616541353 0.7129346804511278 0.5323073308270677 0.7158717105263158 0.48384633458646614 0.7158717105263158 0.42657424812030076 0.7129346804511278 0.37664473684210525 0.6659421992481203 0.35608552631578944
