5 0.8076171875 0.998046875 0.7555338541666667 0.9437934027777778 0.7370876736111112 0.9286024305555556 0.7012803819444444 0.917751736111111 0.6307508680555556 0.9220920138888888 0.516818576388889 0.9210069444444444 0.42350260416666674 0.917751736111111 0.37033420138888895 0.9134114583333333 0.2987196180555556 0.9112413194444444 0.21299913194444453 0.9166666666666666 0.12510850694444453 0.9090711805555556 0.09581163194444453 0.8927951388888888 0.07845052083333337 0.8385416666666666 0.03396267361111116 0.8374565972222222 0.03504774305555558 0.8884548611111112 6.938893903907228e-18 0.8856131522147147 0.00032552083333337034 0.9014756944444444 0.032877604166666685 0.9123263888888888 0.02746565286351169 1.0 0.7175564236111112 1.0 0.8032769097222223 1.0
5 0.0458984375 0.8103298611111112 0.0654296875 0.7777777777777778 0.0654296875 0.4717881944444444 0.023111979166666685 0.4457465277777778 0.03830295138888895 0.7658420138888888
5 0.02853732638888895 0.43381076388888895 0.10123697916666674 0.4175347222222222 0.1381293402777778 0.3187934027777778 0.11208767361111116 0.3003472222222222 0.06108940972222221 0.3448350694444444 0.0458984375 0.36328125 0.01443142361111116 0.35134548611111116 0.01117621527777779 0.4077690972222222
5 0.7034505208333333 0.9069010416666666 0.7728949652777779 0.9079861111111112 0.7902560763888888 0.7376302083333334 0.7479383680555556 0.7680121527777778 0.7121310763888888 0.8504774305555556 0.6828342013888888 0.890625
5 0.7772352430555556 0.7137586805555556 0.8119574652777779 0.7105034722222223 0.8271484375 0.548828125 0.8390842013888888 0.4598524305555556 0.8076171875 0.4609375 0.7989366319444444 0.5694444444444444 0.7794053819444444 0.6475694444444444 0.7685546875 0.6963975694444444
5 0.8314887152777779 0.45334201388888895 0.8521050347222223 0.44466145833333337 0.8390842013888888 0.314453125 0.8249782986111112 0.32096354166666674 0.8271484375 0.4110243055555556
5 0.14029947916666674 0.3198784722222222 0.20865885416666674 0.27756076388888895 0.27159288194444453 0.22330729166666674 0.3052300347222222 0.17990451388888895 0.29763454861111116 0.15928819444444453 0.37467447916666674 0.12239583333333337 0.3985460069444444 0.16579861111111116 0.4354383680555556 0.13216145833333337 0.43001302083333337 0.109375 0.4419487847222222 0.12022569444444453 0.4571397569444444 0.119140625 0.4951171875 0.16037326388888895 0.5059678819444444 0.13107638888888895 0.4745008680555556 0.11697048611111116 0.46799045138888895 0.09418402777777779 0.4896918402777778 0.08224826388888895 0.5428602430555556 0.07465277777777779 0.5830078125 0.05946180555555558 0.6057942708333333 0.05729166666666674 0.5971137152777779 0.04752604166666674 0.48860677083333337 0.041015625 0.4213324652777778 0.07356770833333337 0.31608072916666674 0.12131076388888895 0.24880642361111116 0.15711805555555558 0.16200086805555558 0.24717881944444453 0.11534288194444453 0.2960069444444444
5 0.7620442708333333 0.138671875 0.7783203125 0.13758680555555558 0.7446831597222223 0.07356770833333337 0.7362579146241831 0.001953125 0.7208116319444444 0.003038194444444531 0.7305772569444444 0.04535590277777779 0.7349175347222223 0.080078125 0.7435980902777779 0.11588541666666674 0.7544487847222223 0.12999131944444453
5 0.47341579861111116 0.8993055555555556 0.6481119791666667 0.9079861111111112 0.6915147569444444 0.9155815972222222 0.7327473958333333 0.9253472222222222 0.7511935763888888 0.9253472222222222 0.7598741319444444 0.91015625 0.7088758680555556 0.9090711805555556 0.6850043402777779 0.8960503472222222 0.6730685763888888 0.8841145833333333 0.6676432291666667 0.841796875 0.6361762152777779 0.8407118055555556 0.6437717013888888 0.8841145833333333 0.5960286458333333 0.8819444444444444 0.4745008680555556 0.8873697916666666
5 0.7175564236111112 0.8407118055555556 0.7446831597222223 0.7690972222222222 0.7620442708333333 0.7506510416666666 0.7837456597222223 0.7408854166666667 0.8054470486111112 0.7126736111111112 0.7761501736111112 0.71484375 0.7631293402777779 0.6953125 0.7718098958333333 0.6714409722222223 0.7826605902777779 0.6236979166666667 0.8000217013888888 0.5640190972222223 0.7913411458333333 0.5640190972222223 0.7598741319444444 0.6019965277777778 0.7511935763888888 0.6519097222222223 0.7587890625 0.6746961805555556 0.7392578125 0.6909722222222223 0.7197265625 0.7224392361111112 0.7251519097222223 0.783203125 0.7143012152777779 0.8168402777777778
5 0.0024956597222222654 0.841796875 0.02962239583333337 0.8667534722222222 0.03396267361111116 0.8862847222222222 -6.938893903907228e-18 0.8842263783670034
1 0.00032552083333337034 0.08224826388888895 0.10340711805555558 0.10828993055555558 0.1392144097222222 0.13650173611111116 0.1782769097222222 0.15711805555555558 0.20106336805555558 0.16145833333333337 0.21950954861111116 0.13216145833333337 0.2368706597222222 0.11046006944444453 0.24446614583333337 0.06922743055555558 0.2455512152777778 0.01280381944444453 0.2422125400641026 0.001953125 0.0 0.001953125
1 0.9975043402777779 0.17556423611111116 0.9790581597222223 0.14084201388888895 0.9692925347222223 0.10069444444444453 0.9595269097222223 0.03993055555555558 0.9671223958333333 0.01605902777777779 0.9248046875 0.04210069444444453 0.8944227430555556 0.02473958333333337 0.9117838541666667 0.004123263888888951 0.9975043402777779 0.003038194444444531 0.998046875 0.017505787037034204 0.998046875 0.13650173611111116 0.998046875 0.1723090277777778
3 0.06651475694444453 0.7864583333333333 0.05023871527777779 0.8081597222222222 0.03830295138888895 0.8255208333333333 0.05674913194444453 0.8342013888888888 0.07411024305555558 0.8342013888888888 0.08604600694444453 0.8157552083333333 0.13270399305555558 0.8157552083333333 0.12727864583333337 0.8385416666666666 0.11534288194444453 0.8602430555555556 0.10123697916666674 0.87109375 0.09255642361111116 0.8841145833333333 0.10232204861111116 0.8873697916666666 0.1142578125 0.8776041666666666 0.12619357638888895 0.8689236111111112 0.14463975694444453 0.8689236111111112 0.1826171875 0.8754340277777778 0.2021484375 0.8537326388888888 0.21950954861111116 0.8352864583333333 0.24012586805555558 0.8135850694444444 0.26182725694444453 0.7994791666666666 0.27376302083333337 0.7918836805555556 0.2791883680555556 0.7799479166666666 0.2943793402777778 0.7745225694444444 0.31174045138888895 0.7810329861111112 0.3095703125 0.7973090277777778 0.32259114583333337 0.8038194444444444 0.3442925347222222 0.7973090277777778 0.35188802083333337 0.7973090277777778 0.3497178819444444 0.8255208333333333 0.34212239583333337 0.8461371527777778 0.3442925347222222 0.8667534722222222 0.33561197916666674 0.8797743055555556 0.34537760416666674 0.8732638888888888 0.3497178819444444 0.9069010416666666 0.3540581597222222 0.9047309027777778 0.3529730902777778 0.8721788194444444 0.3638237847222222 0.87109375 0.3681640625 0.8591579861111112 0.3887803819444444 0.8537326388888888 0.40939670138888895 0.8559027777777778 0.4354383680555556 0.8580729166666666 0.4365234375 0.87109375 0.44411892361111116 0.8743489583333333 0.4614800347222222 0.8526475694444444 0.46907552083333337 0.8385416666666666 0.46256510416666674 0.8200954861111112 0.4842664930555556 0.7821180555555556 0.49186197916666674 0.7669270833333333 0.5189887152777778 0.7701822916666666 0.6123046875 0.7712673611111112 0.6622178819444444 0.7712673611111112 0.6698133680555556 0.7582465277777778 0.6567925347222223 0.7408854166666667 0.6557074652777779 0.7354600694444444 0.6220703125 0.734375 0.5298394097222222 0.7376302083333334 0.4896918402777778 0.7332899305555556 0.4940321180555556 0.7105034722222223 0.4951171875 0.6453993055555556 0.4951171875 0.5651041666666667 0.4951171875 0.5542534722222223 0.5537109375 0.5553385416666667 0.6589626736111112 0.5596788194444444 0.7718098958333333 0.5629340277777778 0.7902560763888888 0.5607638888888888 0.7945963541666667 0.5564236111111112 0.7967664930555556 0.47721354166666674 0.7989366319444444 0.4620225694444444 0.8173828125 0.45876736111111116 0.8314887152777779 0.45768229166666674 0.8282335069444444 0.412109375 0.8260633680555556 0.31770833333333337 0.8000217013888888 0.3187934027777778 0.8011067708333333 0.27756076388888895 0.8000217013888888 0.14084201388888895 0.7631293402777779 0.13975694444444453 0.7533637152777779 0.13541666666666674 0.7403428819444444 0.12348090277777779 0.7262369791666667 0.12565104166666674 0.7229817708333333 0.13975694444444453 0.6611328125 0.1430121527777778 0.6622178819444444 0.1831597222222222 0.6383463541666667 0.18858506944444453 0.6296657986111112 0.18858506944444453 0.6253255208333333 0.1527777777777778 0.6209852430555556 0.1343315972222222 0.6155598958333333 0.12348090277777779 0.6014539930555556 0.11154513888888895 0.5786675347222223 0.10611979166666674 0.5526258680555556 0.10611979166666674 0.5428602430555556 0.12022569444444453 0.5287543402777778 0.15060763888888895 0.5287543402777778 0.1831597222222222 0.4951171875 0.18532986111111116 0.46799045138888895 0.18858506944444453 0.4517144097222222 0.1831597222222222 0.43869357638888895 0.17122395833333337 0.4224175347222222 0.1733940972222222 0.4072265625 0.1733940972222222 0.40397135416666674 0.17990451388888895 0.3833550347222222 0.18641493055555558 0.38118489583333337 0.2265625 0.38118489583333337 0.30685763888888895 0.38118489583333337 0.421875 0.36490885416666674 0.4305555555555556 0.2705078125 0.431640625 0.23795572916666674 0.4305555555555556 0.21299913194444453 0.431640625 0.1923828125 0.43381076388888895 0.1826171875 0.4229600694444444 0.1728515625 0.4175347222222222 0.1587456597222222 0.421875 0.15657552083333337 0.42838541666666674 0.10557725694444453 0.4327256944444444 0.09147135416666674 0.431640625 0.08604600694444453 0.4262152777777778 0.06434461805555558 0.42513020833333337 0.04698350694444453 0.43381076388888895 0.036132812500000056 0.4370659722222222 0.03070746527777779 0.44140625 0.041558159722222265 0.45334201388888895 0.07194010416666674 0.470703125 0.06976996527777779 0.5151909722222223 0.0654296875 0.63671875 0.06651475694444453 0.7289496527777778 0.06868489583333337 0.7734375
5 0.8228081597222223 0.6475694444444444 0.8640407986111112 0.44791666666666674 0.8466796875 0.451171875 0.8401692708333333 0.4522569444444444 0.8271484375 0.5802951388888888
5 0.8542751736111112 0.44357638888888895 0.8640407986111112 0.44466145833333337 0.8716362847222223 0.33181423611111116 0.8564453125 0.3187934027777778 0.8455946180555556 0.3133680555555556 0.8423394097222223 0.3253038194444444 0.8542751736111112 0.42404513888888895
0 0.32693142361111116 0.9090711805555556 0.3497178819444444 0.9090711805555556 0.34537760416666674 0.8884548611111112 0.3432074652777778 0.8776041666666666 0.3377821180555556 0.8851996527777778 0.3301866319444444 0.8841145833333333 0.33561197916666674 0.8754340277777778 0.3399522569444444 0.861328125 0.3399522569444444 0.8515625 0.34103732638888895 0.8396267361111112 0.34646267361111116 0.8287760416666666 0.3486328125 0.8070746527777778 0.3345269097222222 0.8038194444444444 0.3247612847222222 0.8092447916666666 0.32693142361111116 0.8298611111111112 0.3236762152777778 0.8689236111111112 0.3236762152777778 0.890625
5 0.31608072916666674 0.8776041666666666 0.3052300347222222 0.8830295138888888 0.30631510416666674 0.900390625 0.3052300347222222 0.9069010416666666 0.3193359375 0.9112413194444444 0.32259114583333337 0.9069010416666666
