5 0.003580729166666685 0.9351128472222222 0.04806857638888895 0.8949652777777778 0.08387586805555558 0.8233506944444444 0.13053385416666674 0.6888020833333334 0.13053385416666674 0.587890625 0.1240234375 0.44900173611111116 0.15223524305555558 0.2960069444444444 0.20323350694444453 0.20811631944444453 0.26725260416666674 0.18424479166666674 0.3388671875 0.17122395833333337 0.33561197916666674 0.20052083333333337 0.22276475694444453 0.2265625 0.18587239583333337 0.2808159722222222 0.1587456597222222 0.3741319444444444 0.1435546875 0.509765625 0.14463975694444453 0.5509982638888888 0.15223524305555558 0.6486545138888888 0.14680989583333337 0.7289496527777778 0.09689670138888895 0.8461371527777778 0.05349392361111116 0.9231770833333333 0.00032552083333337034 0.9633246527777778
5 0.35080295138888895 0.14192708333333337 0.35080295138888895 0.09418402777777779 0.34103732638888895 0.09526909722222221 0.3432074652777778 0.07248263888888895 0.36165364583333337 0.02365451388888895 0.37033420138888895 0.004123263888888951 0.3790147569444444 0.00954861111111116 0.3725043402777778 0.05186631944444453 0.37575954861111116 0.11805555555555558 0.35188802083333337 0.12999131944444453
3 0.2954644097222222 0.30143229166666674 0.3768446180555556 0.4793836805555556 0.4473741319444444 0.41427951388888895 0.45279947916666674 0.40885416666666674 0.37467447916666674 0.2309027777777778 0.31608072916666674 0.26779513888888895 0.29763454861111116 0.28841145833333337
5 0.4256727430555556 0.4663628472222222 0.4180772569444444 0.4457465277777778 0.4365234375 0.42404513888888895 0.45279947916666674 0.4110243055555556 0.43435329861111116 0.35134548611111116 0.44954427083333337 0.333984375 0.4712456597222222 0.38064236111111116 0.48318142361111116 0.40017361111111116 0.47233072916666674 0.41536458333333337 0.4766710069444444 0.4273003472222222 0.4669053819444444 0.4359809027777778 0.44954427083333337 0.4327256944444444 0.44411892361111116 0.4403211805555556 0.43869357638888895 0.45876736111111116
1 0.00032552083333337034 0.3090277777777778 0.06651475694444453 0.3046875 0.11751302083333337 0.2894965277777778 0.13704427083333337 0.21788194444444453 0.15223524305555558 0.18967013888888895 0.1826171875 0.20052083333333337 0.21516927083333337 0.17881944444444453 0.24229600694444453 0.1332465277777778 0.24446614583333337 0.08984375 0.23904079861111116 0.04535590277777779 0.1986661216085273 0.001953125 0.0024956597222222654 0.001953125 0.0 0.004448784722222321 0.00032552083333337034 0.26236979166666674
5 0.09798177083333337 0.8580729166666666 0.14572482638888895 0.8135850694444444 0.16525607638888895 0.7962239583333333 0.1489800347222222 0.7853732638888888 0.1533203125 0.7669270833333333 0.16959635416666674 0.7842881944444444 0.18912760416666674 0.7756076388888888 0.2064887152777778 0.7506510416666666 0.21950954861111116 0.7430555555555556 0.2162543402777778 0.7625868055555556 0.20431857638888895 0.7918836805555556 0.18153211805555558 0.8092447916666666 0.1674262152777778 0.8342013888888888 0.14680989583333337 0.8537326388888888 0.14463975694444453 0.8689236111111112 0.1240234375 0.8743489583333333 0.11100260416666674 0.8656684027777778
5 0.0046657986111111605 0.8960503472222222 0.02419704861111116 0.9123263888888888 0.05457899305555558 0.8776041666666666 0.06759982638888895 0.8396267361111112 0.032877604166666685 0.8548177083333333 0.012261284722222265 0.8559027777777778 0.0 0.8559027777777778 0.0 0.8938802083333333
1 0.0046657986111111605 0.6139322916666667 0.01985677083333337 0.578125 0.012261284722222265 0.5542534722222223 0.041558159722222265 0.5434027777777778 0.04806857638888895 0.4945746527777778 0.0458984375 0.45768229166666674 0.032877604166666685 0.43923611111111116 0.003580729166666685 0.4403211805555556 0.0024956597222222654 0.4273003472222222 0.03830295138888895 0.42404513888888895 0.05674913194444453 0.3914930555555556 0.03070746527777779 0.35568576388888895 0.0014105902777777901 0.353515625 0.00032552083333337034 0.48372395833333337 0.0014105902777777901 0.587890625 0.0014105902777777901 0.6030815972222223
5 0.09364149305555558 0.9796006944444444 0.09255642361111116 0.9557291666666666 0.12727864583333337 0.9351128472222222 0.12619357638888895 0.9112413194444444 0.1283637152777778 0.8960503472222222 0.15983072916666674 0.8982204861111112 0.1587456597222222 0.9112413194444444 0.1337890625 0.91015625 0.13487413194444453 0.927517361111111 0.16091579861111116 0.927517361111111 0.17068142361111116 0.9329427083333333 0.15549045138888895 0.9448784722222222 0.1381293402777778 0.94921875 0.11317274305555558 0.9546440972222222 0.10340711805555558 0.9720052083333334
5 0.15549045138888895 0.5466579861111112 0.1576605902777778 0.48372395833333337 0.17393663194444453 0.4848090277777778 0.1923828125 0.502170138888889 0.1923828125 0.5162760416666667 0.18912760416666674 0.5379774305555556 0.18587239583333337 0.5542534722222223
0 0.38009982638888895 0.5119357638888888 0.38444010416666674 0.48806423611111116 0.40505642361111116 0.48806423611111116 0.40397135416666674 0.5141059027777778 0.3920355902777778 0.529296875
0 0.4159071180555556 0.51953125 0.41916232638888895 0.4891493055555556 0.42892795138888895 0.48806423611111116 0.4473741319444444 0.49674479166666674 0.45930989583333337 0.49674479166666674 0.4603949652777778 0.5065104166666667 0.45388454861111116 0.5108506944444444 0.4419487847222222 0.5065104166666667 0.43435329861111116 0.5119357638888888 0.42458767361111116 0.5271267361111112
0 0.4712456597222222 0.48806423611111116 0.45822482638888895 0.47287326388888895 0.4571397569444444 0.45876736111111116 0.47233072916666674 0.451171875 0.48752170138888895 0.4620225694444444 0.48752170138888895 0.4750434027777778 0.4842664930555556 0.48046875
1 0.30305989583333337 0.995876736111111 0.33669704861111116 0.9437934027777778 0.36165364583333337 0.9611545138888888 0.38118489583333337 0.98828125 0.37575954861111116 0.9969618055555556 0.3636067708333333 1.0 0.3247612847222222 0.998046875
1 0.4810112847222222 0.9991319444444444 0.48318142361111116 0.9166666666666666 0.5113932291666667 0.8841145833333333 0.5005425347222222 0.7799479166666666 0.5330946180555556 0.6833767361111112 0.5396050347222222 0.63671875 0.5439453125 0.5640190972222223 0.5417751736111112 0.49674479166666674 0.5656467013888888 0.3871527777777778 0.5873480902777779 0.3578559027777778 0.5775824652777779 0.3448350694444444 0.5699869791666667 0.33723958333333337 0.5699869791666667 0.29817708333333337 0.6112196180555556 0.2699652777777778 0.6361762152777779 0.2894965277777778 0.6372612847222223 0.31770833333333337 0.6730685763888888 0.2992621527777778 0.6969401041666667 0.2862413194444444 0.7197265625 0.25802951388888895 0.7479383680555556 0.24609375 0.7761501736111112 0.24826388888888895 0.7685546875 0.26888020833333337 0.7663845486111112 0.3057725694444444 0.7674696180555556 0.32638888888888895 0.7902560763888888 0.32638888888888895 0.8173828125 0.3036024305555556 0.8423394097222223 0.2862413194444444 0.8759765625 0.2808159722222222 0.9117838541666667 0.29275173611111116 0.9128689236111112 0.26779513888888895 0.9052734375 0.2265625 0.9692925347222223 0.16037326388888895 0.9975043402777779 0.1625434027777778 0.9975043402777779 0.41861979166666674 0.9975043402777779 0.8428819444444444 0.9975043402777779 0.998046875 0.8965928819444444 0.9991319444444444 0.767252604166665 1.0 0.5515407986111112 0.9991319444444444 0.5098741319444439 1.0
5 0.29763454861111116 0.17447916666666674 0.30197482638888895 0.14952256944444453 0.3193359375 0.1484375 0.3236762152777778 0.16037326388888895 0.3139105902777778 0.17013888888888895
5 0.20431857638888895 0.4609375 0.22059461805555558 0.44357638888888895 0.2260199652777778 0.4717881944444444 0.24229600694444453 0.45768229166666674 0.25206163194444453 0.421875 0.25314670138888895 0.3687065972222222 0.2368706597222222 0.3741319444444444 0.22276475694444453 0.39583333333333337 0.2075737847222222 0.38932291666666674 0.18370225694444453 0.4012586805555556 0.1869574652777778 0.4207899305555556 0.18044704861111116 0.4424913194444444 0.1923828125 0.4457465277777778
1 0.7728949652777779 0.3253038194444444 0.7935112847222223 0.32204861111111116 0.8152126736111112 0.30143229166666674 0.8358289930555556 0.2862413194444444 0.8542751736111112 0.2797309027777778 0.8748914930555556 0.2797309027777778 0.9096137152777779 0.2905815972222222 0.9128689236111112 0.27322048611111116 0.9096137152777779 0.25260416666666674 0.9041883680555556 0.23524305555555558 0.9052734375 0.2211371527777778 0.9682074652777779 0.15603298611111116 0.998046875 0.15901692708333337 0.997515356211224 0.001953125 0.998046875 0.0021802039521963135 0.6340060763888888 0.001953125000000111 0.6296657986111112 0.01280381944444453 0.6090494791666667 0.07573784722222221 0.6296657986111112 0.09526909722222221 0.7099609375 0.03667534722222221 0.7240668402777779 0.04535590277777779 0.7240668402777779 0.05295138888888895 0.7023654513888888 0.08550347222222221 0.7121310763888888 0.11588541666666674 0.7099609375 0.1625434027777778 0.7360026041666667 0.1636284722222222 0.7435980902777779 0.13541666666666674 0.7522786458333333 0.12456597222222221 0.7555338541666667 0.13758680555555558 0.7566189236111112 0.158203125 0.7587890625 0.16688368055555558 0.7642144097222223 0.17447916666666674 0.7728949652777779 0.17556423611111116 0.7826605902777779 0.17447916666666674 0.7848307291666667 0.1625434027777778 0.8021918402777779 0.16145833333333337 0.8152126736111112 0.16579861111111116 0.8271484375 0.1723090277777778 0.8347439236111112 0.18532986111111116 0.8434244791666667 0.22439236111111116 0.8260633680555556 0.24826388888888895 0.8087022569444444 0.25802951388888895 0.7804904513888888 0.25911458333333337 0.7750651041666667 0.2601996527777778 0.7707248263888888 0.2743055555555556 0.7718098958333333 0.294921875 0.7707248263888888 0.30794270833333337
