3 0.3053850446428572 0.006835937500000047 0.2998046875 0.24958147321428575 0.4574497767857143 0.2523716517857143 0.4602399553571429 0.2356305803571429 0.4727957589285714 0.22865513392857148 0.4714006696428572 0.17982700892857148 0.4504743303571429 0.16169084821428575 0.4434988839285714 0.12402343750000003 0.4686104910714286 0.09891183035714289 0.4602399553571429 0.07240513392857147 0.4588448660714286 0.019391741071428617
3 0.6527622767857143 0.0012555803571429045 0.8536551339285715 0.0026506696428571903 0.8522600446428571 0.023577008928571477 0.8369140624999999 0.02497209821428576 0.8187779017857143 0.054268973214285754 0.7643694196428571 0.052873883928571466 0.7601841517857143 0.06961495535714289 0.7992466517857143 0.07659040178571433 0.7936662946428571 0.0877511160714286 0.6736886160714286 0.09333147321428575 0.6736886160714286 0.0500837053571429 0.6485770089285714 0.044503348214285754 0.6471819196428571 0.017996651785714333 0.6527193509615385 -3.469446951953614e-18
3 0.6400669642857142 0.18415178571428573 0.6255580357142857 0.20982142857142858 0.6199776785714285 0.23883928571428573 0.62890625 0.2767857142857143 0.6612723214285714 0.2924107142857143 0.6902901785714285 0.2622767857142857 0.6936383928571428 0.21540178571428573 0.67578125 0.19084821428571427
3 0.3833705357142857 0.34933035714285715 0.36439732142857145 0.5267857142857143 0.3856026785714286 0.6964285714285714 0.5842633928571428 0.6941964285714286 0.59765625 0.53125 0.6177455357142857 0.5345982142857143 0.6177455357142857 0.49107142857142855 0.6222098214285714 0.41964285714285715 0.62890625 0.3515625 0.6266741071428571 0.32589285714285715 0.6032366071428571 0.3046875 0.5809151785714285 0.2924107142857143 0.5708705357142857 0.265625 0.5061383928571428 0.2611607142857143 0.50390625 0.3470982142857143 0.5016741071428571 0.33035714285714285 0.48158482142857145 0.33035714285714285 0.48158482142857145 0.34933035714285715
3 0.51171875 0.7410714285714286 0.5719866071428571 0.7399553571428571 0.5719866071428571 0.7488839285714286 0.5842633928571428 0.7511160714285714 0.5853794642857142 0.8203125 0.5753348214285714 0.828125 0.57421875 0.8459821428571429 0.5652901785714285 0.8459821428571429 0.5641741071428571 0.8683035714285714 0.5106026785714285 0.8649553571428571 0.5106026785714285 0.8426339285714286
3 0.66015625 0.7154017857142857 0.66015625 0.8225446428571429 0.6690848214285714 0.8459821428571429 0.7706473214285714 0.8392857142857143 0.7762276785714285 0.7845982142857143 0.7684151785714285 0.7165178571428571 0.7349330357142857 0.7075892857142857
3 0.9771205357142857 0.6986607142857143 0.9882812499999999 0.7087053571428571 0.998046875 0.7087053571428571 0.998046875 0.7667410714285714 0.998046875 0.9854910714285714 0.9804687499999999 0.9776785714285714 0.9760044642857143 0.9408482142857143 0.9425223214285713 0.9419642857142857 0.9313616071428571 0.9207589285714286 0.9079241071428571 0.9095982142857143 0.9157366071428571 0.8638392857142857 0.9257812499999999 0.8069196428571429 0.9235491071428571 0.7779017857142857 0.9324776785714285 0.7511160714285714 0.9559151785714285 0.7399553571428571 0.9547991071428571 0.6941964285714286
3 0.47035435267857145 0.06054687500000004 0.5279017857142858 0.06577845982142862 0.5296456473214286 0.08496093750000004 0.49476841517857145 0.09368024553571432
3 0.5114167705735662 0.18898067331670823 0.5119038341645885 0.20018313591022446 0.528951059850374 0.2074890897755611 0.5416147132169576 0.21041147132169577 0.5459982855361596 0.20213139027431423 0.5455112219451372 0.19385130922693267 0.5435629675810474 0.1894677369077307 0.5265157418952618 0.18995480049875313
1 0.2580991972477064 0.2222620412844037 0.2885607798165138 0.23480504587155965 0.2957282110091743 0.27064220183486243 0.2742259174311927 0.31185493119266056 0.25989105504587157 0.3333572247706422 0.25989105504587157 0.3709862385321101 0.26705848623853207 0.40861525229357804 0.2885607798165138 0.4319094036697248 0.3279816513761468 0.4534116972477064 0.34231651376146793 0.49641628440366975 0.32618979357798167 0.5197104357798166 0.2885607798165138 0.514334862385321 0.2652666284403669 0.4641628440366972 0.24197247706422015 0.4641628440366972 0.21509461009174308 0.46237098623853207 0.20792717889908258 0.4032396788990826 0.1918004587155963 0.34948394495412843 0.1918004587155963 0.2993119266055046 0.20792717889908258 0.2616829128440367
1 0.24197247706422015 0.49641628440366975 0.2652666284403669 0.5501720183486238 0.2724340596330275 0.5931766055045871 0.277809633027523 0.6558916284403669 0.28676892201834864 0.6917287844036697 0.30468749999999994 0.7060636467889909 0.331565366972477 0.7454845183486238 0.3279816513761468 0.7651949541284404 0.3387327981651376 0.801032110091743 0.36740252293577985 0.801032110091743 0.3942803899082568 0.8153669724770642 0.3763618119266055 0.8386611238532109 0.3656106651376147 0.8601634174311927 0.35665137614678893 0.8870412844036697 0.3584432339449541 0.9157110091743119 0.36023509174311924 0.9336295871559632 0.344108371559633 0.9461725917431192 0.331565366972477 0.9587155963302751 0.31902236238532106 0.9533400229357798 0.3064793577981651 0.9354214449541285 0.28676892201834864 0.9515481651376148 0.28676892201834864 0.9694667431192661 0.2813933486238532 0.9873853211009174 0.25630733944954126 0.9963446100917432 0.20971903669724773 0.994552752293578 0.21509461009174308 0.9479644495412844 0.20255160550458712 0.8942087155963303 0.1846330275229358 0.8691227064220184 0.18284116972477066 0.8332855504587156 0.188216743119266 0.7759461009174311 0.20255160550458712 0.7490682339449541 0.20971903669724773 0.709647362385321 0.19538417431192662 0.680977637614679 0.19359231651376146 0.6612672018348624 0.20613532110091742 0.5824254587155964 0.21688646788990823 0.5394208715596329 0.22763761467889904 0.5107511467889909
1 0.7042717889908257 0.19896788990825692 0.7006880733944953 0.24018061926605505 0.7060636467889907 0.2688503440366973 0.736525229357798 0.3028956422018349 0.7401089449541283 0.3226060779816514 0.7616112385321101 0.34769208715596334 0.7723623853211008 0.3656106651376147 0.786697247706422 0.38352924311926606 0.7938646788990824 0.4068233944954129 0.8028239678899081 0.43370126146788995 0.8081995412844036 0.473122133027523 0.813575114678899 0.5 0.8189506880733943 0.5304615825688073 0.8046158256880733 0.577049885321101 0.8046158256880733 0.5967603211009174 0.8637471330275228 0.6558916284403669 0.8762901376146788 0.6702264908256881 0.9085435779816513 0.6738102064220184 0.9407970183486238 0.6666427752293578 0.9497563073394495 0.6110951834862386 0.9479644495412842 0.5752580275229358 0.9838016055045871 0.5555475917431192 0.998046875 0.50141556766055 0.9945527522935778 0.37815366972477066 0.9533400229357798 0.35306766055045874 0.9300458715596329 0.29752006880733944 0.9282540137614679 0.25809919724770647 0.9390051605504586 0.2365969036697248 0.9712586009174311 0.19180045871559637 0.998046875 0.15012981014271148 0.998046875 0.10041571100917435 0.9927608944954127 0.016198394495412882 0.9784260321100917 0.001863532110091784 0.906751720183486 7.167431192664497e-05 0.9063455657492351 0.0 0.8529959862385319 0.039492545871559676 0.8297018348623852 0.07174598623853215 0.7920728211009174 0.10579128440366975 0.7669868119266054 0.12550172018348627 0.7347333715596329 0.1559633027522936
2 0.47849770642201833 0.10399942660550462 0.5645068807339448 0.1075831422018349 0.6343893348623852 0.11116685779816518 0.6899369266055044 0.10937500000000003 0.7454845183486238 0.10579128440366975 0.7705705275229358 0.11116685779816518 0.736525229357798 0.13804472477064222 0.722190366972477 0.15237958715596334 0.709647362385321 0.173881880733945 0.6809776376146788 0.1756737385321101 0.6236381880733943 0.16671444954128445 0.5949684633027521 0.1756737385321101 0.6308056192660549 0.1792574541284404 0.6218463302752293 0.19896788990825692 0.6128870412844036 0.21509461009174313 0.6146788990825687 0.23480504587155965 0.6146788990825687 0.25451548165137616 0.6146788990825687 0.27064220183486243 0.6254300458715596 0.2939363532110092 0.6523079128440366 0.29752006880733944 0.6917287844036697 0.28139334862385323 0.707855504587156 0.29035263761467894 0.7293577981651376 0.3136467889908257 0.7544438073394495 0.35844323394495414 0.7634030963302751 0.3817373853211009 0.7777379587155961 0.40861525229357804 0.7723623853211008 0.4175745412844037 0.7419008027522935 0.41219896788990823 0.7203985091743119 0.42653383027522934 0.7186066513761467 0.45520355504587157 0.7150229357798163 0.48208142201834864 0.7132310779816513 0.5107511467889909 0.7132310779816513 0.5340452981651376 0.7132310779816513 0.5627150229357798 0.7419008027522935 0.589592889908257 0.7580275229357798 0.589592889908257 0.7777379587155961 0.5824254587155964 0.7831135321100917 0.5555475917431192 0.7831135321100917 0.5286697247706422 0.7831135321100917 0.5071674311926606 0.7849053899082568 0.48566513761467894 0.7831135321100917 0.460579128440367 0.7831135321100917 0.4247419724770642 0.8046158256880733 0.4641628440366972 0.8028239678899081 0.4838732798165138 0.801032110091743 0.5071674311926606 0.801032110091743 0.5215022935779816 0.799240252293578 0.5412127293577982 0.7956565366972477 0.5537557339449541 0.7938646788990824 0.5698824541284404 0.7938646788990824 0.5931766055045871 0.8028239678899081 0.618262614678899 0.815366972477064 0.6308056192660549 0.82790997706422 0.6469323394495412 0.8619552752293578 0.6756020642201834 0.9121272935779816 0.6917287844036697 0.9390051605504586 0.6791857798165137 0.9587155963302751 0.6576834862385321 0.9587155963302751 0.6021358944954129 0.9748423165137614 0.5698824541284404 0.998046875 0.5698824541284404 0.998046875 0.6361811926605505 0.998046875 0.693520642201835 0.9569237385321099 0.682769495412844 0.9443807339449539 0.707855504587156 0.9461725917431192 0.7347333715596329 0.917502866972477 0.7490682339449541 0.9085435779816513 0.7813216743119267 0.9121272935779816 0.8171588302752293 0.9103354357798163 0.8458285550458715 0.8995842889908257 0.8816657110091743 0.8977924311926604 0.9121272935779816 0.9264621559633026 0.9336295871559632 0.9390051605504586 0.9533400229357798 0.9658830275229358 0.9551318807339451 0.9658830275229358 0.9873853211009174 0.9872061353211008 0.998046875 0.7687786697247705 0.998046875 0.6756020642201834 0.998046875 0.6702264908256881 0.8601634174311927 0.7508600917431192 0.8476204128440368 0.7813216743119265 0.8512041284403669 0.7902809633027521 0.8207425458715596 0.7795298165137614 0.7472763761467889 0.7741542431192661 0.709647362385321 0.7526519495412842 0.697104357798165 0.7060636467889907 0.6881450688073394 0.6576834862385321 0.7024799311926606 0.6433486238532109 0.7311496559633028 0.6487241972477062 0.7723623853211008 0.6487241972477062 0.8046158256880733 0.6505160550458715 0.8297018348623852 0.6523079128440366 0.8512041284403669 0.6630590596330275 0.9013761467889909 0.6630590596330275 0.9533400229357798 0.6630590596330275 0.9909690366972477 0.6272219036697246 0.9784260321100917 0.5860091743119265 0.9909690366972477 0.5716743119266054 0.9121272935779816 0.5860091743119265 0.8476204128440368 0.5967603211009174 0.8225344036697249 0.5967603211009174 0.7902809633027523 0.5949684633027521 0.7490682339449541 0.5860091743119265 0.7150229357798166 0.6021358944954127 0.5483801605504588 0.6343893348623852 0.5483801605504588 0.6451404816513762 0.3548595183486239 0.6361811926605503 0.3226060779816514 0.6003440366972477 0.2885607798165138 0.5878010321100917 0.28139334862385323 0.5752580275229358 0.25809919724770647 0.5250860091743119 0.2563073394495413 0.487456995412844 0.24555619266055045 0.5089592889908257 0.21330275229357798 0.5519638761467889 0.2222620412844037 0.5645068807339448 0.20255160550458717 0.5627150229357798 0.1846330275229358 0.5286697247706422 0.173881880733945 0.5035837155963303 0.1792574541284404 0.4982081422018348 0.21151089449541288 0.4802895642201835 0.21688646788990829 0.4802895642201835 0.19000860091743121 0.46237098623853207 0.1595470183486239 0.4534116972477064 0.13266915137614682
2 0.5645068807339448 0.8744982798165137 0.526877866972477 0.8727064220183487 0.5107511467889907 0.8727064220183487 0.487456995412844 0.8243262614678899 0.49283256880733944 0.7795298165137614 0.4695384174311927 0.8099913990825689 0.4534116972477064 0.8440366972477065 0.4462442660550458 0.7795298165137614 0.4462442660550458 0.7293577981651376 0.4211582568807339 0.707855504587156 0.3763618119266055 0.707855504587156 0.36023509174311924 0.6594753440366972 0.277809633027523 0.5286697247706422 0.2580991972477064 0.5035837155963303 0.277809633027523 0.5931766055045871 0.28318520642201833 0.6433486238532109 0.29035263761467894 0.6738102064220184 0.3279816513761468 0.7239822247706422 0.34590022935779813 0.7562356651376148 0.3476920871559633 0.7831135321100917 0.37815366972477066 0.7938646788990826 0.4104071100917431 0.8171588302752293 0.39248853211009177 0.8404529816513762 0.37456995412844035 0.878081995412844 0.3727780963302752 0.9282540137614679 0.3620269495412844 0.9605074541284404 0.32260607798165136 0.9694667431192661 0.3100630733944954 0.9497563073394495 0.28591778956422015 0.998046875 0.5806336009174311 0.998046875
2 0.9927608944954127 0.19538417431192662 0.998046875 0.20595613532110116 0.998046875 0.28139334862385323 0.998046875 0.36381880733944955 0.9694667431192658 0.35306766055045874 0.9425888761467889 0.31723050458715596 0.9425888761467889 0.2509317660550459 0.9730504587155961 0.19180045871559637 0.998046875 0.165137614678899
2 0.3038194444444445 0.25540865384615385 0.441539797008547 0.25457398504273504 0.4674145299145299 0.25624332264957267 0.4749265491452992 0.23788060897435898 0.48828125000000006 0.22536057692307693 0.4849425747863248 0.2412192841880342 0.4891159188034188 0.25457398504273504 0.4999666132478633 0.2620860042735043 0.5016359508547009 0.27460603632478636 0.5016359508547009 0.29630742521367526 0.500801282051282 0.3104967948717949 0.4966279380341881 0.3180088141025641 0.4832732371794872 0.32719017094017094 0.47659588675213677 0.3296941773504274 0.4774305555555556 0.339710202991453 0.4565638354700855 0.3447182158119658 0.4048143696581197 0.34638755341880345 0.38227831196581197 0.3447182158119658 0.37059294871794873 0.3797743055555556 0.36391559829059833 0.4532251602564103 0.3597422542735043 0.5258413461538461 0.37226228632478636 0.6068042200854701 0.37476629273504275 0.6209935897435898 0.3138354700854701 0.5258413461538461 0.348056891025641 0.5049746260683761 0.34638755341880345 0.4807692307692308 0.32885950854700857 0.44487847222222227 0.3113314636752137 0.43653178418803423 0.288795405982906 0.4206730769230769 0.27293669871794873 0.4023103632478633 0.2679286858974359 0.35640357905982906 0.2829527243589744 0.3230168269230769
2 0.730364664968652 0.427905809169279 0.7312830623040752 0.46219264302507834 0.7511816712382445 0.46249877547021945 0.7502632739028213 0.4312732660658307
2 0.7566920552507836 0.4294364713949843 0.7747538695141066 0.43004873628526646 0.7738354721786834 0.4569883914576802 0.7573043201410659 0.46066198079937304
2 0.7306707974137931 0.4787237950626959 0.7462835521159874 0.4796421923981191 0.748732611677116 0.5127044964733543 0.730364664968652 0.516071953369906
2 0.7548552605799373 0.48086672217868337 0.7765906641849529 0.4811728546238244 0.7762845317398119 0.5151535560344828 0.7554675254702194 0.516071953369906
2 0.7331198569749217 0.5322969729623824 0.72975240007837 0.5638286148119123 0.7343443867554859 0.5748493828369906 0.7447528898902821 0.5828088264106583 0.7496510090125392 0.5757677801724138 0.7484264792319749 0.553420111677116 0.7484264792319749 0.5329092378526645 0.7355689165360502 0.530154045846395 0.7364873138714734 0.530460178291536
1 0.7542429956896551 0.5329092378526645 0.7551613930250783 0.5629102174764891 0.7750600019592476 0.5635224823667712 0.7738354721786834 0.5298479134012539
5 0.3096081637596899 0.001498909883720944 0.5026495881782945 0.001498909883720944 0.5450429990310077 0.05373364825581396 0.6169603924418604 0.06054687500000001 0.6570827277131783 0.05373364825581396 0.6707091812015503 0.06054687500000001 0.6737372819767442 0.0923419331395349 0.7327852470930233 0.09461300872093024 0.7857770106589147 0.0938559835271318 0.8077307412790697 0.07720142926356591 0.7835059350775193 0.07341630329457366 0.7698794815891473 0.06054687500000001 0.8137869428294573 0.05827579941860466 0.8228712451550387 0.07644440406976746 0.8024315649224806 0.0953700339147287 0.7782067587209303 0.10899648740310079 0.6858496850775193 0.10521136143410854 0.6419422238372093 0.10369731104651164 0.5669967296511628 0.0999121850775194 0.5314165455426356 0.0923419331395349 0.5367157218992248 0.07114522771317831 0.5102198401162791 0.06130390019379846 0.47312560562015504 0.055247698643410864 0.466312378875969 0.018153464147286837
5 0.22653345724907065 0.4726707713754647 0.26356296468401486 0.47339684014869887 0.2788104089219331 0.49663104089219334 0.2867971654275093 0.5169609665427509 0.3034967472118959 0.5234955855018587 0.31511384758364314 0.5365648234200744 0.33181342936802977 0.5663336431226766 0.35069121747211895 0.593198187732342 0.3710211431226766 0.6178845260223048 0.3790078996282528 0.6505576208178439 0.3819121747211896 0.6890392657992566 0.35432156133828996 0.6469272769516728 0.33689591078066916 0.611349907063197 0.30277067843866173 0.553264405204461 0.2759061338289963 0.5205913104089219 0.2577544144981413 0.4973571096654275 0.22798559479553904 0.49445283457249073
0 0.002418154761904767 0.0008680555555555594 0.22253224206349204 0.002418154761904767 0.30313740079365076 0.03031994047619048 0.296937003968254 0.2302827380952381 0.23958333333333331 0.2101314484126984 0.22563244047619052 0.2318328373015873 0.17757936507936506 0.2814360119047619 0.17447916666666669 0.3263888888888889 0.1853298611111111 0.3759920634920635 0.20238095238095238 0.43179563492063494 0.21168154761904762 0.48759920634920634 0.21013144841269843 0.523251488095238 0.2008308531746032 0.5620039682539683 0.18998015873015878 0.605406746031746 0.17912946428571436 0.6596602182539683 0.1853298611111111 0.6968625992063492 0.19153025793650796 0.7154637896825397 0.19308035714285715 0.7325148809523809 0.17602926587301587 0.7604166666666666 0.16827876984126988 0.8131200396825397 0.17912946428571436 0.890625 0.199280753968254 0.9123263888888888 0.20238095238095238 0.9758804563492063 0.18991234188988104 0.998046875 0.0 0.998046875
