1 0.6242404513888888 0.2688802083333333 0.6057942708333333 0.2732204861111111 0.6101345486111112 0.294921875 0.6242404513888888 0.29166666666666663
1 0.5786675347222223 0.2981770833333333 0.5873480902777779 0.28190104166666663 0.5775824652777779 0.265625 0.5580512152777779 0.2808159722222222
1 0.5374348958333334 0.31119791666666663 0.5461154513888888 0.3036024305555555 0.5330946180555556 0.29166666666666663 0.5146484375 0.3003472222222222 0.5092230902777778 0.30902777777777773 0.5254991319444444 0.32096354166666663
1 0.5092230902777778 0.35026041666666663 0.5341796875 0.3372395833333333 0.5211588541666667 0.3274739583333333 0.507052951388889 0.3263888888888889 0.4896918402777778 0.33072916666666663
1 0.6578776041666667 0.30143229166666663 0.6633029513888888 0.3231336805555555 0.6904296875 0.30902777777777773 0.6882595486111112 0.2905815972222222
1 0.7327473958333333 0.6453993055555556 0.5721571180555556 0.7864583333333333 0.6491970486111112 0.8244357638888888 0.7674696180555556 0.8385416666666666 0.8597005208333333 0.8700086805555555 0.9606119791666667 0.9329427083333333 0.9975043402777779 0.9947916666666666 0.998046875 0.991807725694445 0.998046875 0.9405381944444444 0.9638671875 0.8504774305555555 0.9139539930555556 0.790798611111111 0.8868272569444444 0.7593315972222222 0.8564453125 0.7680121527777778 0.8683810763888888 0.7300347222222222 0.8282335069444444 0.6812065972222222 0.8369140625 0.7180989583333333 0.8217230902777779 0.75390625 0.7718098958333333 0.7788628472222222 0.7316623263888888 0.7582465277777778 0.7164713541666667 0.732204861111111 0.7544487847222223 0.7018229166666666 0.7707248263888888 0.6822916666666666 0.7620442708333333 0.6508246527777778
1 0.5613064236111112 0.470703125 0.4799262152777778 0.4207899305555555 0.4452039930555556 0.3980034722222222 0.43435329861111116 0.3708767361111111 0.4408637152777778 0.3426649305555555 0.4571397569444444 0.3198784722222222 0.5016276041666667 0.2775607638888889 0.5851779513888888 0.22981770833333334 0.6622178819444444 0.1875 0.6600477430555556 0.2092013888888889 0.5819227430555556 0.24392361111111113 0.5504557291666667 0.26236979166666663 0.5547960069444444 0.27213541666666663 0.5374348958333334 0.2840711805555555 0.5200737847222222 0.2775607638888889 0.47233072916666674 0.3198784722222222 0.4603949652777778 0.3448350694444444 0.4517144097222222 0.37955729166666663 0.4799262152777778 0.40668402777777773 0.5396050347222222 0.43598090277777773 0.5732421875 0.4587673611111111
1 0.5537109375 0.4446614583333333 0.6806640625 0.4403211805555555 0.7088758680555556 0.4273003472222222 0.7218967013888888 0.38932291666666663 0.7273220486111112 0.3513454861111111 0.7197265625 0.32855902777777773 0.7349175347222223 0.3177083333333333 0.7262369791666667 0.3003472222222222 0.7110460069444444 0.2970920138888889 0.6991102430555556 0.30902777777777773 0.6958550347222223 0.3274739583333333 0.7110460069444444 0.3524305555555555 0.7034505208333333 0.3958333333333333 0.6893446180555556 0.421875 0.6340060763888888 0.42838541666666663 0.5786675347222223 0.4294704861111111
1 0.6470269097222223 0.4207899305555555 0.5775824652777779 0.4077690972222222 0.5515407986111112 0.4077690972222222 0.5244140625 0.392578125 0.526584201388889 0.3708767361111111 0.47884114583333337 0.36328125 0.4647352430555556 0.3665364583333333 0.46365017361111116 0.3784722222222222 0.4853515625 0.38932291666666663 0.5048828125 0.40885416666666663 0.5450303819444444 0.4294704861111111 0.6068793402777779 0.4251302083333333
1 0.6915147569444444 0.17122395833333334 0.6361762152777779 0.2927517361111111 0.6448567708333333 0.29926215277777773 0.6969401041666667 0.20703125 0.6969401041666667 0.22547743055555555 0.7186414930555556 0.19509548611111113 0.7392578125 0.1527777777777778 0.7218967013888888 0.15711805555555558
1 0.7761501736111112 0.08116319444444446 0.7403428819444444 0.06922743055555557 0.7509932558760684 1.3877787807814457e-17 0.7859157986111112 0.0008680555555555677
1 0.7479383680555556 0.3068576388888889 0.7631293402777779 0.3122829861111111 0.7685546875 0.3556857638888889 0.7728949652777779 0.40234375 0.7815755208333333 0.3958333333333333 0.7804904513888888 0.3415798611111111 0.7696397569444444 0.2938368055555555 0.7414279513888888 0.2938368055555555
1 0.5819227430555556 0.44791666666666663 0.5840928819444444 0.46744791666666663 0.6003689236111112 0.4761284722222222 0.5981987847222223 0.5325520833333333 0.5981987847222223 0.5390625 0.6242404513888888 0.5444878472222222 0.6643880208333333 0.5412326388888888 0.6936848958333333 0.536892361111111 0.6893446180555556 0.5499131944444444 0.7370876736111112 0.5499131944444444 0.7414279513888888 0.4837239583333333 0.7403428819444444 0.4370659722222222 0.6969401041666667 0.4446614583333333 0.6665581597222223 0.44140625 0.6155598958333333 0.4446614583333333
1 0.5678168402777779 0.47721354166666663 0.5808376736111112 0.5010850694444444 0.5623914930555556 0.5575086805555556 0.5656467013888888 0.568359375 0.5873480902777779 0.5531684027777778 0.5916883680555556 0.5065104166666666 0.5873480902777779 0.4717881944444444 0.5775824652777779 0.46527777777777773
0 0.7284071180555556 0.0008680555555555677 0.7501085069444444 0.0019531250000000126 0.7338324652777779 0.09852430555555557 0.7110460069444444 0.15711805555555558 0.6806640625 0.17881944444444445 0.6763237847222223 0.20052083333333334 0.6698133680555556 0.19292534722222224 0.6589626736111112 0.1896701388888889 0.6296657986111112 0.20486111111111113 0.5580512152777779 0.2384982638888889 0.49837239583333337 0.2732204861111111 0.4517144097222222 0.3198784722222222 0.4354383680555556 0.3470052083333333 0.43001302083333337 0.3665364583333333 0.4506293402777778 0.40885416666666663 0.4853515625 0.42621527777777773 0.5515407986111112 0.46744791666666663 0.5678168402777779 0.4934895833333333 0.5656467013888888 0.5325520833333333 0.5504557291666667 0.5509982638888888 0.5211588541666667 0.5716145833333333 0.44954427083333337 0.587890625 0.3388671875 0.5824652777777778 0.2650824652777778 0.5824652777777778 0.21082899305555558 0.5889756944444444 0.17502170138888895 0.5944010416666666 0.1435546875 0.6128472222222222 0.12510850694444453 0.6399739583333333 0.13053385416666674 0.673611111111111 0.14463975694444453 0.693142361111111 0.21408420138888895 0.6974826388888888 0.3280164930555556 0.6888020833333333 0.4180772569444444 0.6920572916666666 0.47884114583333337 0.7137586805555556 0.5200737847222222 0.7387152777777778 0.5699869791666667 0.7842881944444444 0.6068793402777779 0.8081597222222222 0.6687282986111112 0.829861111111111 0.7924262152777779 0.8472222222222222 0.8879123263888888 0.8851996527777778 0.9660373263888888 0.9427083333333333 0.9866536458333333 0.9850260416666666 0.9936648637820513 0.998046875 0.9530164930555556 0.9969618055555555 0.9475911458333333 0.9741753472222222 0.9258897569444444 0.9503038194444444 0.9150390625 0.9361979166666666 0.8781467013888888 0.919921875 0.8466796875 0.8993055555555555 0.7772352430555556 0.8776041666666666 0.6784939236111112 0.8483072916666666 0.6188151041666667 0.8407118055555555 0.5689019097222223 0.822265625 0.5352647569444444 0.7875434027777778 0.4810112847222222 0.741970486111111 0.4354383680555556 0.7191840277777778 0.3963758680555556 0.7083333333333333 0.32150607638888895 0.7083333333333333 0.2260199652777778 0.7170138888888888 0.1435546875 0.7202690972222222 0.09255642361111116 0.6877170138888888 0.08930121527777779 0.6421440972222222 0.09255642361111116 0.6117621527777778 0.10666232638888895 0.5998263888888888 0.13704427083333337 0.5824652777777778 0.1869574652777778 0.5672743055555556 0.2650824652777778 0.5575086805555556 0.3887803819444444 0.5618489583333333 0.46256510416666674 0.5640190972222222 0.516818576388889 0.5444878472222222 0.5450303819444444 0.5141059027777778 0.536349826388889 0.4880642361111111 0.5113932291666667 0.4641927083333333 0.44845920138888895 0.4294704861111111 0.42350260416666674 0.40668402777777773 0.4126519097222222 0.3838975694444444 0.40939670138888895 0.3611111111111111 0.4180772569444444 0.333984375 0.4354383680555556 0.3068576388888889 0.46256510416666674 0.2786458333333333 0.5157335069444444 0.236328125 0.6188151041666667 0.1875 0.6839192708333333 0.14626736111111113 0.7110460069444444 0.10503472222222224 0.7229817708333333 0.05186631944444446 0.7262369791666667 0.019314236111111122
3 0.5786675347222223 0.3350694444444444 0.5710720486111112 0.3654513888888889 0.6318359375 0.37521701388888884 0.6383463541666667 0.3394097222222222 0.5916883680555556 0.3318142361111111
3 0.6578776041666667 0.3665364583333333 0.6513671875 0.3806423611111111 0.6925998263888888 0.3882378472222222 0.7012803819444444 0.3687065972222222 0.7045355902777779 0.3470052083333333 0.6817491319444444 0.3459201388888889 0.6622178819444444 0.3426649305555555
0 0.7273220486111112 0.39691840277777773 0.7761501736111112 0.4207899305555555 0.7739800347222223 0.4273003472222222 0.7566189236111112 0.42838541666666663 0.7457682291666667 0.4197048611111111 0.7316623263888888 0.41427951388888884
0 0.5895182291666667 0.294921875 0.6350911458333333 0.29926215277777773 0.6394314236111112 0.31879340277777773 0.6633029513888888 0.3253038194444444 0.6633029513888888 0.34375 0.6491970486111112 0.37738715277777773 0.6361762152777779 0.3784722222222222 0.6437717013888888 0.3567708333333333 0.6459418402777779 0.34375 0.6416015625 0.3350694444444444 0.6274956597222223 0.3296440972222222 0.6285807291666667 0.3220486111111111 0.6188151041666667 0.3198784722222222 0.6047092013888888 0.31879340277777773 0.6014539930555556 0.3263888888888889 0.5938585069444444 0.3263888888888889 0.5884331597222223 0.3220486111111111 0.5895182291666667 0.3177083333333333 0.5764973958333333 0.3166232638888889 0.5732421875 0.32855902777777773 0.5526258680555556 0.3372395833333333 0.5428602430555556 0.3198784722222222 0.5656467013888888 0.3079427083333333
