4 0.55645751953125 0.1898651123046875 0.529754638671875 0.1997833251953125 0.4969482421875 0.1929168701171875 0.481689453125 0.2005462646484375 0.47711181640625 0.2287750244140625 0.4664306640625 0.2615814208984375 0.451171875 0.2646331787109375 0.43133544921875 0.2798919677734375 0.429046630859375 0.2898101806640625 0.436676025390625 0.2959136962890625 0.45880126953125 0.2974395751953125 0.453460693359375 0.3126983642578125 0.43896484375 0.3249053955078125 0.42523193359375 0.3432159423828125 0.4114990234375 0.3683929443359375 0.432098388671875 0.3867034912109375 0.44964599609375 0.3538970947265625 0.462615966796875 0.3249053955078125 0.479400634765625 0.2966766357421875 0.5 0.2722625732421875 0.505340576171875 0.2394561767578125 0.522125244140625 0.2165679931640625 0.551116943359375 0.2112274169921875 0.554931640625 0.2058868408203125
4 0.408447265625 0.3790740966796875 0.395477294921875 0.4301910400390625 0.39471435546875 0.4584197998046875 0.401580810546875 0.4721527099609375 0.416839599609375 0.4835968017578125 0.415313720703125 0.4912261962890625 0.40386962890625 0.4973297119140625 0.39471435546875 0.5148773193359375 0.389373779296875 0.5293731689453125 0.403106689453125 0.5759124755859375 0.39776611328125 0.5972747802734375 0.39776611328125 0.6232147216796875 0.3992919921875 0.6575469970703125 0.409210205078125 0.6438140869140625 0.420654296875 0.6270294189453125 0.432098388671875 0.6003265380859375 0.422943115234375 0.5827789306640625 0.40692138671875 0.5759124755859375 0.4053955078125 0.5591278076171875 0.4176025390625 0.5484466552734375 0.42218017578125 0.5179290771484375 0.424468994140625 0.4950408935546875 0.424468994140625 0.4729156494140625 0.429046630859375 0.4546051025390625 0.42828369140625 0.4439239501953125 0.41912841796875 0.4317169189453125 0.41607666015625 0.4103546142578125 0.420654296875 0.4034881591796875
4 0.99591064453125 0.7979278564453125 0.931060791015625 0.8322601318359375 0.8875732421875 0.8635406494140625 0.856292724609375 0.8887176513671875 0.835693359375 0.8917694091796875 0.8326416015625 0.9047393798828125 0.819671630859375 0.8887176513671875 0.813568115234375 0.8940582275390625 0.81890869140625 0.9070281982421875 0.81890869140625 0.9131317138671875 0.808990478515625 0.9116058349609375 0.8021240234375 0.8940582275390625 0.766265869140625 0.8910064697265625 0.751007080078125 0.9222869873046875 0.774658203125 0.9413604736328125 0.8021240234375 0.9405975341796875 0.842559814453125 0.9283905029296875 0.877655029296875 0.9199981689453125 0.91656494140625 0.9009246826171875 0.933349609375 0.8856658935546875 0.945556640625 0.8749847412109375 0.970733642578125 0.8726959228515625 0.98065185546875 0.8665924072265625 0.995147705078125 0.8627777099609375 1.0 0.8600049700055803
4 0.622833251953125 0.1555328369140625 0.622833251953125 0.1898651123046875 0.631988525390625 0.2180938720703125 0.644195556640625 0.2188568115234375 0.6556396484375 0.1883392333984375 0.65411376953125 0.1753692626953125
4 0.609100341796875 0.1387481689453125 0.604522705078125 0.1768951416015625 0.59613037109375 0.1761322021484375 0.593841552734375 0.1654510498046875 0.60223388671875 0.1471405029296875
4 0.703704833984375 0.1669769287109375 0.700653076171875 0.2081756591796875 0.764739990234375 0.2409820556640625 0.77008056640625 0.2257232666015625 0.760162353515625 0.1898651123046875 0.734222412109375 0.1929168701171875 0.73193359375 0.1868133544921875
4 0.810516357421875 0.2287750244140625 0.792205810546875 0.2684478759765625 0.8082275390625 0.2943878173828125 0.830352783203125 0.2867584228515625 0.823486328125 0.2638702392578125
4 0.841033935546875 0.3241424560546875 0.823486328125 0.3538970947265625 0.84332275390625 0.3683929443359375 0.847137451171875 0.3401641845703125
4 0.8173828125 0.5247955322265625 0.805938720703125 0.5095367431640625 0.801361083984375 0.5301361083984375 0.786865234375 0.5469207763671875 0.769317626953125 0.5469207763671875 0.762451171875 0.5690460205078125 0.773895263671875 0.5743865966796875 0.78533935546875 0.5682830810546875 0.801361083984375 0.5591278076171875 0.818145751953125 0.5530242919921875 0.8204345703125 0.5431060791015625
4 0.744903564453125 0.5644683837890625 0.743377685546875 0.5492095947265625 0.726593017578125 0.5446319580078125 0.7044677734375 0.5499725341796875 0.689208984375 0.5690460205078125 0.68463134765625 0.5850677490234375 0.68463134765625 0.6018524169921875 0.673187255859375 0.6209259033203125 0.668609619140625 0.6422882080078125 0.668609619140625 0.6552581787109375 0.697601318359375 0.6758575439453125 0.69378662109375 0.6537322998046875 0.69073486328125 0.6392364501953125 0.7105712890625 0.6224517822265625 0.7166748046875 0.6117706298828125 0.7197265625 0.5942230224609375 0.722015380859375 0.5743865966796875 0.73651123046875 0.5682830810546875
4 0.701416015625 0.7010345458984375 0.717437744140625 0.7986907958984375 0.703704833984375 0.7857208251953125 0.688446044921875 0.7971649169921875 0.693023681640625 0.7735137939453125 0.68463134765625 0.7384185791015625
4 0.722015380859375 0.8246307373046875 0.693023681640625 0.8467559814453125 0.71209716796875 0.8589630126953125 0.71820068359375 0.8627777099609375 0.71820068359375 0.8849029541015625 0.729644775390625 0.8955841064453125 0.738037109375 0.8910064697265625 0.74566650390625 0.8948211669921875 0.7532958984375 0.8841400146484375 0.744140625 0.8650665283203125
4 0.451171875 0.9543304443359375 0.43438720703125 0.9856109619140625 0.433624267578125 0.9970550537109375 0.45269775390625 0.9962921142578125 0.45574951171875 0.9634857177734375
4 0.430572509765625 0.9245758056640625 0.422943115234375 0.8131866455078125 0.4298095703125 0.8093719482421875 0.439727783203125 0.8360748291015625 0.454986572265625 0.7994537353515625 0.46185302734375 0.8040313720703125 0.46795654296875 0.8665924072265625 0.45880126953125 0.8673553466796875 0.447357177734375 0.8749847412109375 0.453460693359375 0.9077911376953125 0.454986572265625 0.9154205322265625 0.44964599609375 0.9222869873046875
4 0.4053955078125 0.6605987548828125 0.418365478515625 0.7750396728515625 0.438201904296875 0.7597808837890625 0.43133544921875 0.7437591552734375 0.43743896484375 0.7307891845703125 0.43438720703125 0.7094268798828125 0.439727783203125 0.6979827880859375 0.439727783203125 0.6827239990234375 0.4359130859375 0.6766204833984375 0.4176025390625 0.6865386962890625 0.412261962890625 0.6728057861328125
2 0.593574155948553 0.014444332797427654 0.55024115755627 0.007536173633440515 0.5270046221864952 0.035796824758842445 0.5106762459807074 0.06908159163987139 0.5069081591639871 0.10676245980707395 0.505024115755627 0.18966036977491962 0.5571493167202572 0.18714831189710612 0.5571493167202572 0.13502311093247588 0.5653135048231511 0.08540996784565917 0.5860379823151125 0.06405747588424437 0.591690112540193 0.034540795819935695 0.591690112540193 0.022608520900321543
2 0.5828979099678456 0.30144694533762056 0.5653135048231511 0.27130225080385856 0.5489851286173633 0.29391077170418006 0.5295166800643087 0.29893488745980706 0.5144443327974276 0.3516881028938907 0.5025120578778135 0.39878918810289393 0.5270046221864952 0.3460359726688103 0.5923181270096463 0.3146352491961415
2 0.6073904742765273 0.8076266077170419 0.5722216639871383 0.9960309485530547 0.5420769694533762 0.9979149919614149 0.5314007234726688 0.9470458199356914 0.5389368971061093 0.8811043006430869 0.5690815916398714 0.8773362138263666 0.5854099678456592 0.8427954180064309 0.5797578376205788 0.8252110128617364 0.588550040192926 0.7944383038585209 0.5948301848874598 0.791298231511254 0.6029943729903537 0.8026024919614149
5 0.5288886655948553 0.7328928858520901 0.5043961012861736 0.7002361334405145 0.5087922025723473 0.639318729903537 0.5006280144694534 0.580913384244373 0.4930918408360129 0.5162278938906752 0.4930918408360129 0.47163886655948556 0.5056521302250804 0.4226537379421222 0.5094202170418006 0.40067323151125406 0.5188404340836013 0.36613243569131837 0.530144694533762 0.3466639871382637 0.5665695337620579 0.3303356109324759 0.5615454180064309 0.3466639871382637 0.5521252009646302 0.36864449356913187 0.5590333601286174 0.3937650723472669 0.5602893890675241 0.40820940514469456 0.5659415192926045 0.42642182475884244 0.5822698954983923 0.43458601286173637 0.5960862138263665 0.44023814308681675 0.606762459807074 0.4465182877813505 0.6507234726688103 0.4992715032154341 0.651979501607717 0.5143438504823151 0.6387911977491961 0.5287881832797428 0.616810691318328 0.5281601688102894 0.59671422829582 0.5746332395498392 0.5929461414790997 0.5878215434083601 0.568453577170418 0.6518790192926045 0.5514971864951768 0.712796422829582
3 0.5923181270096463 0.601009847266881 0.5979702572347267 0.6255024115755627 0.6180667202572347 0.5903336012861736 0.6186947347266881 0.5576768488745981 0.608646503215434 0.5589328778135049
2 0.5891780546623795 0.6072899919614149 0.5577773311897106 0.7058882636655949 0.586665996784566 0.7090283360128617 0.6080184887459807 0.7335209003215435 0.6073904742765273 0.712796422829582 0.6142986334405145 0.6807676848874599 0.6029943729903537 0.6474829180064309 0.6029943729903537 0.6330385852090032 0.5954581993569132 0.6280144694533762
2 0.6576316318327975 0.008792202572347268 0.6444433279742765 0.12497487942122187 0.6293709807073955 0.12309083601286173 0.6394192122186495 0.0 0.6582596463022508 0.0006280144694533762
0 0.6230908360128617 0.0012560289389067524 0.608646503215434 0.18149618167202572 0.6199507636655949 0.185264268488746 0.621834807073955 0.14444332797427653 0.6350231109324759 0.0018840434083601287
0 0.655119573954984 0.5181119372990354 0.6595156752411575 0.5281601688102894 0.6733319935691318 0.5294161977491961 0.6871483118971061 0.5269041398713826 0.7034766881028939 0.5137158360128617 0.7128969051446945 0.5036676045016077 0.7110128617363344 0.47917504019292606 0.6915444131832797 0.4609626205787781 0.685264268488746 0.4433782154340836 0.655119573954984 0.3510600884244373 0.6387911977491961 0.3114951768488746 0.6299989951768489 0.3008189308681672 0.6174387057877814 0.28197849678456594 0.6111585610932475 0.28197849678456594 0.6029943729903537 0.31589127813504825 0.5910620980707395 0.3290795819935691 0.5904340836012862 0.33535972668810293 0.6155546623794212 0.3516881028938907 0.6237188504823151 0.3642483922829582 0.6186947347266881 0.3912530144694534 0.6186947347266881 0.4220257234726688 0.6186947347266881 0.4333299839228296 0.613670618971061 0.43961012861736337 0.6124145900321543 0.4433782154340836 0.613670618971061 0.45028637459807075 0.6557475884244373 0.49801547427652737
1 0.5847819533762058 0.3359877411575563 0.5659415192926045 0.35043207395498394 0.5590333601286174 0.3642483922829582 0.5602893890675241 0.3849728697749196 0.5653135048231511 0.40318528938906756 0.5671975482315113 0.41888565112540194 0.5898060691318328 0.4308179260450161 0.6055064308681672 0.4358420418006431 0.6111585610932475 0.42956189710610937 0.6142986334405145 0.4000452170418007 0.6174387057877814 0.375552652733119 0.6149266479099678 0.35796824758842444 0.5960862138263665 0.34540795819935693
3 0.670191921221865 0.2593699758842444 0.6444433279742765 0.2782104099678457 0.6482114147909968 0.2882586414790997 0.6325110530546624 0.2951668006430868 0.6400472266881029 0.30521503215434087 0.6582596463022508 0.3491760450160772 0.690288384244373 0.4465182877813505 0.6953125 0.4571945337620579 0.7160369774919615 0.4785470257234727 0.725457194533762 0.4710108520900322 0.7172930064308682 0.46410269292604506 0.7078727893890675 0.46410269292604506 0.7028486736334405 0.4565665192926045 0.7059887459807074 0.4433782154340836 0.7097568327974276 0.45028637459807075 0.7417855707395498 0.41825763665594856 0.7399015273311897 0.41386153536977494 0.7311093247588425 0.42390976688102894 0.7223171221864952 0.3931370578778135 0.7179210209003215 0.37366860932475887 0.7179210209003215 0.36048030546623794 0.7172930064308682 0.33724377009646306 0.7097568327974276 0.30207495980707394 0.6909163987138264 0.2901426848874598 0.6789841237942122 0.2807224678456592 0.6733319935691318 0.2681621784565916
1 0.5461887668918919 0.0 0.5230943834459459 0.03283361486486486 0.5039590371621622 0.07110430743243243 0.5 0.10739548141891891 0.5 0.1826171875 0.48020481418918914 0.19449429898648649 0.4630489864864865 0.25519953547297297 0.45249155405405406 0.25783889358108103 0.42873733108108103 0.27499472128378377 0.4234586148648649 0.2908308699324324 0.43137668918918914 0.2974292652027027 0.45249155405405406 0.30072846283783783 0.44391364020270274 0.3132654138513513 0.42543813344594594 0.3310810810810811 0.41290118243243246 0.35219594594594594 0.4056429476351351 0.3713312922297297 0.39838471283783783 0.40102407094594594 0.3924461570945946 0.43137668918918914 0.3898067989864865 0.46502850506756754 0.41026182432432434 0.4854835304054054 0.40432326858108103 0.48944256756756754 0.3845280827702703 0.5244140625 0.38914695945945943 0.5415698902027026 0.39772487331081086 0.5653241131756757 0.39772487331081086 0.5791807432432432 0.39508551520270274 0.598316089527027 0.39508551520270274 0.6286687077702703 0.39442567567567566 0.6596811655405406 0.4016839104729729 0.6682590793918919 0.4148807010135135 0.7784522804054054 0.4201594172297297 0.8246410472972973 0.426097972972973 0.9282358530405406 0.42807749155405406 0.998046875 0.001953125 0.998046875 0.001953125 0.0
1 0.6247096706081081 0.15226456925675677 0.6550622888513513 0.1727195945945946 0.6992715371621622 0.16480152027027029 0.7038904138513513 0.16084248310810811 0.7322635135135136 0.17997782939189189 0.7375422297297297 0.1872360641891892 0.7612964527027026 0.18459670608108109 0.7758129222972974 0.22484691722972974 0.7685546875 0.24068306587837837 0.7909892314189189 0.26311760979729726 0.8074852195945946 0.22022804054054054 0.8292599239864865 0.255859375 0.8351984797297297 0.2835726351351351 0.8365181587837838 0.2881915118243243 0.8094647381756757 0.3000686233108108 0.8200221706081081 0.353515625 0.842456714527027 0.3172244510135135 0.8530141469594594 0.3370196368243243 0.8497149493243243 0.37397065033783783 0.8193623310810811 0.36011402027027023 0.8114442567567568 0.5052787162162162 0.8266205658783784 0.5323321368243243 0.8246410472972974 0.5521273226351351 0.8015466638513513 0.5673036317567567 0.7731735641891893 0.5818201013513513 0.7586570945945945 0.5719225084459459 0.7632759712837838 0.5475084459459459 0.7500791807432432 0.549487964527027 0.7480996621621622 0.5692831503378378 0.7269847972972974 0.5805004222972973 0.7230257601351351 0.6108530405405406 0.695972339527027 0.6438450168918919 0.7025707347972974 0.6636402027027026 0.7032305743243243 0.6761771537162162 0.7032305743243243 0.6821157094594594 0.6636402027027026 0.6583614864864865 0.6801361908783784 0.7329233530405406 0.7005912162162162 0.6953125 0.7052100929054055 0.6953125 0.720386402027027 0.8008868243243243 0.7177470439189189 0.8041860219594594 0.7025707347972974 0.7916490709459459 0.6867345861486487 0.8035261824324325 0.6900337837837838 0.843776393581081 0.7230257601351351 0.8206820101351351 0.7566775760135136 0.8833667652027027 0.7454603040540541 0.8985430743243243 0.7382020692567568 0.8952438766891891 0.7316036739864865 0.9018422719594594 0.7494193412162162 0.9189980996621622 0.7659153293918919 0.8866659628378378 0.7995671452702703 0.891284839527027 0.8035261824324325 0.891284839527027 0.8106210443037974 0.9068433544303797 0.815565664556962 0.9068433544303797 0.8096321202531646 0.892998417721519 0.8195213607594937 0.8840981012658228 0.8303995253164557 0.8954707278481012 0.8348496835443038 0.886570411392405 0.8600672468354431 0.8776700949367088 0.9535205696202531 0.8114121835443038 1.0 0.7867642994099402 0.9967878919860627 0.0006805313588850174 0.6674107142857142 0.004083188153310105 0.6497168989547037 0.13134255226480837 0.6286204268292683 0.1299814895470383
1 0.6490363675958188 0.22185322299651566 0.6585638066202091 0.1912293118466899 0.659244337979094 0.17353549651567943 0.7000762195121951 0.16945230836236932 0.694631968641115 0.20824259581881532 0.7620045731707317 0.24363022648083624 0.7868492983028721 0.2661859497389034 0.8041877447780679 0.2983130711488251 0.8154067395561357 0.3544080450391645 0.8072474706266318 0.503824657310705 0.8031678361618799 0.506374428851175 0.797048384464752 0.5277925097911227 0.785829389686684 0.5436010933420365 0.7710407147519582 0.5441110476501305 0.7496226338120104 0.5461508648825065 0.7378936847258486 0.5456409105744126 0.7236149640992167 0.5420712304177546 0.7037267460835509 0.5456409105744126 0.694547568537859 0.5573698596605744 0.686388299608355 0.5685888544386424 0.681798710835509 0.5879671181462142 0.6766991677545692 0.606835427545692 0.6680299445169713 0.6226440110966057 0.6634403557441253 0.6425322291122716 0.6598706755874673 0.6578308583550914 0.6746593505221932 0.7358538674934726 0.6833285737597912 0.7521724053524804 0.6874082082245431 0.7766502121409922 0.6853683909921671 0.797048384464752 0.681798710835509 0.8169366024804178 0.6843484823759791 0.8429442721932116 0.689957979765013 0.8546732212793734 0.7103561520887729 0.8643623531331592 0.7134158779373367 0.8806808909921672 0.7134158779373367 0.890879977154047 0.7735904862924282 0.9449351338120104 0.8072474706266318 0.9459550424281985 0.8567130385117494 0.9321862761096605 0.894959611618799 0.9184175097911227 0.9235170528720626 0.9010790633159269 0.9444251795039165 0.8822107539164491 1.0 0.8674248964088398 1.0 0.998046875 0.5762381690600522 0.997970381853786 0.6114250163185379 0.8041877447780679 0.59765625 0.78786920691906 0.5854173466057441 0.79041897845953 0.5741983518276762 0.8266257343342037 0.5787879406005222 0.8424343178851175 0.5675689458224542 0.8720116677545692 0.5385015502610966 0.8760913022193212 0.5288124184073106 0.7389135933420365 0.5548200881201044 0.7149457408616188 0.5599196312010444 0.7103561520887729 0.5828675750652741 0.7129059236292429 0.6042856560052219 0.7343240045691907 0.6124449249347258 0.7373837304177546 0.6175444680156658 0.6843484823759791 0.6088752447780679 0.6430421834203656 0.6083652904699739 0.6323331429503917 0.6047956103133159 0.6241738740208878 0.6216241024804177 0.5935766155352481 0.6226440110966057 0.5578798139686685 0.6206041938642297 0.5543101338120104 0.6104051077023498 0.5543101338120104 0.6180544223237598 0.5313621899477807 0.6323331429503916 0.5323820985639687 0.6415123204960835 0.5323820985639687 0.6496715894255874 0.5216730580939948 0.6542611781984333 0.5293223727154047 0.6690498531331592 0.5344219157963447 0.693527659921671 0.5283024640992168 0.7083163348563968 0.5160635607049608 0.7154556951697127 0.504844565926893 0.7164756037859008 0.4829165306788512 0.7317742330287206 0.47169753590078334 0.7210651925587467 0.4630283126631854 0.7078063805483028 0.45843872389033946 0.7072964262402088 0.4538491351174935 0.7098461977806788 0.4543590894255875 0.7470728622715405 0.4176423792428199 0.7414633648825064 0.407953247389034 0.7322841873368147 0.4156025620104439 0.7236149640992167 0.37123653720626637 0.7154556951697127 0.30035288838120106 0.7129059236292428 0.2962732539164491 0.6970973400783289 0.2876040306788512 0.681288756527415 0.2789348074412533 0.6721095789817232 0.25394704634464754 0.6654801729765012 0.25853663511749353 0.6440620920365535 0.27179544712793735 0.6394725032637075 0.27485517297650136 0.6420222748041775 0.28352439621409925 0.6308032800261096 0.2901538022193212 0.6221340567885117 0.27995471605744127 0.6180544223237598 0.2774049445169713 0.6093851990861618 0.27536512728459533 0.600715975848564 0.309532065926893 0.596126387075718 0.31106192885117495 0.5843974379895561 0.2967832082245431 0.5690988087467362 0.2687357212793734 0.5517603622715405 0.21519051892950392 0.5594096768929504 0.21060093015665796 0.5629793570496083 0.19071271214099217 0.5634893113577023 0.13716750979112272 0.5696087630548303 0.08566212467362926 0.588477072454308 0.06526395234986945 0.595616432767624 0.036196556788511754 0.596636341383812 0.01171875000000001 0.5522703165796344 0.004069435378590087 0.5522703165796344 0.0010097095300261188 0.6160146050913837 0.0015196638381201138 0.6190743309399478 0.005089343994778077 0.6088752447780679 0.13257792101827676 0.5996960672323759 0.14379691579634465 0.5910268439947781 0.16317517950391647 0.588987026762402 0.17235435704960836 0.5910268439947781 0.18051362597911227 0.6042856560052219 0.18051362597911227 0.6042856560052219 0.18306339751958225 0.6155046507832898 0.1871430319843342 0.6195842852480418 0.19479234660574413 0.6267236455613576 0.22232987924281986
1 0.5473537604456824 0.21707433844011143 0.5620430013927576 0.26495038300835655 0.5462656685236769 0.29106458913649025 0.5272240598885793 0.2965050487465181 0.5092705431754874 0.35471796657381616 0.49784557799442897 0.3987856894150418 0.4989336699164345 0.4047701949860724 0.5021979456824512 0.4178272980501393 0.49022893454038996 0.4657033426183844 0.49458130222841223 0.581041086350975 0.5032860376044568 0.6397980501392758 0.5000217618384402 0.7012752437325905 0.5245038300835654 0.7360941852367688 0.5315764275766017 0.877546135097493 0.5272240598885793 0.9471840181058496 0.5364728412256268 0.9977802924791087 0.4564980849582172 0.9977802924791087 0.4608504526462396 0.9645934888579387 0.45540999303621166 0.9520804317548747 0.44996953342618384 0.9482721100278552 0.43201601671309187 0.9809148676880223 0.429295786908078 0.9297745473537605 0.4510576253481894 0.925966225626741 0.45758617688022285 0.918349582172702 0.45921831476323116 0.9020282033426185 0.4526897632311977 0.8786342270194987 0.4586742688022284 0.8715616295264624 0.47281946378830086 0.8704735376044569 0.46520282033426186 0.7997475626740947 0.45758617688022285 0.7959392409470752 0.44996953342618384 0.796483286908078 0.44017670612813364 0.8285819986072424 0.4298398328690808 0.8019237465181058 0.42276723537604455 0.8073642061281338 0.41895891364902504 0.7817940459610028 0.4434409818941504 0.7594881615598886 0.436912430362117 0.7458870125348189 0.44235288997214484 0.7333739554317549 0.4390886142061281 0.7094359331476323 0.4450731197771588 0.6969228760445683 0.44235288997214484 0.6789693593314764 0.44017670612813364 0.6735288997214485 0.4331041086350975 0.6724408077994429 0.42113509749303624 0.6800574512534819 0.41351845403899723 0.6659122562674095 0.4102541782729805 0.6577515668523677 0.40753394846796653 0.6528551532033426 0.42276723537604455 0.6300052228412256 0.43473624651810583 0.603891016713092 0.43473624651810583 0.596274373259053 0.4254874651810585 0.5788649025069638 0.4102541782729805 0.5728803969359332 0.4102541782729805 0.5636316155988859 0.41678272980501385 0.5576471100278552 0.42113509749303624 0.5532947423398329 0.42657555710306405 0.5260924442896936 0.42820769498607236 0.49127350278551535 0.42875174094707513 0.4700557103064067 0.43473624651810583 0.451558147632312 0.4336481545961003 0.4433974582172702 0.4222231894150418 0.43142844707520894 0.4195029596100278 0.413474930362117 0.42439937325905286 0.4064023328690808 0.42439937325905286 0.4009618732590529 0.41079822423398327 0.37539171309192204 0.41460654596100277 0.3764798050139276 0.4336481545961003 0.3917130919220056 0.4521457172701949 0.35907033426183843 0.4684670961002785 0.3198990250696379 0.4858765668523677 0.29487291086350975 0.5016538997214485 0.2747432103064067 0.510358635097493 0.25352541782729804 0.510358635097493 0.23611594707520892 0.5239597841225627 0.22360288997214486 0.5359287952646239 0.21979456824512536
