1 0.5721571180555556 0.0019531250000000126 0.5504557291666666 0.03016493055555557 0.5244140625 0.03233506944444446 0.5146484375 0.06922743055555557 0.4603949652777778 0.2970920138888889 0.4159071180555556 0.28515625 0.38118489583333326 0.2688802083333333 0.38009982638888884 0.2840711805555555 0.35188802083333326 0.28515625 0.32693142361111116 0.24717881944444445 0.2661675347222221 0.20811631944444445 0.23253038194444442 0.3025173611111111 0.20865885416666674 0.40451388888888884 0.18153211805555558 0.5846354166666666 0.15657552083333326 0.724609375 0.001953125 0.706727873441043 0.001953125 0.22439236111111113 0.001953125 0.0 0.5244140625 0.0 0.5754123263888888 0.0
1 0.3236762152777777 0.3263888888888889 0.3193359375 0.3589409722222222 0.30197482638888884 0.3470052083333333 0.30305989583333326 0.32096354166666663
1 0.27701822916666674 0.30902777777777773 0.27267795138888884 0.3459201388888889 0.24880642361111116 0.34375 0.24446614583333326 0.3166232638888889
1 0.3735894097222221 0.3763020833333333 0.37141927083333326 0.4077690972222222 0.35188802083333326 0.3936631944444444 0.3573133680555556 0.3719618055555555
1 0.43001302083333326 0.4055989583333333 0.4321831597222221 0.431640625 0.4115668402777777 0.4348958333333333 0.4083116319444444 0.4099392361111111
1 0.3193359375 0.3936631944444444 0.3139105902777777 0.4153645833333333 0.29654947916666674 0.40668402777777773 0.3052300347222221 0.3838975694444444
1 0.27810329861111116 0.3980034722222222 0.2715928819444444 0.42838541666666663 0.24772135416666674 0.42838541666666663 0.2564019097222221 0.3958333333333333
1 0.24012586805555558 0.412109375 0.24012586805555558 0.43815104166666663 0.2216796875 0.4403211805555555 0.22276475694444442 0.4175347222222222
1 0.4310980902777777 0.4696180555555555 0.4365234375 0.5130208333333333 0.41482204861111116 0.5238715277777778 0.41048177083333326 0.4815538194444444
1 0.38009982638888884 0.48046875 0.37467447916666674 0.5260416666666666 0.34537760416666674 0.5336371527777778 0.3377821180555556 0.4956597222222222 0.34212239583333326 0.45768229166666663
1 0.3139105902777777 0.4891493055555555 0.3084852430555556 0.527126736111111 0.28786892361111116 0.527126736111111 0.28244357638888884 0.5010850694444444 0.28678385416666674 0.47721354166666663 0.29763454861111116 0.47721354166666663
1 0.2618272569444444 0.4880642361111111 0.2715928819444444 0.5141059027777778 0.25857204861111116 0.5303819444444444 0.24555121527777768 0.5227864583333333 0.24555121527777768 0.49240451388888884 0.24880642361111116 0.48046875
1 0.2314453125 0.4782986111111111 0.21950954861111116 0.5336371527777778 0.20106336805555558 0.5314670138888888 0.20323350694444442 0.5032552083333333 0.21625434027777768 0.5 0.21625434027777768 0.4837239583333333 0.20974392361111116 0.47721354166666663 0.21625434027777768 0.4663628472222222
1 0.42458767361111116 0.5596788194444444 0.43977864583333326 0.605251736111111 0.3974609375 0.663845486111111 0.3866102430555556 0.6399739583333333 0.4072265625 0.615017361111111 0.40071614583333326 0.5846354166666666 0.39963107638888884 0.5726996527777778
1 0.3681640625 0.5672743055555556 0.37467447916666674 0.6009114583333333 0.3529730902777777 0.6161024305555556 0.3486328125 0.5944010416666666 0.3594835069444444 0.5824652777777778
1 0.3052300347222221 0.5813802083333333 0.31174045138888884 0.6182725694444444 0.29329427083333326 0.6312934027777778 0.2813585069444444 0.615017361111111 0.2813585069444444 0.5889756944444444
1 0.24555121527777768 0.5889756944444444 0.25748697916666674 0.6095920138888888 0.2368706597222221 0.6302083333333333 0.22927517361111116 0.624782986111111 0.23470052083333326 0.5987413194444444
1 0.20540364583333326 0.5998263888888888 0.20540364583333326 0.6193576388888888 0.1978081597222221 0.6302083333333333 0.18478732638888884 0.6236979166666666 0.18695746527777768 0.6009114583333333
1 0.0046657986111111605 0.7766927083333333 0.04481336805555558 0.7777777777777778 0.05240885416666674 0.8244357638888888 0.0415581597222221 0.87109375 0.0263671875 0.868923611111111 0.00575086805555558 0.8352864583333333 0.001953125 0.8526475694444444 0.0035807291666667407 0.9980468749999999 0.04698350694444442 0.9947916666666666 0.06434461805555558 0.9980468749999999 0.3095703125 0.9969618055555555 0.3193359375 0.8483072916666666 0.31716579861111116 0.8059895833333333 0.3182508680555556 0.7886284722222222 0.19021267361111116 0.7875434027777778 0.13812934027777768 0.7734375 0.0708550347222221 0.7571614583333333 0.01443142361111116 0.7560763888888888 0.001953125 0.7553831500771605
1 0.7739800347222222 0.8819444444444444 0.7728949652777778 0.907986111111111 0.7511935763888888 0.9058159722222222 0.7511935763888888 0.8841145833333333
1 0.7316623263888888 0.8765190972222222 0.7305772569444444 0.9069010416666666 0.7056206597222222 0.9036458333333333 0.7056206597222222 0.880859375
1 0.6850043402777778 0.880859375 0.6806640625 0.9058159722222222 0.6622178819444444 0.8938802083333333 0.6633029513888888 0.8830295138888888
1 0.6448567708333333 0.8776041666666666 0.6470269097222222 0.8971354166666666 0.629665798611111 0.898220486111111 0.6318359375 0.878689236111111
1 0.600368923611111 0.8797743055555555 0.6036241319444444 0.9069010416666666 0.5873480902777778 0.9123263888888888 0.5699869791666666 0.8938802083333333
1 0.4745008680555556 0.8830295138888888 0.4745008680555556 0.9014756944444444 0.45930989583333326 0.9047309027777778 0.4560546875 0.890625
1 0.4267578125 0.8797743055555555 0.43001302083333326 0.9112413194444444 0.41048177083333326 0.9025607638888888 0.40939670138888884 0.878689236111111
1 0.39095052083333326 0.8743489583333333 0.38009982638888884 0.8993055555555555 0.3670789930555556 0.8993055555555555 0.3725043402777777 0.8765190972222222
1 0.1630859375 0.7311197916666666 0.25314670138888884 0.7560763888888888 0.30631510416666674 0.7549913194444444 0.3583984375 0.7506510416666666 0.36599392361111116 0.7137586805555556 0.35622829861111116 0.6996527777777778 0.3475477430555556 0.7159288194444444 0.34646267361111116 0.7354600694444444 0.2911241319444444 0.732204861111111 0.3008897569444444 0.724609375 0.2911241319444444 0.7094184027777778 0.2813585069444444 0.7083333333333333 0.28352864583333326 0.7311197916666666 0.24555121527777768 0.7289496527777778 0.22601996527777768 0.7170138888888888 0.21950954861111116 0.7061631944444444 0.19889322916666674 0.7137586805555556 0.17610677083333326 0.7137586805555556 0.17936197916666674 0.6974826388888888 0.16525607638888884 0.683376736111111 0.15766059027777768 0.7159288194444444
3 0.38444010416666674 0.28949652777777773 0.38444010416666674 0.3079427083333333 0.36056857638888884 0.30902777777777773 0.3583984375 0.3253038194444444 0.37033420138888884 0.33832465277777773 0.37033420138888884 0.34809027777777773 0.3822699652777777 0.35026041666666663 0.40071614583333326 0.3546006944444444 0.4169921875 0.3567708333333333 0.42350260416666674 0.3687065972222222 0.4462890625 0.3687065972222222 0.4506293402777777 0.3122829861111111 0.4473741319444444 0.2938368055555555 0.4072265625 0.28515625 0.37467447916666674 0.26996527777777773
3 0.4842664930555556 0.3025173611111111 0.6567925347222222 0.23958333333333334 0.7262369791666666 0.22005208333333334 0.7457682291666666 0.21462673611111113 0.7435980902777778 0.2016059027777778 0.688259548611111 0.216796875 0.5830078125 0.2569444444444444 0.4907769097222222 0.2884114583333333
3 0.649197048611111 0.4685329861111111 0.5309244791666666 0.5141059027777778 0.551540798611111 0.6497395833333333 0.6698133680555556 0.595486111111111
3 0.7772352430555555 0.41427951388888884 0.7479383680555555 0.431640625 0.7587890625 0.48480902777777773 0.7750651041666666 0.5206163194444444 0.7945963541666666 0.49457465277777773
3 0.4549696180555556 0.41644965277777773 0.4419487847222221 0.431640625 0.4365234375 0.490234375 0.4560546875 0.48697916666666663
1 0.7132161458333333 0.2764756944444444 0.7164713541666666 0.3155381944444444 0.6936848958333333 0.3263888888888889 0.6752387152777778 0.30143229166666663 0.678493923611111 0.28949652777777773 0.6904296875 0.2775607638888889
1 0.6470269097222222 0.2927517361111111 0.6578776041666666 0.33072916666666663 0.6448567708333333 0.34049479166666663 0.6318359375 0.33072916666666663 0.6274956597222222 0.3122829861111111 0.6329210069444444 0.2938368055555555
1 0.6036241319444444 0.3101128472222222 0.600368923611111 0.35026041666666663 0.5916883680555556 0.3556857638888889 0.5764973958333333 0.3361545138888889 0.5786675347222222 0.3166232638888889
1 0.5547960069444444 0.314453125 0.5580512152777778 0.35785590277777773 0.541775173611111 0.3719618055555555 0.5157335069444444 0.3470052083333333 0.5265842013888888 0.3263888888888889 0.5309244791666666 0.31879340277777773
1 0.4896918402777778 0.3296440972222222 0.4994574652777778 0.35785590277777773 0.47775607638888884 0.3806423611111111 0.46365017361111105 0.37955729166666663 0.4658203125 0.34049479166666663 0.4701605902777778 0.3296440972222222
1 0.6177300347222222 0.4305555555555555 0.6329210069444444 0.4522569444444444 0.639431423611111 0.4685329861111111 0.6188151041666666 0.4761284722222222 0.5938585069444444 0.4587673611111111 0.5949435763888888 0.43598090277777773
1 0.5504557291666666 0.4348958333333333 0.5645616319444444 0.46310763888888884 0.5569661458333333 0.4880642361111111 0.5341796875 0.4761284722222222 0.5309244791666666 0.4587673611111111 0.5330946180555556 0.43815104166666663
1 0.48752170138888884 0.44791666666666663 0.4994574652777778 0.4739583333333333 0.49837239583333326 0.5 0.4810112847222222 0.5119357638888888 0.46365017361111105 0.4880642361111111 0.46256510416666663 0.4696180555555555
1 0.707790798611111 0.40885416666666663 0.7294921875 0.4012586805555555 0.7284071180555555 0.4229600694444444 0.7197265625 0.4500868055555555 0.7023654513888888 0.44140625
1 0.7294921875 0.48263888888888884 0.7403428819444444 0.5108506944444444 0.7327473958333333 0.5282118055555556 0.7153862847222222 0.5227864583333333 0.7143012152777778 0.5021701388888888
1 0.6600477430555556 0.5249565972222222 0.6719835069444444 0.5130208333333333 0.678493923611111 0.5260416666666666 0.6871744791666666 0.536892361111111 0.6817491319444444 0.5607638888888888 0.6676432291666666 0.5629340277777778
1 0.7685546875 0.9622395833333333 0.7685546875 0.9893663194444444 0.7457682291666666 0.9752604166666666 0.7501085069444444 0.9546440972222222
1 0.7240668402777778 0.956814236111111 0.7143012152777778 0.9806857638888888 0.6991102430555556 0.9600694444444444
1 0.6904296875 0.9600694444444444 0.6871744791666666 0.9817708333333333 0.6622178819444444 0.976345486111111 0.6654730902777778 0.9578993055555555
1 0.6470269097222222 0.9557291666666666 0.6405164930555556 0.9839409722222222 0.6144748263888888 0.9806857638888888 0.6188151041666666 0.956814236111111
1 0.6090494791666666 0.9524739583333333 0.6025390625 0.9871961805555555 0.5786675347222222 0.9752604166666666 0.5927734375 0.9459635416666666
1 0.5558810763888888 0.956814236111111 0.5569661458333333 0.9817708333333333 0.5406901041666666 0.9796006944444444 0.5363498263888888 0.956814236111111
1 0.5634765625 0.8830295138888888 0.5504557291666666 0.9047309027777778 0.5341796875 0.8949652777777778 0.5330946180555556 0.8797743055555555
1 0.512478298611111 0.9546440972222222 0.5059678819444444 0.9774305555555555 0.4896918402777778 0.9698350694444444 0.5005425347222222 0.9513888888888888
1 0.47341579861111105 0.9481336805555555 0.4658203125 0.9741753472222222 0.4517144097222221 0.9720052083333333 0.45822482638888884 0.9481336805555555
1 0.42892795138888884 0.9481336805555555 0.4310980902777777 0.9698350694444444 0.4115668402777777 0.9720052083333333 0.4126519097222221 0.9524739583333333
1 0.38444010416666674 0.9459635416666666 0.38118489583333326 0.9720052083333333 0.36056857638888884 0.9730902777777778 0.3594835069444444 0.9546440972222222
5 0.8238932291666666 0.724609375 0.8130425347222222 0.8743489583333333 0.32150607638888884 0.8721788194444444 0.3247612847222221 0.8146701388888888 0.512478298611111 0.8135850694444444 0.5862630208333333 0.8038194444444444 0.7143012152777778 0.7528211805555555 0.7913411458333333 0.724609375
5 0.8119574652777778 0.91015625 0.3182508680555556 0.9036458333333333 0.3149956597222221 0.9448784722222222 0.3149956597222221 0.9524739583333333 0.39095052083333326 0.9416232638888888 0.4408637152777777 0.9427083333333333 0.551540798611111 0.9524739583333333 0.5830078125 0.9481336805555555 0.6025390625 0.9405381944444444 0.6155598958333333 0.94921875 0.6372612847222222 0.9513888888888888 0.717556423611111 0.9546440972222222 0.776150173611111 0.9513888888888888 0.8195529513888888 0.9524739583333333
5 0.8130425347222222 0.878689236111111 0.7837456597222222 0.8765190972222222 0.7739800347222222 0.9112413194444444 0.8184678819444444 0.91015625
5 0.7750651041666666 0.8732638888888888 0.7718098958333333 0.880859375 0.7501085069444444 0.8830295138888888 0.7479383680555555 0.9058159722222222 0.7338324652777778 0.9069010416666666 0.7316623263888888 0.8830295138888888 0.7349175347222222 0.8765190972222222
5 0.7218967013888888 0.8743489583333333 0.7229817708333333 0.8776041666666666 0.7012803819444444 0.8819444444444444 0.7034505208333333 0.9036458333333333 0.6806640625 0.9047309027777778 0.6850043402777778 0.8841145833333333 0.688259548611111 0.8754340277777778
5 0.6817491319444444 0.8754340277777778 0.6806640625 0.8776041666666666 0.6633029513888888 0.8830295138888888 0.6567925347222222 0.8938802083333333 0.6719835069444444 0.9025607638888888 0.6643880208333333 0.9069010416666666 0.639431423611111 0.9069010416666666 0.6459418402777778 0.8971354166666666 0.6437717013888888 0.8841145833333333 0.6459418402777778 0.8743489583333333
5 0.6318359375 0.8754340277777778 0.600368923611111 0.8754340277777778 0.6014539930555556 0.8841145833333333 0.6057942708333333 0.9058159722222222 0.6329210069444444 0.907986111111111 0.6361762152777778 0.9014756944444444 0.6209852430555556 0.898220486111111 0.6264105902777778 0.8862847222222222
5 0.5949435763888888 0.8754340277777778 0.5927734375 0.880859375 0.5721571180555556 0.8895399305555555 0.5678168402777778 0.898220486111111 0.5732421875 0.9025607638888888 0.5558810763888888 0.9058159722222222 0.5591362847222222 0.8927951388888888 0.5656467013888888 0.8830295138888888 0.5374348958333333 0.8776041666666666 0.5385199652777778 0.8754340277777778
5 0.8228081597222222 0.956814236111111 0.7728949652777778 0.9524739583333333 0.7685546875 0.9622395833333333 0.7707248263888888 0.9871961805555555 0.31608072916666674 0.9752604166666666 0.31504498106060597 0.998046875 0.8228081597222222 0.998046875
5 0.7425130208333333 0.9546440972222222 0.7218967013888888 0.9557291666666666 0.7132161458333333 0.978515625 0.7457682291666666 0.9828559027777778
5 0.698025173611111 0.9600694444444444 0.7110460069444444 0.9828559027777778 0.688259548611111 0.9817708333333333
5 0.6643880208333333 0.9535590277777778 0.6437717013888888 0.9535590277777778 0.6459418402777778 0.9730902777777778 0.6437717013888888 0.9806857638888888 0.6578776041666666 0.9796006944444444
5 0.5851779513888888 0.9481336805555555 0.5580512152777778 0.9546440972222222 0.5602213541666666 0.9806857638888888 0.5775824652777778 0.9774305555555555
5 0.5341796875 0.9535590277777778 0.5157335069444444 0.9524739583333333 0.5059678819444444 0.9774305555555555 0.5385199652777778 0.9806857638888888
5 0.49837239583333326 0.947048611111111 0.4712456597222222 0.94921875 0.4658203125 0.976345486111111 0.48752170138888884 0.976345486111111
5 0.45388454861111116 0.9459635416666666 0.4267578125 0.9481336805555555 0.43435329861111116 0.9752604166666666 0.4473741319444444 0.9730902777777778 0.44845920138888884 0.9611545138888888
5 0.42458767361111116 0.9448784722222222 0.42458767361111116 0.94921875 0.4083116319444444 0.9524739583333333 0.4083116319444444 0.96875 0.4018012152777777 0.9752604166666666 0.38552517361111116 0.9741753472222222 0.38552517361111116 0.9622395833333333 0.3866102430555556 0.9503038194444444 0.38986545138888884 0.9459635416666666 0.39420572916666674 0.9437934027777778
5 0.38009982638888884 0.9437934027777778 0.3540581597222221 0.9546440972222222 0.3573133680555556 0.966579861111111 0.3540581597222221 0.9741753472222222 0.3139105902777777 0.9730902777777778 0.3149956597222221 0.9535590277777778 0.32584635416666674 0.9524739583333333 0.35188802083333326 0.94921875
5 0.5298394097222222 0.8732638888888888 0.41916232638888884 0.8743489583333333 0.43001302083333326 0.8819444444444444 0.43001302083333326 0.9058159722222222 0.45388454861111116 0.9047309027777778 0.45388454861111116 0.8949652777777778 0.45388454861111116 0.8895399305555555 0.4669053819444444 0.8830295138888888 0.4755859375 0.8765190972222222 0.47884114583333326 0.8862847222222222 0.4766710069444444 0.8971354166666666 0.47884114583333326 0.9025607638888888 0.541775173611111 0.9069010416666666 0.5352647569444444 0.900390625 0.532009548611111 0.888454861111111
5 0.3681640625 0.8765190972222222 0.3204210069444444 0.8754340277777778 0.3149956597222221 0.9036458333333333 0.3627387152777777 0.9025607638888888
1 0.532009548611111 0.5607638888888888 0.5113932291666666 0.5629340277777778 0.5037977430555556 0.5933159722222222 0.5265842013888888 0.6193576388888888 0.5461154513888888 0.5987413194444444
1 0.4940321180555556 0.5640190972222222 0.45822482638888884 0.568359375 0.45388454861111116 0.59765625 0.47233072916666663 0.6171875 0.48860677083333326 0.6117621527777778 0.49837239583333326 0.59765625
5 0.9964192708333333 0.0008680555555555677 0.5797526041666666 0.0019531250000000126 0.5547960069444444 0.031250000000000014 0.5374348958333333 0.03559027777777779 0.522243923611111 0.038845486111111126 0.46256510416666663 0.294921875 0.5168185763888888 0.2764756944444444 0.629665798611111 0.236328125 0.6806640625 0.21571180555555555 0.7262369791666666 0.20703125 0.7381727430555555 0.19509548611111113 0.7620442708333333 0.17556423611111113 0.776150173611111 0.15711805555555558 0.7935112847222222 0.1506076388888889 0.8173828125 0.14409722222222224 0.8325737847222222 0.12890625 0.8390842013888888 0.11371527777777779 0.8477647569444444 0.11046006944444446 0.8618706597222222 0.12565104166666669 0.8965928819444444 0.13650173611111113 0.9291449652777778 0.13216145833333334 1.0 0.10611181321486927 1.0 0.013888888888888902
1 0.7381727430555555 0.5824652777777778 0.717556423611111 0.5900607638888888 0.7197265625 0.6019965277777778 0.7262369791666666 0.6215277777777778 0.7381727430555555 0.6236979166666666 0.7435980902777778 0.6063368055555556
1 0.6904296875 0.6117621527777778 0.6969401041666666 0.6312934027777778 0.688259548611111 0.6421440972222222 0.6741536458333333 0.6388888888888888 0.6741536458333333 0.6182725694444444
1 0.629665798611111 0.63671875 0.6502821180555556 0.6519097222222222 0.6340060763888888 0.6681857638888888 0.6459418402777778 0.6790364583333333 0.6220703125 0.685546875 0.6133897569444444 0.6681857638888888
1 0.5754123263888888 0.6671006944444444 0.5840928819444444 0.6974826388888888 0.5721571180555556 0.7039930555555556 0.5591362847222222 0.7094184027777778 0.5439453125 0.6844618055555556 0.5602213541666666 0.6768663194444444
3 0.5330946180555556 0.673611111111111 0.5374348958333333 0.702907986111111 0.5330946180555556 0.71484375 0.5135633680555556 0.71484375 0.5059678819444444 0.7170138888888888 0.4994574652777778 0.6801215277777778 0.5179036458333333 0.6725260416666666
5 0.4549696180555556 0.6106770833333333 0.4365234375 0.615017361111111 0.42024739583333326 0.644314236111111 0.40505642361111116 0.6746961805555556 0.3822699652777777 0.7083333333333333 0.36599392361111116 0.7387152777777778 0.36490885416666674 0.7528211805555555 0.3963758680555556 0.75390625 0.40071614583333326 0.7235243055555556 0.4169921875 0.693142361111111 0.44303385416666674 0.6909722222222222 0.46907552083333326 0.6877170138888888 0.4842664930555556 0.673611111111111 0.4962022569444444 0.6649305555555556 0.49294704861111105 0.6410590277777778 0.4745008680555556 0.646484375 0.46799045138888884 0.6529947916666666 0.4669053819444444 0.646484375
1 0.40939670138888884 0.7604166666666666 0.4951171875 0.771267361111111 0.522243923611111 0.7766927083333333 0.5743272569444444 0.7701822916666666 0.6036241319444444 0.7528211805555555 0.6763237847222222 0.7256944444444444 0.7392578125 0.6898871527777778 0.7880859375 0.6649305555555556 0.8076171875 0.6573350694444444 0.7924262152777778 0.6356336805555556 0.7652994791666666 0.6584201388888888 0.7544487847222222 0.6410590277777778 0.7338324652777778 0.6475694444444444 0.7349175347222222 0.663845486111111 0.7338324652777778 0.6725260416666666 0.7197265625 0.67578125 0.7208116319444444 0.663845486111111 0.7153862847222222 0.6616753472222222 0.7023654513888888 0.6714409722222222 0.7110460069444444 0.6779513888888888 0.7056206597222222 0.685546875 0.6947699652777778 0.6801215277777778 0.688259548611111 0.6790364583333333 0.6828342013888888 0.6898871527777778 0.6904296875 0.6963975694444444 0.6752387152777778 0.7007378472222222 0.6730685763888888 0.685546875 0.6567925347222222 0.693142361111111 0.6557074652777778 0.7072482638888888 0.6383463541666666 0.7235243055555556 0.6318359375 0.7072482638888888 0.6253255208333333 0.7115885416666666 0.6253255208333333 0.7256944444444444 0.6090494791666666 0.734375 0.6133897569444444 0.7256944444444444 0.6036241319444444 0.7191840277777778 0.5916883680555556 0.7191840277777778 0.5862630208333333 0.7365451388888888 0.5851779513888888 0.744140625 0.5656467013888888 0.7473958333333333 0.5656467013888888 0.734375 0.5450303819444444 0.7365451388888888 0.5309244791666666 0.7387152777777778 0.5276692708333333 0.751736111111111 0.512478298611111 0.7528211805555555 0.5016276041666666 0.7267795138888888 0.49186197916666663 0.7278645833333333 0.4896918402777778 0.7484809027777778 0.46907552083333326 0.751736111111111 0.4517144097222221 0.7484809027777778 0.4267578125 0.7452256944444444 0.43326822916666674 0.734375 0.42024739583333326 0.7191840277777778 0.4083116319444444 0.7300347222222222 0.4018012152777777 0.7452256944444444
5 0.002495659722222099 0.7137586805555556 0.0035807291666667407 0.7495659722222222 0.10232204861111116 0.7528211805555555 0.15440538194444442 0.7690972222222222 0.23361545138888884 0.7842881944444444 0.3247612847222221 0.7788628472222222 0.42024739583333326 0.7853732638888888 0.5341796875 0.7842881944444444 0.5775824652777778 0.783203125 0.6340060763888888 0.7549913194444444 0.7012803819444444 0.7267795138888888 0.7642144097222222 0.6963975694444444 0.7837456597222222 0.6866319444444444 0.776150173611111 0.6801215277777778 0.7609592013888888 0.6790364583333333 0.7218967013888888 0.7018229166666666 0.6633029513888888 0.732204861111111 0.6090494791666666 0.7528211805555555 0.5569661458333333 0.7756076388888888 0.47233072916666663 0.7745225694444444 0.40397135416666674 0.763671875 0.39095052083333326 0.7571614583333333 0.35622829861111116 0.7549913194444444 0.30740017361111116 0.7571614583333333 0.2412109375 0.7582465277777778 0.14789496527777768 0.7289496527777778 0.0458984375 0.722439236111111
5 0.39420572916666674 0.5629340277777778 0.3670789930555556 0.5629340277777778 0.37141927083333326 0.5933159722222222 0.37467447916666674 0.6019965277777778 0.3573133680555556 0.6182725694444444 0.38009982638888884 0.6410590277777778 0.4018012152777777 0.6204427083333333 0.40397135416666674 0.605251736111111 0.39963107638888884 0.5835503472222222
5 0.42892795138888884 0.5238715277777778 0.3692491319444444 0.5314670138888888 0.3497178819444444 0.5325520833333333 0.3388671875 0.5347222222222222 0.3041449652777777 0.529296875 0.2650824652777777 0.5325520833333333 0.21299913194444442 0.5325520833333333 0.19129774305555558 0.5390625 0.18044704861111116 0.59765625 0.19563802083333326 0.5987413194444444 0.2173394097222221 0.5998263888888888 0.23795572916666674 0.5965711805555556 0.2412109375 0.5868055555555556 0.24772135416666674 0.587890625 0.2564019097222221 0.6030815972222222 0.27376302083333326 0.5965711805555556 0.2802734375 0.5889756944444444 0.29220920138888884 0.585720486111111 0.30305989583333326 0.5802951388888888 0.30740017361111116 0.587890625 0.3345269097222221 0.5900607638888888 0.34646267361111116 0.5900607638888888 0.35622829861111116 0.578125 0.3638237847222221 0.5694444444444444 0.3638237847222221 0.5607638888888888 0.38009982638888884 0.5575086805555556 0.39095052083333326 0.5575086805555556 0.39963107638888884 0.568359375 0.4159071180555556 0.5607638888888888 0.4224175347222221 0.5575086805555556
5 0.3475477430555556 0.6182725694444444 0.31282552083333326 0.6182725694444444 0.31174045138888884 0.5944010416666666 0.3301866319444444 0.5911458333333333 0.3442925347222221 0.5922309027777778
5 0.27701822916666674 0.59765625 0.2607421875 0.605251736111111 0.2509765625 0.6171875 0.23470052083333326 0.6302083333333333 0.2900390625 0.634548611111111 0.2813585069444444 0.615017361111111
5 0.23036024305555558 0.6030815972222222 0.20974392361111116 0.6019965277777778 0.20648871527777768 0.6171875 0.20106336805555558 0.6302083333333333 0.22493489583333326 0.6302083333333333
5 0.3963758680555556 0.6671006944444444 0.3822699652777777 0.6421440972222222 0.3573133680555556 0.6236979166666666 0.3236762152777777 0.6215277777777778 0.2987196180555556 0.6291232638888888 0.2889539930555556 0.634548611111111 0.2694227430555556 0.6388888888888888 0.2368706597222221 0.6334635416666666 0.21625434027777768 0.6334635416666666 0.19455295138888884 0.6334635416666666 0.17610677083333326 0.6302083333333333 0.16525607638888884 0.6725260416666666 0.1685112847222221 0.6898871527777778 0.18370225694444442 0.6942274305555556 0.18044704861111116 0.702907986111111 0.1978081597222221 0.705078125 0.21842447916666674 0.7007378472222222 0.22927517361111116 0.7105034722222222 0.24880642361111116 0.7202690972222222 0.2607421875 0.7235243055555556 0.2748480902777777 0.724609375 0.27810329861111116 0.712673611111111 0.2856987847222221 0.702907986111111 0.3008897569444444 0.705078125 0.2998046875 0.7170138888888888 0.31174045138888884 0.722439236111111 0.3236762152777777 0.724609375 0.3345269097222221 0.7256944444444444 0.3442925347222221 0.7094184027777778 0.3486328125 0.6985677083333333 0.3638237847222221 0.6985677083333333 0.3638237847222221 0.7115885416666666 0.37141927083333326 0.7137586805555556 0.38118489583333326 0.7072482638888888 0.38552517361111116 0.6953125 0.39420572916666674 0.6898871527777778
5 0.4115668402777777 0.4837239583333333 0.38009982638888884 0.4837239583333333 0.3790147569444444 0.5238715277777778 0.4072265625 0.5217013888888888
5 0.3377821180555556 0.4587673611111111 0.3182508680555556 0.4641927083333333 0.3139105902777777 0.5108506944444444 0.3084852430555556 0.5260416666666666 0.34212239583333326 0.5282118055555556 0.3334418402777777 0.4934895833333333 0.3377821180555556 0.4815538194444444
5 0.28678385416666674 0.4761284722222222 0.2596571180555556 0.47721354166666663 0.2661675347222221 0.4934895833333333 0.27267795138888884 0.5130208333333333 0.26291232638888884 0.529296875 0.2846137152777777 0.529296875 0.2813585069444444 0.5086805555555556
5 0.2412109375 0.4815538194444444 0.2314453125 0.4761284722222222 0.22276475694444442 0.5282118055555556 0.24772135416666674 0.529296875 0.24012586805555558 0.509765625
5 0.43435329861111116 0.43381076388888884 0.24338107638888884 0.4370659722222222 0.22276475694444442 0.4446614583333333 0.20431857638888884 0.44791666666666663 0.2021484375 0.4696180555555555 0.2119140625 0.4663628472222222 0.21842447916666674 0.46310763888888884 0.22819010416666674 0.47287326388888884 0.2368706597222221 0.4761284722222222 0.25314670138888884 0.47721354166666663 0.26725260416666674 0.47721354166666663 0.28244357638888884 0.4739583333333333 0.29220920138888884 0.4717881944444444 0.3095703125 0.4793836805555555 0.31608072916666674 0.46310763888888884 0.3236762152777777 0.4565972222222222 0.33561197916666674 0.45551215277777773 0.3497178819444444 0.4522569444444444 0.3833550347222221 0.4837239583333333 0.41048177083333326 0.48046875 0.42350260416666674 0.470703125 0.4310980902777777 0.4544270833333333
5 0.4072265625 0.3654513888888889 0.40505642361111116 0.4131944444444444 0.4061414930555556 0.431640625 0.24229600694444442 0.4370659722222222 0.24229600694444442 0.42838541666666663 0.2618272569444444 0.4294704861111111 0.2715928819444444 0.4294704861111111 0.2759331597222221 0.4197048611111111 0.28244357638888884 0.4012586805555555 0.29220920138888884 0.4034288194444444 0.30631510416666674 0.4131944444444444 0.3139105902777777 0.4153645833333333 0.3193359375 0.4034288194444444 0.3236762152777777 0.3958333333333333 0.34646267361111116 0.39474826388888884 0.3594835069444444 0.40234375 0.3681640625 0.40885416666666663 0.37467447916666674 0.4099392361111111 0.3768446180555556 0.3980034722222222 0.3790147569444444 0.37738715277777773 0.3833550347222221 0.353515625 0.39529079861111116 0.353515625
5 0.4419487847222221 0.3741319444444444 0.4408637152777777 0.40234375 0.41916232638888884 0.40451388888888884 0.4083116319444444 0.40451388888888884 0.4072265625 0.3719618055555555 0.4115668402777777 0.36762152777777773 0.42350260416666674 0.3687065972222222
5 0.37575954861111116 0.28515625 0.3540581597222221 0.28949652777777773 0.3280164930555556 0.2569444444444444 0.3182508680555556 0.24500868055555555 0.26725260416666674 0.21354166666666669 0.24012586805555558 0.28949652777777773 0.2314453125 0.3057725694444444 0.2412109375 0.3133680555555555 0.2607421875 0.3101128472222222 0.2705078125 0.3101128472222222 0.2791883680555556 0.3036024305555555 0.2813585069444444 0.31119791666666663 0.2802734375 0.3166232638888889 0.2987196180555556 0.32096354166666663 0.30305989583333326 0.3198784722222222 0.31282552083333326 0.3198784722222222 0.32150607638888884 0.32421875 0.32693142361111116 0.3274739583333333 0.3247612847222221 0.34049479166666663 0.3247612847222221 0.3546006944444444 0.35514322916666674 0.36979166666666663 0.3779296875 0.3741319444444444 0.3833550347222221 0.3567708333333333 0.3735894097222221 0.34809027777777773 0.36599392361111116 0.3448350694444444 0.36599392361111116 0.333984375 0.3583984375 0.3274739583333333 0.35514322916666674 0.3198784722222222 0.3583984375 0.3036024305555555 0.3735894097222221 0.3036024305555555 0.38009982638888884 0.2960069444444444
5 0.35188802083333326 0.3741319444444444 0.32693142361111116 0.3589409722222222 0.32259114583333326 0.3611111111111111 0.3041449652777777 0.3589409722222222 0.3008897569444444 0.3491753472222222 0.2987196180555556 0.3263888888888889 0.2813585069444444 0.3198784722222222 0.27376302083333326 0.33832465277777773 0.27267795138888884 0.3491753472222222 0.25423177083333326 0.34809027777777773 0.24555121527777768 0.3448350694444444 0.24446614583333326 0.3231336805555555 0.2412109375 0.314453125 0.23253038194444442 0.31119791666666663 0.2216796875 0.3589409722222222 0.21082899305555558 0.412109375 0.23578559027777768 0.4110243055555555 0.24229600694444442 0.4099392361111111 0.24229600694444442 0.4207899305555555 0.2520616319444444 0.3980034722222222 0.2553168402777777 0.3904079861111111 0.2715928819444444 0.3936631944444444 0.28352864583333326 0.3936631944444444 0.29763454861111116 0.39908854166666663 0.30197482638888884 0.3817274305555555 0.3193359375 0.3882378472222222 0.3345269097222221 0.392578125 0.35188802083333326 0.3904079861111111
5 0.21950954861111116 0.41861979166666663 0.20648871527777768 0.41861979166666663 0.20648871527777768 0.44357638888888884 0.21950954861111116 0.4403211805555555
5 0.6817491319444444 0.38715277777777773 0.6350911458333333 0.3741319444444444 0.6166449652777778 0.3838975694444444 0.5949435763888888 0.37955729166666663 0.571072048611111 0.3687065972222222 0.5537109375 0.3838975694444444 0.541775173611111 0.39908854166666663 0.5330946180555556 0.40451388888888884 0.532009548611111 0.3828125 0.5070529513888888 0.3838975694444444 0.48860677083333326 0.39691840277777773 0.48318142361111105 0.4229600694444444 0.48318142361111105 0.4500868055555555 0.45930989583333326 0.4685329861111111 0.45822482638888884 0.421875 0.4571397569444444 0.40451388888888884 0.44954427083333326 0.421875 0.4473741319444444 0.3828125 0.4506293402777777 0.3643663194444444 0.4452039930555556 0.3470052083333333 0.44954427083333326 0.333984375 0.4603949652777778 0.33832465277777773 0.46256510416666663 0.353515625 0.4658203125 0.3687065972222222 0.4647352430555556 0.37738715277777773 0.4766710069444444 0.3806423611111111 0.4907769097222222 0.36979166666666663 0.4951171875 0.3643663194444444 0.49728732638888884 0.35026041666666663 0.4951171875 0.333984375 0.49837239583333326 0.32421875 0.5113932291666666 0.314453125 0.522243923611111 0.3231336805555555 0.5146484375 0.3415798611111111 0.512478298611111 0.353515625 0.5396050347222222 0.37521701388888884 0.5482855902777778 0.3665364583333333 0.5558810763888888 0.3621961805555555 0.561306423611111 0.3556857638888889 0.5569661458333333 0.33072916666666663 0.5580512152777778 0.3177083333333333 0.5645616319444444 0.294921875 0.5797526041666666 0.29926215277777773 0.5797526041666666 0.3177083333333333 0.5732421875 0.3296440972222222 0.5786675347222222 0.3470052083333333 0.5895182291666666 0.3546006944444444 0.6025390625 0.3567708333333333 0.6057942708333333 0.353515625 0.6079644097222222 0.34049479166666663 0.6242404513888888 0.33832465277777773 0.6329210069444444 0.33832465277777773 0.6578776041666666 0.3589409722222222 0.6763237847222222 0.3719618055555555
3 0.698025173611111 0.39474826388888884 0.6871744791666666 0.40234375 0.6936848958333333 0.4468315972222222 0.6969401041666666 0.46527777777777773 0.7099609375 0.4609375 0.707790798611111 0.4490017361111111 0.7001953125 0.4403211805555555 0.7012803819444444 0.431640625 0.7045355902777778 0.4110243055555555
3 0.5840928819444444 0.4034288194444444 0.5656467013888888 0.40668402777777773 0.5743272569444444 0.4294704861111111 0.5840928819444444 0.431640625 0.5851779513888888 0.4197048611111111
5 0.45279947916666674 0.4880642361111111 0.4452039930555556 0.5032552083333333 0.4517144097222221 0.51953125 0.4549696180555556 0.5401475694444444 0.45388454861111116 0.556423611111111 0.4560546875 0.5640190972222222 0.4745008680555556 0.5640190972222222 0.47233072916666663 0.546657986111111 0.4766710069444444 0.5282118055555556 0.48209635416666663 0.5130208333333333
