0 0.4470801326815643 0.6254800977653632 0.4459890013966481 0.6418470670391061 0.4252575069832403 0.6614874301675978 0.4176195879888269 0.6691253491620112 0.18957314944134085 0.6680342178770949 0.17429731145251393 0.7040415502793296 0.17975296787709505 0.7378666201117319 0.18848201815642462 0.7487779329608939 0.17429731145251393 0.74986906424581 0.16556826117318435 0.7651449022346368 0.15902147346368722 0.7749650837988826 0.14156337290502785 0.7836941340782123 0.047726082402234526 0.6549406424581006 0.001953125 0.6169588267413527 0.001953125 0.5425541201117319 0.0368147695530725 0.5185492318435754 0.060819657821229 0.5403718575418994 0.0509994762569832 0.570923533519553 0.06736644553072613 0.5785614525139665 0.08155115223463683 0.5851082402234636 0.07827775837988815 0.6036574720670391 0.10337377793296088 0.6123865223463687 0.1001003840782122 0.6276623603351955 0.11755848463687157 0.6331180167597765 0.12737866620111737 0.624388966480447 0.15138355446927365 0.6189333100558659
0 0.2463119762569832 0.8076990223463687 0.3259645600558658 0.9004451815642458 0.44179953688071716 0.998046875 0.3488783170391061 0.998046875 0.26377007681564235 0.9222678072625698 0.21794256284916202 0.8633467178770949 0.2223070879888267 0.8491620111731844 0.23867405726256985 0.8382506983240223
5 0.4067082751396647 0.6200244413407822 0.4427156075418994 0.6211155726256983 0.4492623952513968 0.6156599162011174 0.44817126396648055 0.5534654329608939 0.4612648393854748 0.5327339385474861 0.5038189594972067 0.5403718575418994 0.5147302723463687 0.5807437150837989 0.5147302723463687 0.6058397346368715 0.5300061103351956 0.5829259776536313 0.5398262918994414 0.5632856145251397 0.5551021298882681 0.5643767458100559 0.5627400488826815 0.5512831703910615 0.5769247555865922 0.5501920391061452 0.5954739874301676 0.5905638966480447 0.5987473812849162 0.5916550279329609 0.6107498254189945 0.5731057960893855 0.619478875698324 0.5687412709497207 0.619478875698324 0.560012220670391 0.6042030377094971 0.5480097765363129 0.6162054818435754 0.4596281424581006 0.4612648393854748 0.45308135474860334 0.44380673882681565 0.47381284916201116 0.41434619413407825 0.5316428072625698 0.4034348812849162 0.5665590083798883
5 0.6009296438547487 0.755324720670391 0.5943828561452513 0.7815118715083799 0.5583755237430168 0.7946054469273743 0.5321883729050279 0.7902409217877095 0.5005455656424582 0.8371595670391061 0.4689027583798884 0.8338861731843575 0.4448978701117319 0.8120635474860335 0.4318042946927374 0.8153369413407822 0.44380673882681565 0.8338861731843575 0.47326728351955305 0.8535265363128491 0.522368191340782 0.8513442737430168 0.5452819483240223 0.8720757681564246 0.5943828561452513 0.8775314245810056 0.6216611382681565 0.8567999301675978 0.6445748952513968 0.8731668994413407 0.6718531773743017 0.8644378491620112 0.6653063896648044 0.8327950418994413 0.6609418645251397 0.8186103351955307 0.657668470670391 0.7684182960893855
1 0.23430953212290495 0.7575069832402235 0.24958537011173187 0.7695094273743017 0.24740310754189943 0.7946054469273743 0.2321272695530725 0.83606843575419 0.2168514315642458 0.841524092178771 0.20812238128491622 0.8644378491620112 0.20812238128491622 0.8786225558659218 0.1972110684357542 0.8818959497206704 0.1972110684357542 0.9244500698324022 0.17975296787709505 0.9484549581005587 0.16120373603351945 0.9484549581005587 0.13610771648044695 0.9779155027932961 0.11210282821229045 0.9768243715083799 0.08918907122905018 0.9091742318435754 0.10664717178770955 0.8677112430167597 0.13065206005586583 0.8382506983240223 0.14592789804469275 0.7913320530726257 0.16011260474860323 0.7815118715083799 0.17866183659217882 0.7542335893854749 0.1972110684357542 0.7531424581005587 0.20594011871508378 0.7214996508379888
5 0.21357803770949713 0.7029504189944135 0.21466916899441335 0.7193173882681564 0.20375785614525133 0.7149528631284916 0.19502880586592175 0.7378666201117319 0.18411749301675973 0.7324109636871509 0.18193523044692728 0.7073149441340782 0.19393767458100553 0.6745810055865922 0.4110728002793296 0.6756721368715084 0.39470583100558665 0.689856843575419 0.3226911662011174 0.6942213687150838 0.3183266410614525 0.8284305167597765 0.2986862779329609 0.8578910614525139 0.25394989525139655 0.8033344972067039 0.2572232891061452 0.7695094273743017 0.2648612081005586 0.7695094273743017 0.267043470670391 0.7029504189944135
5 0.3346936103351954 0.896080656424581 0.3521517108938548 0.874258030726257 0.3619718924581006 0.8731668994413407 0.3619718924581006 0.9026274441340782 0.3837945181564246 0.9168121508379888 0.43398655726256985 0.9059008379888268 0.6140232192737429 0.9779155027932961 0.6111473089584996 0.998046875 0.4503535265363128 0.998046875
2 0.00953648743016755 0.6331180167597765 0.0357236382681565 0.651667248603352 0.056455132681564324 0.6745810055865922 0.13501658519553073 0.7880586592178771 0.13283432262569828 0.8186103351955307 0.09791812150837975 0.8666201117318436 0.0848245460893855 0.901536312849162 0.10228264664804465 0.9757332402234636 0.13283432262569828 0.9888268156424581 0.15465694832402233 0.9670041899441341 0.16665939245810057 0.956092877094972 0.1873908868715084 0.9571840083798883 0.20484898743016755 0.9255412011173184 0.20484898743016755 0.9004451815642458 0.21794256284916202 0.879713687150838 0.33416265805816037 0.998046875 0.001953125 0.998046875 0.001953125 0.6276623603351955
1 0.01171875 0.5229137569832403 0.0357236382681565 0.510911312849162 0.044452688547486074 0.489088687150838 0.037905900837988726 0.4629015363128492 0.018265537709497126 0.37888442737430167 0.001953125 0.38105941573556795 0.001953125 0.5207314944134078
1 0.0029896997206704246 0.22939944134078213 0.022630062849162025 0.22939944134078213 0.032450244413407825 0.22176152234636873 0.05318173882681565 0.25558659217877094 0.05754626396648033 0.26322451117318435 0.0411792946927374 0.2675890363128492 0.042270425977653625 0.2839560055865922 0.0651841829608939 0.3297835195530726 0.001953125 0.3339298184357542
1 0.06409305167597767 0.5261871508379888 0.07282210195530725 0.46181040502793297 0.10119151536312843 0.44326117318435754 0.14265450418994408 0.4596281424581006 0.1535658170391061 0.4770862430167598 0.17102391759776525 0.478177374301676 0.2026667248603351 0.4901798184357542 0.22339821927374293 0.510911312849162 0.23321840083798873 0.5240048882681564 0.22885387569832405 0.5534654329608939 0.21903369413407825 0.5818348463687151 0.18084409916201105 0.5992929469273743 0.1633859986033519 0.5807437150837989 0.15029242318435743 0.5872905027932961 0.15029242318435743 0.6112953910614525 0.13283432262569828 0.6123865223463687 0.1142850907821229 0.6232978351955307 0.10555604050279332 0.6265712290502793 0.11210282821229045 0.6123865223463687 0.0902802025139664 0.5992929469273743 0.08700680865921795 0.5818348463687151 0.061910789106145225 0.5687412709497207 0.07936888966480438 0.5425541201117319
1 0.38597678072625685 0.0002618715083798984 0.3925235684357542 0.03736033519553073 0.3794299930167597 0.06791201117318438 0.35106057960893855 0.05809182960893856 0.33687587290502785 0.03736033519553073 0.3325113477653632 0.0024441340782123005
1 0.43398655726256985 0.0002618715083798984 0.451444657821229 0.010082053072625708 0.47326728351955305 0.02754015363128493 0.4721761522346368 0.05372730446927375 0.4961810405027933 0.06136522346368716 0.5070923533519553 0.04499825418994414 0.5060458823242823 6.938893903907228e-18
1 0.5256415851955307 0.004626396648044703 0.5289149790502794 0.02972241620111733 0.548555342178771 0.04172486033519554 0.5681957053072626 0.030813547486033533 0.5651143505586592 0.0
1 0.6936758030726258 0.005717527932960903 0.6980403282122905 0.06682087988826817 0.7144072974860336 0.0951902932960894 0.7766017807262571 0.0919168994413408 0.7831485684357542 0.05263617318435755 0.7995155377094971 0.036269203910614535 0.8069827267499179 -6.938893903907228e-18
1 0.998046875 0.0484375 0.974609375 0.05703125 0.959765625 0.04921875 0.945703125 0.05859375 0.928515625 0.0453125 0.916015625 0.065625 0.875390625 0.0703125 0.8667968749999999 0.10234375 0.860546875 0.140625 0.830078125 0.13359375 0.809765625 0.1515625 0.806640625 0.17734375 0.8238281249999999 0.215625 0.826953125 0.24921875 0.875390625 0.27265625 0.8667968749999999 0.3 0.849609375 0.3171875 0.8863281249999999 0.3109375 0.900390625 0.2921875 0.947265625 0.29375 1.0 0.28929357394366195
1 0.999609375 0.96640625 0.984765625 0.9546875 0.984765625 0.9265625 0.976953125 0.87421875 0.972265625 0.8578125 0.952734375 0.834375 0.926171875 0.7546875 0.911328125 0.74140625 0.899609375 0.7296875 0.904296875 0.62265625 0.905078125 0.56875 0.912109375 0.525 0.928515625 0.490625 0.952734375 0.46484375 0.975390625 0.45625 1.0 0.45548095703124997 1.0 0.96328125
1 0.39335937499999996 0.275 0.412109375 0.28984375 0.43085937500000004 0.290625 0.4410156249999999 0.30625 0.4300781250000001 0.31875 0.4378906250000001 0.33515625 0.44804687499999996 0.34453125 0.45585937499999996 0.38046875 0.4417968750000001 0.41015625 0.39726562499999996 0.41484375 0.36210937499999996 0.4109375 0.35820312499999996 0.36953125 0.35273437500000004 0.33515625 0.3519531250000001 0.29453125 0.3363281250000001 0.2765625 0.3511718749999999 0.2609375 0.3675781250000001 0.23984375 0.39179687500000004 0.2390625
1 0.5863281250000001 0.39375 0.604296875 0.4203125 0.608203125 0.440625 0.591796875 0.45546875 0.5503906249999999 0.45234375 0.5472656250000001 0.434375 0.5472656250000001 0.40546875
2 0.998046875 0.00234375 0.997265625 0.03984375 0.976171875 0.0515625 0.960546875 0.04140625 0.946484375 0.05078125 0.925390625 0.0375 0.912890625 0.06015625 0.869140625 0.06640625 0.8550781249999999 0.13359375 0.8277343749999999 0.12578125 0.8042968749999999 0.14609375 0.8003906249999999 0.1765625 0.817578125 0.21875 0.818359375 0.24765625 0.8667968749999999 0.27734375 0.859765625 0.29765625 0.837109375 0.3203125 0.869140625 0.325 0.885546875 0.31875 0.904296875 0.29921875 0.999609375 0.29765625 1.0 0.3718750000000026 1.0 0.44765625 0.962890625 0.453125 0.945703125 0.46171875 0.920703125 0.4890625 0.913671875 0.48125 0.918359375 0.45390625 0.908984375 0.4484375 0.888671875 0.45546875 0.854296875 0.4609375 0.858203125 0.42890625 0.848046875 0.39609375 0.818359375 0.39140625 0.755078125 0.39140625 0.755078125 0.44375 0.680859375 0.44609375 0.6714843749999999 0.49296875 0.664453125 0.51015625 0.666015625 0.53125 0.641796875 0.53046875 0.635546875 0.55390625 0.610546875 0.54609375 0.622265625 0.45390625 0.6050781249999999 0.45625 0.619921875 0.43984375 0.591015625 0.3875 0.5433593750000001 0.3984375 0.5347656249999999 0.421875 0.541796875 0.45078125 0.45429687500000004 0.446875 0.4371093749999999 0.47109375 0.412109375 0.525 0.3949218750000001 0.56484375 0.400390625 0.6171875 0.15898437499999996 0.615625 0.1558593749999999 0.59609375 0.16289062499999996 0.59140625 0.1792968749999999 0.60625 0.22148437499999996 0.5875 0.23320312499999996 0.5609375 0.24101562499999996 0.5171875 0.2066406249999999 0.4828125 0.158203125 0.46796875 0.14804687500000013 0.4546875 0.099609375 0.4359375 0.06992187500000013 0.4546875 0.05820312500000013 0.52109375 0.045703124999999956 0.51484375 0.05507812500000009 0.490625 0.023046875000000133 0.3703125 0.001953125 0.37332589285714285 0.001953125 0.3421875 0.07773437500000013 0.33515625 0.05507812500000009 0.28046875 0.06914062499999996 0.2765625 0.040234375000000044 0.20703125 0.001953125 0.21677556818181817 0.001953125 0.00234375 0.32304687499999996 0.00078125 0.3316406249999999 0.05078125 0.365234375 0.075 0.3871093750000001 0.075 0.4027343750000001 0.03515625 0.388671875 0.00078125 0.4222656250000001 0.00078125 0.455078125 0.02109375 0.4613281250000001 0.0546875 0.4917968749999999 0.075 0.516796875 0.053125 0.506640625 0.00234375 0.514453125 0.0015625 0.528515625 0.04609375 0.544921875 0.053125 0.572265625 0.040625 0.5707031250000001 0.0 0.683984375 0.0 0.684765625 0.03984375 0.685546875 0.07734375 0.705078125 0.1 0.755078125 0.103125 0.786328125 0.1 0.794921875 0.053125 0.816796875 0.03125 0.815234375 0.003125
2 0.900390625 0.7390625 0.922265625 0.76015625 0.947265625 0.8359375 0.970703125 0.8671875 0.978515625 0.95 0.997265625 0.9765625 1.0 0.9814843750000001 1.0 0.99765625 0.618359375 0.996875 0.619140625 0.975 0.43476562500000004 0.8984375 0.384765625 0.91171875 0.3667968749999999 0.896875 0.3667968749999999 0.86640625 0.3511718749999999 0.86484375 0.3285156250000001 0.890625 0.3042968749999999 0.8625 0.326171875 0.83203125 0.3277343749999999 0.70390625 0.39335937499999996 0.696875 0.412109375 0.68671875 0.40898437499999996 0.77734375 0.4261718750000001 0.803125 0.427734375 0.80859375 0.427734375 0.821875 0.4371093749999999 0.84140625 0.46601562500000004 0.85859375 0.509765625 0.86484375 0.541796875 0.88125 0.5660156249999999 0.88515625 0.596484375 0.8859375 0.615234375 0.871875 0.641796875 0.8875 0.662890625 0.8859375 0.678515625 0.89296875 0.7144531249999999 0.88203125 0.7417968749999999 0.88671875 0.772265625 0.8859375 0.8199218749999999 0.8921875 0.876953125 0.89765625 0.914453125 0.8984375 0.901953125 0.83359375 0.899609375 0.8
1 0.641796875 0.5578125 0.664453125 0.5609375 0.676171875 0.5625 0.693359375 0.58046875 0.699609375 0.59453125 0.7105468749999999 0.61796875 0.7300781249999999 0.64296875 0.723828125 0.6671875 0.708203125 0.6671875 0.719140625 0.71328125 0.6949218749999999 0.7453125 0.655078125 0.7625 0.633984375 0.75546875 0.611328125 0.72734375 0.595703125 0.75078125 0.5855468749999999 0.778125 0.553515625 0.7859375 0.532421875 0.78359375 0.505859375 0.8078125 0.4925781250000001 0.82578125 0.462890625 0.81640625 0.4488281249999999 0.80078125 0.44023437499999996 0.8046875 0.4136718749999999 0.7765625 0.41914062500000004 0.6859375 0.42460937499999996 0.67109375 0.45195312499999996 0.646875 0.4527343749999999 0.60390625 0.4535156250000001 0.559375 0.466796875 0.53984375 0.49882812499999996 0.553125 0.5082031250000001 0.57578125 0.505078125 0.59765625 0.508984375 0.6203125 0.508984375 0.6484375 0.5160156250000001 0.65 0.518359375 0.62109375 0.5277343750000001 0.59765625 0.5425781249999999 0.575 0.5589843750000001 0.57265625 0.5660156249999999 0.559375 0.5699218749999999 0.5703125 0.580859375 0.5703125 0.580078125 0.58125 0.5855468749999999 0.5953125 0.600390625 0.60703125 0.604296875 0.603125 0.6097656250000001 0.58671875 0.6246093749999999 0.57421875
