3 0.25188499273255816 0.21498001453488372 0.17807503633720934 0.49205123546511625 0.2450717659883721 0.7691224563953488 0.25983375726744184 0.7668513808139535 0.41199582122093026 0.8190861191860466 0.593681867732558 0.7770712209302325 0.5948174055232559 0.7452761627906976 0.6470521438953488 0.7486827761627907 0.6527298328488372 0.7486827761627907 0.723133175872093 0.3784974563953488 0.6822538154069767 0.1627452761627907 0.6527298328488372 0.1627452761627907 0.6266124636627907 0.13322129360465115 0.5743777252906977 0.16501635174418605 0.5539380450581395 0.16501635174418605 0.5459892805232558 0.22065770348837208 0.47445039970930236 0.2240643168604651 0.4244867369186046 0.2058957122093023 0.4029115188953488 0.21043786337209303 0.3881495276162791 0.16728742732558138 0.36884538517441856 0.17182957848837208 0.3892850654069767 0.21270893895348836 0.36089662063953487 0.2195221656976744 0.3177461845930233 0.20021802325581395 0.28481558866279066 0.21498001453488372
0 0.9979333212209301 0.6339934593023255 0.9127679869186046 0.9905523255813954 0.9106266870847176 0.998046875 0.998046875 0.996295969948764
0 0.820789425872093 0.9224200581395349 0.8650753997093023 0.9621638808139535 0.8563764920278365 0.998046875 0.7730968386627907 0.998046875
0 0.6754405886627907 0.649890988372093 0.8060274345930233 0.8804051598837209 0.7378951671511628 0.9973655523255814 0.7263126816860457 0.998046875 0.7015579578488372 0.9791969476744186 0.6731695130813954 0.9269622093023255 0.586868640988372 0.9224200581395349 0.593681867732558 0.8928960755813954 0.593681867732558 0.8667787063953488 0.5902752543604651 0.8531522529069767 0.49829669331395343 0.8463390261627907 0.4914834665697674 0.8520167151162791 0.4869413154069767 0.9201489825581396 0.5823264898255814 0.9212845203488372 0.5823264898255814 0.932639898255814 0.5119231468023255 0.9871457122093024 0.49261900436046513 0.9723837209302325 0.4596884084302325 0.9564861918604651 0.45514625726744184 0.9712481831395349 0.4165379723837209 0.9235555959302325 0.3529478561046512 0.9178779069767442 0.3449990915697674 0.8020530523255814 0.3699809229651163 0.8054596656976745 0.3722519985465116 0.8315770348837209 0.4812636264534884 0.8338481104651163 0.4869413154069767 0.8088662790697675 0.5948174055232559 0.7816133720930233 0.6027661700581396 0.7793422965116279 0.6027661700581396 0.7543604651162791 0.6515942950581396 0.7543604651162791 0.6584075218023256 0.7566315406976745
1 0.24620730377906974 0.003769985465116271 0.24280069040697672 0.21725109011627905 0.19737917877906974 0.4114280523255814 0.19965025436046513 0.003769985465116271
1 0.19510810319767435 0.5624545784883721 0.17353288517441856 0.8395257994186046 0.08155432412790697 0.995094476744186 0.21668332122093026 0.9939589389534884 0.23371638808139528 0.7577670784883721 0.23371638808139528 0.7350563226744186
1 0.7787745276162791 0.4852380087209302 0.8241960392441859 0.5329305959302325 0.8446357194767441 0.5794876453488372 0.879837390988372 0.5374727470930233 0.9059547601744186 0.5238462936046512 0.9468341206395349 0.5567768895348837 0.9650027252906977 0.6192314680232558 0.9740870276162791 0.6680595930232558 0.9684093386627907 0.7361918604651163 0.9343432049418604 0.7691224563953488 0.8968704578488372 0.7623092296511628 0.8877861555232559 0.750953851744186 0.8616687863372093 0.7498183139534884 0.8503134084302325 0.7327852470930233 0.8264671148255814 0.7055323401162791 0.7946720566860465 0.7089389534883721 0.7526571584302325 0.6953125 0.7390307049418604 0.6419422238372093 0.7276753270348838 0.5840297965116279 0.7208621002906977 0.5545058139534884 0.723133175872093 0.5272529069767442 0.7356240915697675 0.4863735465116279
1 0.9752225654069767 0.23655523255813954 0.998046875 0.23199037063953484 0.998046875 0.13889898255813954 0.9888490188953488 0.14344113372093023 0.9684093386627907 0.17750726744186046
1 0.9570539607558138 0.28424781976744184 0.998046875 0.27424954800056717 0.998046875 0.30241642441860467 0.9559184229651162 0.32285610465116277 0.9468341206395349 0.32399164244186046 0.943427507267442 0.29333212209302323
1 0.9945267078488372 0.36032885174418605 0.9422919694767441 0.36941315406976744 0.9263944404069767 0.38190406976744184 0.9309365915697675 0.40234375 0.9820357921511628 0.3978015988372093 0.998046875 0.38560267857142844 0.998046875 0.36032885174418605
1 0.9877134811046512 0.4613917151162791 0.9275299781976744 0.4523074127906977 0.9048192223837209 0.4647983284883721 0.9048192223837209 0.48069585755813954 0.9229878270348838 0.4909156976744186 0.9684093386627907 0.4784247819767442
1 0.8605332485465117 0.7748001453488372 0.9139035247093023 0.8440679505813954 0.8900572311046512 0.8440679505813954 0.845771257267442 0.8077307412790697 0.837822492732558 0.7748001453488372
1 0.40404705668604646 0.11505268895348836 0.39496275436046513 0.061682412790697666 0.381336300872093 0.0378361191860465 0.36316769622093026 0.03215843023255813 0.3347792514534883 0.051462572674418595 0.3234238735465116 0.08212209302325581 0.3313726380813954 0.11505268895348836 0.34954124273255816 0.14571220930232556 0.3699809229651163 0.15025436046511628 0.3972338299418604 0.1309502180232558
0 0.4290288880813954 0.003769985465116271 0.5232785247093024 0.0866642441860465 0.5493958938953488 0.12073037790697673 0.5664289607558138 0.15933866279069767 0.5857331031976744 0.14798328488372092 0.5811909520348838 0.13435683139534882 0.5664289607558138 0.11505268895348836 0.5516669694767442 0.08552870639534883 0.5437182049418604 0.06281795058139535 0.5573446584302325 0.01853197674418604 0.5641578851744186 0.002634447674418597 0.5471248183139534 0.0014989098837209225 0.5346339026162791 0.045784883720930224 0.5289562136627907 0.05373364825581394 0.5051099200581395 0.04010719476744185 0.4948900799418604 0.024209665697674413 0.46957997489429176 -3.469446951953614e-18 0.4426553415697674 0.003769985465116271
2 0.1905659520348837 0.0003633720930232482 0.12988281250000125 5.421010862427522e-20 0.006608829941860461 0.0014989098837209225 0.0020666787790697416 0.9973655523255814 0.07701217296511631 0.9973655523255814 0.1689907340116279 0.838390261627907 0.19170148982558133 0.5567768895348837 0.1746684229651163 0.4909156976744186 0.19397256540697672 0.41824127906976744
2 0.24961391715116277 0.0003633720930232482 0.24734284156976738 0.2115734011627907 0.283680050872093 0.2115734011627907 0.32001726017441856 0.19681140988372092 0.36884538517441856 0.21725109011627905 0.3836073764534883 0.20930232558139533 0.3643032340116279 0.16160973837209303 0.35521893168604646 0.15593204941860464 0.3291015625 0.12527252906976744 0.32001726017441856 0.08325763081395347 0.33023710029069764 0.045784883720930224 0.36089662063953487 0.026480741279069762 0.3802007630813954 0.03442950581395348 0.39836936773255816 0.056004723837209294 0.40858920784883723 0.12413699127906977 0.4029115188953488 0.15025436046511628 0.39496275436046513 0.16160973837209303 0.4074536700581395 0.2058957122093023 0.42789335029069764 0.19908248546511628 0.4676371729651163 0.21611555232558138 0.4971611555232558 0.21611555232558138 0.5255496002906976 0.21838662790697674 0.527820675872093 0.21838662790697674 0.5437182049418604 0.19226925872093023 0.5471248183139534 0.17296511627906977 0.5539380450581395 0.15138989825581395 0.5618868095930233 0.15252543604651161 0.5505314316860465 0.1309502180232558 0.5403115915697674 0.10937499999999999 0.527820675872093 0.0912063953488372 0.414094182906259 0.0
2 0.7705078125000001 0.0 0.9965933866279071 0.0 0.9965933866279071 0.1264080668604651 0.9612781613372093 0.1763717296511628 0.969226925872093 0.23996184593023262 0.9965933866279071 0.2365552325581396 0.9771756904069769 0.2445039970930233 0.9714980014534885 0.27970566860465135 0.9362963299418606 0.2899255087209303 0.941974018895349 0.3319404069767444 0.962413699127907 0.3387536337209303 0.9556004723837209 0.3660065406976745 0.9226698764534885 0.37509084302325596 0.9272120276162791 0.4148346656976745 0.945380632267442 0.4216478924418606 0.9374318677325583 0.45117187500000017 0.8999591206395351 0.45684956395348847 0.8976880450581396 0.4897801598837212 0.9317541787790699 0.5000000000000002 0.9158566497093025 0.5329305959302328 0.8920103561046512 0.5170330668604655 0.8420466933139535 0.5726744186046515 0.8216070130813954 0.5181686046511631 0.7841342659883722 0.48069585755813954 0.7310819404069767 0.4784247819767442 0.716319949127907 0.5590479651162791 0.7265397892441859 0.6487554505813954 0.7458439316860465 0.6941769622093024 0.8219249636627907 0.7134811046511628 0.8593977107558138 0.7589026162790697 0.8321448037790699 0.7713935319767442 0.8389580305232559 0.8111373546511628 0.8480423328488372 0.8202216569767442 0.8185183502906977 0.8633720930232558 0.8105695857558138 0.8747274709302325 0.6765761264534883 0.639671148255814 0.7004224200581396 0.48864462209302323 0.7265397892441859 0.3796329941860465 0.7185910247093023 0.33307594476744184 0.7026934956395349 0.2683502906976744 0.6955623183139535 0.23541969476744182 0.6830714026162791 0.1570675872093023 0.649005268895349 0.15593204941860464 0.6194812863372093 0.12300145348837208 0.5899573037790699 0.13776344476744184 0.5456713299418605 0.061682412790697666 0.5683820857558141 0.0
3 0.9877134811046512 0.24563953488372092 0.9820357921511628 0.2785701308139535 0.998046875 0.27369719255561176 0.998046875 0.24563953488372092 0.998046875 0.24904614825581395
3 0.9650027252906977 0.3296693313953488 0.998046875 0.3096425739957717 0.9888490188953488 0.353515625 0.9615961119186046 0.3614643895348837
3 0.9468341206395349 0.4068859011627907 0.984306867732558 0.4034792877906977 0.9718159520348838 0.451171875 0.9422919694767441 0.45344295058139533
3 0.9638671874999999 0.48864462209302323 0.9468341206395349 0.548828125 0.9229878270348838 0.5329305959302325 0.9366142805232559 0.49432231104651164
3 0.8730241642441859 0.7589026162790697 0.8752952398255814 0.7816133720930233 0.8911927688953488 0.799781976744186 0.894599382267442 0.7702579941860466
3 0.852584484011628 0.8270348837209303 0.7400765950122399 0.998046875 0.771961300872093 0.998046875 0.869617550872093 0.8327125726744186
3 0.23030977470930236 0.9542151162790697 0.2882222020348837 0.9542151162790697 0.2882222020348837 0.998046875 0.22008993459302328 0.9973655523255814 0.22008993459302328 0.991687863372093
2 0.2393940770348837 0.7668513808139535 0.2689180595930233 0.7804778343023255 0.3404569404069767 0.799781976744186 0.34613462936046513 0.9246911337209303 0.4108602834302325 0.9303688226744186 0.45514625726744184 0.981468023255814 0.46877271075581395 0.9928234011627907 0.4859355533637873 0.998046875 0.5687000363372093 0.9678415697674418 0.5925463299418604 0.936046511627907 0.6697628997093023 0.9337754360465116 0.7151844113372093 0.9973655523255814 0.29730650436046513 0.9973655523255814 0.29503542877906974 0.9519440406976745 0.2257676235465116 0.942859738372093
2 0.8741597020348838 0.8372547238372093 0.8276026526162791 0.9201489825581396 0.8718886264534883 0.9530795784883721 0.8593977107558138 0.995094476744186 0.9048192223837209 0.9962300145348837 0.9684093386627907 0.7452761627906976 0.9400208938953488 0.7702579941860466 0.8980059956395349 0.7702579941860466 0.8980059956395349 0.799781976744186 0.894599382267442 0.8077307412790697 0.9207167514534883 0.8429324127906976 0.9207167514534883 0.8531522529069767 0.8877861555232559 0.848610101744186
2 0.998046875 0.6226380813953488 0.9718159520348838 0.7259720203488372 0.9797647165697675 0.6726017441860465 0.9525118095930233 0.552234738372093 0.967273800872093 0.48864462209302323 0.9888490188953488 0.46934047965116277 0.9933911700581396 0.4557140261627907 0.9820357921511628 0.44890079941860467 0.9888490188953488 0.40234375 0.998046875 0.4002997819767442 0.998046875 0.5931140988372093 0.998046875 0.5579124273255814
