4 0.440533344972067 0.4372599511173185 0.440533344972067 0.4165284567039107 0.440533344972067 0.391432437150838 0.43398655726256985 0.3772477304469274 0.3925235684357542 0.3859767807262571 0.3827033868715084 0.3957969622905029 0.3717920740223464 0.4176195879888268 0.3717920740223464 0.4350776885474861 0.37506546787709505 0.44926239525139666 0.3859767807262571 0.45253578910614534
4 0.3139621159217878 0.7165895600558658 0.3139621159217878 0.6980403282122905 0.3063241969273742 0.6674886522346368 0.28777496508379885 0.668579783519553 0.2692257332402235 0.6871290153631284 0.2594055516759777 0.7024048533519553 0.2615878142458099 0.7198629539106145
4 0.6434837639664803 0.5409174231843575 0.6434837639664803 0.49727217178770955 0.6434837639664803 0.4645382332402235 0.6292990572625698 0.43835108240223464 0.6183877444134078 0.4361688198324023 0.6031119064245809 0.45799144553072635 0.5922005935754189 0.4656293645251397 0.5889271997206704 0.47763180865921795 0.5769247555865922 0.48745199022346375 0.5747424930167597 0.51145687849162 0.570377967877095 0.5354617667597765 0.5692868365921788 0.5507376047486033 0.5834715432960893 0.5583755237430168 0.6129320879888267 0.559466655027933 0.6292990572625698 0.5496464734636871
4 0.90208187849162 0.5856538058659218 0.9293601606145252 0.5769247555865922 0.9631852304469273 0.5561932611731844 0.971914280726257 0.5474642108938548 0.9642763617318435 0.5158214036312849 0.9522739175977654 0.4950899092178771 0.9249956354748603 0.49727217178770955 0.8868060405027933 0.5398262918994413 0.8889883030726257 0.5736513617318435
5 0.09137133379888263 0.9970103002793296 0.0902802025139664 0.2354006634078213 0.11537622206703912 0.17102391759776536 0.16556826117318435 0.11974074720670391 0.19066428072625685 0.10664717178770955 0.2866838337988826 0.08918907122905029 0.3925235684357542 0.08918907122905029 0.5605577863128492 0.10010038407821231 0.6380281075418994 0.10010038407821231 0.7056782472067038 0.08591567737430172 0.743867842178771 0.07282210195530736 0.7787840432960893 0.0455438198324023 0.814791375698324 0.017174406424581012 0.8224020164106145 0.001953125 0.7678727304469273 0.001953125 0.7275008729050279 0.029176850558659262 0.6511216829608939 0.05318173882681565 0.5878360684357542 0.0553640013966481 0.4994544343575418 0.06081965782122911 0.4350776885474861 0.06081965782122911 0.3586984986033519 0.052090607541899536 0.26377007681564235 0.0455438198324023 0.1677505237430168 0.06954870810055869 0.0848245460893855 0.12192300977653636 0.030267981843575376 0.14047224162011174 0.001953125 0.149320634383729 0.001953125 0.20375785614525144 0.04336155726256985 0.2168514315642458 0.049908344972066976 0.22994500698324027 0.05318173882681565 0.3041419343575419 0.0564551326815641 0.5038189594972067 0.05754626396648033 0.7089516410614525 0.05536400139664788 0.8278849511173184 0.0651841829608939 0.9249956354748603 0.06729698196160194 1.0
5 0.9064464036312849 0.9981014315642458 0.9217222416201116 0.9751876745810055 0.9315424231843575 0.9522739175977654 0.9217222416201116 0.9206311103351955 0.891170565642458 0.9151754539106145 0.8769858589385475 0.8878971717877094 0.8769858589385475 0.8737124650837989 0.8933528282122905 0.8507987081005587 0.8551632332402235 0.831158344972067 0.8431607891061452 0.8202470321229051 0.8431607891061452 0.8540721019553073 0.8278849511173184 0.8682568086592178 0.7973332751396648 0.8649834148044693 0.7907864874301676 0.8824415153631284 0.7886042248603351 0.9020818784916201 0.7886042248603351 0.9620940991620112 0.803880062849162 0.9620940991620112 0.803880062849162 0.9468182611731844 0.8660745460893855 0.9249956354748603 0.8944439594972067 0.999192562849162
1 0.22776274441340782 0.5780158868715084 0.24740310754189943 0.5671045740223464 0.2506765013966479 0.5125480097765363 0.2823193086592177 0.5147302723463687 0.3008685405027933 0.4852697276536313 0.304141934357542 0.46781162709497215 0.2855927025139664 0.4448978701117319 0.2757725209497206 0.40998166899441346 0.23976518854748607 0.40889053770949724 0.2321272695530725 0.4328954259776536 0.1972110684357542 0.45908257681564246 0.1786618365921786 0.526732716480447 0.18084409916201105 0.575833624301676
1 0.6162054818435754 0.9926457751396648 0.6347547136871508 0.9642763617318436 0.646757157821229 0.928269029329609 0.6511216829608939 0.8715302025139665 0.6511216829608939 0.8475253142458101 0.6063853002793296 0.8191559008379888 0.5725602304469273 0.79296875 0.5409174231843574 0.814791375698324 0.5409174231843574 0.8595277583798883 0.5409174231843574 0.9075375349162011 0.5463730796089385 0.9544561801675977 0.609922595654151 1.0
1 0.4601737081005586 0.8398873952513967 0.4656293645251397 0.8006066689944134 0.4569003142458101 0.7504146298882681 0.4328954259776536 0.7275008729050279 0.3881590432960893 0.7275008729050279 0.3619718924581006 0.732956529329609 0.3630630237430168 0.7755106494413408 0.3739743365921788 0.8115179818435754 0.3979792248603351 0.8289760824022346 0.42962203212290495 0.8464341829608939
1 0.3576073673184357 0.9970103002793296 0.36088076117318435 0.977369937150838 0.3597896298882681 0.9522739175977654 0.3488783170391061 0.9490005237430168 0.3259645600558658 0.9490005237430168 0.2965040153631284 0.9326335544692738 0.27359025837988815 0.9151754539106145 0.23540066340782118 0.9239045041899441 0.2168514315642458 0.9446359986033519 0.20484898743016755 0.9577295740223464 0.20703125 0.9708231494413407 0.21030464385474845 0.98828125 0.23321840083798873 0.98828125 0.24412971368715075 0.9740965432960894 0.2703168645251397 0.971914280726257 0.2866838337988826 0.9806433310055865 0.29789032637459567 1.0 0.3576073673184357 1.0
1 0.9620940991620112 0.9948280377094972 0.9566384427374302 0.9610029678770949 0.9642763617318435 0.9293601606145251 0.9468182611731844 0.8998996159217877 0.9468182611731844 0.8486164455307262 0.9490005237430168 0.8213381634078212 0.9490005237430168 0.79296875 0.9511827863128491 0.7602348114525139 0.9686408868715084 0.7504146298882681 1.0 0.7320317015026006 0.9970375618777664 1.0
2 0.9981014315642458 0.7253186103351955 0.9970103002793296 0.33142021648044695 0.9086286662011174 0.3303290851955307 0.8748035963687151 0.30741532821229056 0.8442519203910615 0.2113957751396649 0.9959191689944134 0.2223070879888268 0.9981014315642458 0.0029896997206704246 0.8246115572625698 0.004080831005586649 0.831158344972067 0.036814769553072724 0.8562543645251397 0.108829434357542 0.8300672136871508 0.11646735335195535 0.814791375698324 0.14156337290502796 0.8060623254189945 0.1426545041899442 0.7776929120111731 0.08046002094972071 0.8180647695530726 0.04008816340782129 0.8191559008379887 0.020447800279329686 0.7460501047486032 0.07827775837988826 0.6794910963687151 0.10119151536312854 0.6271167946927374 0.10664717178770955 0.51145687849162 0.10337377793296099 0.41980185055865915 0.09573585893854752 0.3248734287709496 0.09682699022346375 0.24303858240223453 0.09900925279329609 0.16229486731843568 0.12192300977653636 0.11755848463687135 0.1830263617318436 0.09791812150837975 0.2594055516759777 0.09791812150837975 0.9959191689944134 0.19830219972067042 0.9959191689944134 0.19830219972067042 0.9675497555865922 0.20048446229050265 0.9413626047486033 0.2266716131284916 0.9293601606145251 0.23976518854748607 0.9140843226256983 0.2724991270949719 0.9064464036312849 0.2986862779329609 0.9249956354748603 0.3303290851955307 0.9424537360335196 0.3521517108938548 0.9424537360335196 0.364154155027933 0.9457271298882681 0.364154155027933 0.98828125 0.36633641759776525 0.999192562849162 0.5954739874301676 0.9970103002793296 0.5430996857541899 0.9610029678770949 0.5354617667597765 0.8595277583798883 0.5354617667597765 0.8224292946927374 0.4699938896648044 0.8202470321229051 0.4656293645251397 0.8453430516759777 0.4252575069832403 0.8540721019553073 0.391432437150838 0.8344317388268156 0.3619718924581006 0.8169736382681564 0.35542510474860345 0.7755106494413408 0.2954128840782122 0.7733283868715084 0.294321752793296 0.7962421438547487 0.2724991270949719 0.814791375698324 0.2626789455307261 0.8180647695530726 0.24085631983240208 0.79296875 0.23867405726256985 0.7547791550279329 0.2768636522346368 0.7373210544692737 0.3008685405027933 0.7296831354748603 0.2986862779329609 0.7624170740223464 0.35542510474860345 0.7656904678770949 0.35542510474860345 0.717680691340782 0.3237822974860336 0.7144072974860335 0.31723550977653625 0.722045216480447 0.2528587639664803 0.722045216480447 0.2528587639664803 0.6871290153631284 0.2768636522346368 0.668579783519553 0.31177985335195535 0.6609418645251397 0.3183266410614525 0.70676937849162 0.3194177723463687 0.668579783519553 0.2604966829608939 0.6096586941340782 0.2823193086592177 0.5420085544692737 0.3957969622905029 0.5332795041899441 0.4569003142458101 0.5398262918994413 0.4798140712290502 0.6162054818435754 0.462355970670391 0.6969491969273742 0.45362692039106145 0.7133161662011174 0.4710850209497206 0.814791375698324 0.5310972416201116 0.814791375698324 0.5692868365921788 0.7842396997206704 0.6129320879888267 0.8137002444134078 0.6587596019553073 0.8377051326815642 0.6587596019553073 0.9326335544692738 0.6445748952513966 0.9675497555865922 0.6238434008379887 0.9948280377094972 0.7886042248603351 0.9981014315642458 0.7809663058659218 0.9555473114525139 0.7809663058659218 0.8966262220670391 0.782057437150838 0.8671656773743017 0.8224292946927374 0.8606188896648045 0.8377051326815642 0.8409785265363129 0.8377051326815642 0.8246115572625698 0.8398873952513966 0.809335719273743 0.8704390712290502 0.8289760824022346 0.8998996159217877 0.8398873952513967 0.9009907472067039 0.8486164455307262 0.8835326466480447 0.8791681215083799 0.8977173533519553 0.9097197974860335 0.9260867667597765 0.9097197974860335 0.9413626047486033 0.9522739175977654 0.9151754539106145 0.993736906424581 0.9511827863128491 0.9981014315642458 0.9522739175977654 0.9577295740223464 0.9555473114525139 0.9271778980446927 0.9369980796089385 0.8933528282122905 0.939180342178771 0.7613259427374302 0.803880062849162 0.6456660265363128 0.782057437150838 0.6565773393854748 0.7700549930167597 0.6565773393854748 0.766781599162011 0.5965651187150838 0.7678727304469273 0.586744937150838 0.782057437150838 0.586744937150838 0.7515057611731844 0.5103657472067039 0.7285920041899441 0.5169125349162011 0.7253186103351954 0.4863608589385475 0.6478482891061452 0.5256415851955307 0.6533039455307263 0.5660134427374302 0.5943828561452513 0.5681957053072626 0.5583755237430168 0.559466655027933 0.5616489175977653 0.5256415851955307 0.5616489175977653 0.4994544343575419 0.5671045740223464 0.4798140712290503 0.5900183310055866 0.45362692039106145 0.5998385125698324 0.4416244762569833 0.6107498254189945 0.43398655726256985 0.6303901885474861 0.4307131634078213 0.6489394203910615 0.4350776885474861 0.7133161662011174 0.4110728002793297 0.7395033170391061 0.38925017458100564 0.766781599162011 0.37070094273743026 0.7755106494413408 0.3685186801675978 0.7918776187150838 0.4154373254189945 0.8049711941340782 0.4645382332402235 0.7515057611731844 0.5027278282122905 0.7886042248603351 0.5845626745810055 0.8060623254189945 0.5845626745810055 0.8060623254189945 0.6391192388268156 0.939180342178771 0.7515057611731844 0.9195399790502793 0.5900183310055866 0.9031730097765363 0.5943828561452513 0.8802592527932961 0.5791070181564246 0.8791681215083799 0.5332795041899441 0.9151754539106145 0.49181651536312854 0.9577295740223464 0.48745199022346375 0.971914280726257 0.5038189594972067 0.982825593575419 0.548555342178771 0.966458624301676 0.5681957053072626 0.9271778980446927 0.5856538058659218 0.9446359986033519 0.7504146298882681 0.9871901187150838 0.5703779678770949 0.9795521997206704 0.48854312150838 0.7154984287709496 0.2790459148044693 0.4558091829608939 0.4034348812849162 0.4481712639664803 0.44817126396648044 0.37506546787709505 0.4667204958100559 0.36088076117318435 0.4416244762569833 0.31177985335195535 0.45362692039106145 0.3128709846368716 0.493998777932961 0.2888660963687151 0.522368191340782 0.2550410265363128 0.522368191340782 0.2528587639664803 0.5780158868715084 0.2223070879888267 0.5965651187150838 0.17102391759776525 0.5856538058659218 0.17102391759776525 0.5158214036312849 0.18411749301675973 0.4558091829608939 0.21794256284916202 0.4230752444134078 0.22339821927374293 0.4110728002793297 0.23430953212290495 0.39470583100558665 0.2823193086592177 0.39470583100558665 0.2910483589385475 0.4372599511173185 0.30741532821229045 0.4470801326815643 0.3619718924581006 0.4350776885474861 0.3619718924581006 0.407799406424581 0.33687587290502785 0.3521517108938548 0.31723550977653625 0.3292379539106146 0.294321752793296 0.2997774092178771 0.28777496508379885 0.25394989525139666 0.3128709846368716 0.25394989525139666 0.3456049231843574 0.25394989525139666 0.35651623603351945 0.24740310754189954 0.35651623603351945 0.2157603002793297 0.35651623603351945 0.17429731145251404 0.35651623603351945 0.13938111033519562 0.4601737081005586 0.14920129189944142 0.4601737081005586 0.20048446229050287 0.4601737081005586 0.2408563198324023 0.4601737081005586 0.2604966829608939 0.37506546787709505 0.2692257332402235 0.3870679120111731 0.3379670041899442 0.3445137918994414 0.34669605446927376 0.3674275488826815 0.4034348812849162 0.3772477304469273 0.3816122555865922 0.41434619413407825 0.37615659916201116 0.4350776885474861 0.36960981145251404 0.45362692039106145 0.3925235684357542 0.7154984287709496 0.2714079958100559 0.9871901187150838 0.48308746508379896 0.9948280377094971 0.5692868365921788 0.9522739175977654 0.7460501047486033
2 0.060819657821229 0.9948280377094972 0.05318173882681565 0.8726213337988826 0.04881721368715075 0.809335719273743 0.047726082402234526 0.7645993365921788 0.047726082402234526 0.7264097416201116 0.0466349511173183 0.6325724511173184 0.04336155726256985 0.36960981145251404 0.0411792946927374 0.2834104399441342 0.010627618715083775 0.2834104399441342 0.02372119413407825 0.4263486382681565 0.02372119413407825 0.592200593575419 0.02372119413407825 0.7100427723463687 0.02372119413407825 0.8202470321229051 0.001953125 0.8485455219972067 0.001953125 0.9981014315642458
5 0.006263093575418877 0.8224292946927374 0.018265537709497126 0.809335719273743 0.018265537709497126 0.5420085544692737 0.0215389315642458 0.4372599511173185 0.018265537709497126 0.407799406424581 0.006263093575418877 0.28777496508379896 0.007354224860335101 0.26813460195530725 0.03463250698324005 0.27249912709497215 0.0411792946927374 0.24849423882681565 0.03899703212290495 0.2266716131284917 0.001953125 0.21242395654275903 0.001953125 0.8235204259776536
