0 0.5529198673184357 0.3745199022346368 0.5540109986033519 0.3581529329608939 0.5747424930167597 0.3385125698324022 0.5823804120111731 0.33087465083798884 0.8104268505586592 0.33196578212290506 0.8257026885474861 0.2959584497206704 0.820247032122905 0.2621333798882681 0.8115179818435754 0.2512220670391061 0.8257026885474861 0.25013093575419 0.8344317388268156 0.23485509776536317 0.8409785265363128 0.22503491620111737 0.8584366270949721 0.2163058659217877 0.9522739175977655 0.3450593575418994 0.998046875 0.3830411732586473 0.998046875 0.4574458798882681 0.9631852304469275 0.4814507681564246 0.939180342178771 0.4596281424581006 0.9490005237430168 0.42907646648044695 0.9326335544692739 0.4214385474860335 0.9184488477653632 0.41489175977653636 0.9217222416201118 0.3963425279329609 0.8966262220670391 0.3876134776536313 0.8998996159217878 0.3723376396648045 0.8824415153631284 0.3668819832402235 0.8726213337988826 0.37561103351955305 0.8486164455307263 0.38106668994413406
0 0.7536880237430168 0.1923009776536313 0.6740354399441342 0.0995548184357542 0.5582004631192828 0.001953125 0.6511216829608939 0.001953125 0.7362299231843576 0.07773219273743015 0.782057437150838 0.13665328212290506 0.7776929120111733 0.15083798882681565 0.7613259427374302 0.16174930167597767
5 0.5932917248603353 0.37997555865921784 0.5572843924581006 0.3788844273743017 0.5507376047486032 0.3843400837988826 0.5518287360335195 0.4465345670391061 0.5387351606145252 0.4672660614525139 0.49618104050279327 0.4596281424581006 0.48526972765363124 0.41925628491620115 0.48526972765363124 0.39416026536312854 0.46999388966480443 0.4170740223463687 0.46017370810055863 0.4367143854748603 0.4448978701117318 0.4356232541899441 0.43725995111731847 0.44871682960893855 0.42307524441340777 0.4498079608938548 0.4045260125698324 0.40943610335195535 0.40125261871508383 0.4083449720670391 0.3892501745810056 0.4268942039106145 0.380521124301676 0.4312587290502793 0.380521124301676 0.439987779329609 0.3957969622905028 0.4519902234636871 0.38379451815642457 0.5403718575418994 0.5387351606145252 0.5469186452513967 0.5561932611731844 0.5261871508379888 0.5856538058659218 0.46835719273743015 0.5965651187150838 0.43344099162011174
5 0.3990703561452514 0.24467527932960897 0.4056171438547486 0.21848812849162014 0.44162447625698326 0.20539455307262566 0.4678116270949721 0.20975907821229045 0.49945443435754183 0.1628404329608939 0.5310972416201116 0.16611382681564246 0.5551021298882681 0.1879364525139665 0.5681957053072626 0.18466305865921784 0.5561932611731844 0.16611382681564246 0.526732716480447 0.14647346368715086 0.4776318086592179 0.1486557262569832 0.4547180516759776 0.12792423184357538 0.4056171438547486 0.12246857541899436 0.37833886173184356 0.1432000698324022 0.3554251047486033 0.12683310055865926 0.32814682262569833 0.13556215083798884 0.33469361033519557 0.1672049581005587 0.33905813547486036 0.18138966480446927 0.3423315293296089 0.2315817039106145
1 0.765690467877095 0.24249301675977653 0.7504146298882681 0.23049057262569828 0.7525968924581006 0.20539455307262566 0.7678727304469275 0.16393156424581 0.7831485684357542 0.158475907821229 0.7918776187150838 0.13556215083798884 0.7918776187150838 0.12137744413407825 0.8027889315642458 0.11810405027932958 0.8027889315642458 0.07554993016759781 0.820247032122905 0.05154504189944131 0.8387962639664805 0.05154504189944131 0.863892283519553 0.022084497206703912 0.8878971717877095 0.023175628491620137 0.9108109287709498 0.09082576815642462 0.8933528282122905 0.13228875698324027 0.8693479399441342 0.16174930167597767 0.8540721019553073 0.20866794692737434 0.8398873952513968 0.21848812849162014 0.8213381634078212 0.2457664106145251 0.8027889315642458 0.2468575418994413 0.7940598812849162 0.27850034916201116
5 0.7864219622905029 0.29704958100558654 0.7853308310055866 0.2806826117318436 0.7962421438547487 0.2850471368715084 0.8049711941340782 0.2621333798882681 0.8158825069832403 0.26758903631284914 0.8180647695530727 0.29268505586592175 0.8060623254189945 0.3254189944134078 0.5889271997206704 0.3243278631284916 0.6052941689944134 0.310143156424581 0.6773088337988826 0.3057786312849162 0.6816733589385475 0.17156948324022347 0.7013137220670391 0.14210893854748607 0.7460501047486034 0.1966655027932961 0.7427767108938548 0.23049057262569828 0.7351387918994414 0.23049057262569828 0.732956529329609 0.29704958100558654
5 0.6653063896648046 0.10391934357541899 0.6478482891061452 0.12574196927374304 0.6380281075418994 0.12683310055865926 0.6380281075418994 0.09737255586592175 0.6162054818435754 0.08318784916201116 0.5660134427374302 0.09409916201117319 0.385976780726257 0.022084497206703912 0.3888526910415004 0.001953125 0.5496464734636872 0.001953125
2 0.9904635125698324 0.3668819832402235 0.9642763617318435 0.348332751396648 0.9435448673184357 0.3254189944134078 0.8649834148044693 0.2119413407821229 0.8671656773743017 0.18138966480446927 0.9020818784916202 0.1333798882681564 0.9151754539106145 0.09846368715083798 0.8977173533519553 0.024266759776536362 0.8671656773743017 0.011173184357541888 0.8453430516759777 0.03299581005586594 0.8333406075418994 0.04390712290502796 0.8126091131284916 0.04281599162011174 0.7951510125698324 0.07445879888268159 0.7951510125698324 0.0995548184357542 0.782057437150838 0.12028631284916202 0.6658373419418396 0.001953125 0.998046875 0.001953125 0.998046875 0.3723376396648045
1 0.98828125 0.4770862430167597 0.9642763617318435 0.489088687150838 0.9555473114525139 0.510911312849162 0.9620940991620113 0.5370984636871508 0.9817344622905029 0.6211155726256983 0.998046875 0.618940584264432 0.998046875 0.4792685055865922
1 0.9970103002793296 0.7706005586592178 0.977369937150838 0.7706005586592178 0.9675497555865922 0.7782384776536313 0.9468182611731844 0.744413407821229 0.9424537360335197 0.7367754888268156 0.9588207053072626 0.7324109636871508 0.9577295740223464 0.7160439944134078 0.9348158170391061 0.6702164804469274 0.998046875 0.6660701815642458
1 0.9359069483240223 0.47381284916201116 0.9271778980446927 0.538189594972067 0.8988084846368716 0.5567388268156425 0.8573454958100559 0.5403718575418994 0.8464341829608939 0.5229137569832403 0.8289760824022347 0.521822625698324 0.7973332751396649 0.5098201815642458 0.7766017807262571 0.489088687150838 0.7667815991620113 0.4759951117318436 0.771146124301676 0.4465345670391061 0.7809663058659218 0.4181651536312849 0.819155900837989 0.40070705307262566 0.8366140013966481 0.41925628491620115 0.8497075768156426 0.4127094972067039 0.8497075768156426 0.3887046089385475 0.8671656773743017 0.3876134776536313 0.8857149092178771 0.3767021648044693 0.8944439594972067 0.3734287709497207 0.8878971717877095 0.3876134776536313 0.9097197974860336 0.40070705307262566 0.912993191340782 0.4181651536312849 0.9380892108938548 0.4312587290502793 0.9206311103351956 0.4574458798882681
1 0.6140232192737431 0.9997381284916201 0.6074764315642458 0.9626396648044693 0.6205700069832403 0.9320879888268156 0.6489394203910615 0.9419081703910615 0.6631241270949721 0.9626396648044693 0.6674886522346368 0.9975558659217877
1 0.5660134427374302 0.9997381284916201 0.548555342178771 0.9899179469273743 0.526732716480447 0.9724598463687151 0.5278238477653632 0.9462726955307262 0.5038189594972067 0.9386347765363129 0.4929076466480447 0.9550017458100558 0.49395411767571773 1.0
1 0.4743584148044692 0.9953736033519553 0.47108502094972066 0.9702775837988826 0.45144465782122906 0.9582751396648045 0.43180429469273746 0.9691864525139665 0.4348856494413408 1.0
1 0.3063241969273743 0.9942824720670391 0.3019596717877095 0.9331791201117319 0.28559270251396646 0.9048097067039106 0.22339821927374298 0.9080831005586592 0.21685143156424574 0.9473638268156425 0.20048446229050282 0.9637307960893855 0.1930172732500821 1.0
1 0.001953125 0.9515625 0.025390625 0.94296875 0.04023437500000002 0.95078125 0.05429687500000002 0.94140625 0.07148437500000002 0.9546875 0.083984375 0.934375 0.12460937500000002 0.9296875 0.13320312500000003 0.89765625 0.139453125 0.859375 0.169921875 0.86640625 0.190234375 0.8484375 0.193359375 0.82265625 0.17617187500000003 0.784375 0.173046875 0.75078125 0.12460937500000002 0.72734375 0.13320312500000003 0.7 0.150390625 0.6828125 0.11367187500000003 0.6890625 0.099609375 0.7078125 0.052734375 0.70625 0.0 0.710706426056338
1 0.00039062500000000555 0.03359374999999998 0.015234375000000022 0.04531249999999998 0.015234375000000022 0.07343750000000004 0.023046875000000022 0.12578124999999996 0.027734375000000006 0.14218750000000002 0.047265625000000006 0.16562500000000002 0.07382812500000002 0.24531250000000004 0.08867187500000001 0.25859374999999996 0.10039062500000001 0.27031249999999996 0.095703125 0.37734375 0.09492187500000002 0.43125 0.087890625 0.475 0.07148437500000002 0.509375 0.047265625000000006 0.53515625 0.024609375000000017 0.54375 0.0 0.5445190429687501 0.0 0.03671875000000002
1 0.606640625 0.725 0.587890625 0.71015625 0.569140625 0.709375 0.5589843750000001 0.69375 0.5699218749999999 0.68125 0.5621093749999999 0.66484375 0.551953125 0.65546875 0.544140625 0.61953125 0.5582031249999999 0.58984375 0.602734375 0.58515625 0.637890625 0.5890625 0.641796875 0.63046875 0.647265625 0.66484375 0.6480468749999999 0.70546875 0.6636718749999999 0.7234375 0.6488281250000001 0.7390625 0.6324218749999999 0.76015625 0.608203125 0.7609375
1 0.41367187499999997 0.60625 0.395703125 0.5796875 0.391796875 0.559375 0.40820312500000006 0.54453125 0.44960937500000003 0.54765625 0.45273437499999997 0.565625 0.45273437499999997 0.59453125
2 0.001953125 0.99765625 0.002734375000000011 0.96015625 0.023828125000000006 0.9484375 0.039453125000000006 0.95859375 0.05351562500000001 0.94921875 0.074609375 0.9625 0.08710937500000002 0.93984375 0.130859375 0.93359375 0.14492187500000003 0.86640625 0.17226562500000003 0.87421875 0.19570312500000003 0.85390625 0.19960937500000003 0.8234375 0.182421875 0.78125 0.181640625 0.75234375 0.13320312500000003 0.72265625 0.14023437500000002 0.70234375 0.162890625 0.6796875 0.130859375 0.675 0.11445312499999999 0.68125 0.095703125 0.70078125 0.00039062500000000555 0.70234375 0.0 0.6281249999999974 0.0 0.55234375 0.037109375 0.546875 0.05429687500000002 0.53828125 0.07929687500000002 0.5109375 0.086328125 0.51875 0.08164062500000002 0.54609375 0.09101562500000002 0.5515625 0.111328125 0.54453125 0.145703125 0.5390625 0.141796875 0.57109375 0.15195312500000002 0.60390625 0.181640625 0.60859375 0.244921875 0.60859375 0.244921875 0.55625 0.319140625 0.55390625 0.32851562500000003 0.50703125 0.335546875 0.48984375 0.333984375 0.46875 0.358203125 0.46953124999999996 0.364453125 0.44609374999999996 0.389453125 0.45390624999999996 0.377734375 0.54609375 0.39492187500000003 0.54375 0.380078125 0.56015625 0.408984375 0.6125 0.45664062499999997 0.6015625 0.46523437500000003 0.578125 0.458203125 0.54921875 0.545703125 0.553125 0.5628906250000001 0.52890625 0.587890625 0.475 0.6050781249999999 0.43515625 0.599609375 0.3828125 0.841015625 0.384375 0.8441406250000001 0.40390625 0.837109375 0.40859375 0.8207031250000001 0.39375000000000004 0.778515625 0.4125 0.766796875 0.4390625 0.758984375 0.4828125 0.7933593750000001 0.5171875 0.841796875 0.53203125 0.8519531249999999 0.5453125 0.900390625 0.5640625 0.9300781249999999 0.5453125 0.9417968749999999 0.47890625 0.954296875 0.48515624999999996 0.9449218749999999 0.509375 0.9769531249999999 0.6296875 0.998046875 0.6266741071428572 0.998046875 0.6578125 0.9222656249999999 0.66484375 0.9449218749999999 0.71953125 0.930859375 0.7234375 0.959765625 0.79296875 0.998046875 0.7832244318181818 0.998046875 0.99765625 0.676953125 0.99921875 0.6683593750000001 0.94921875 0.634765625 0.925 0.6128906249999999 0.925 0.5972656249999999 0.96484375 0.611328125 0.99921875 0.5777343749999999 0.99921875 0.544921875 0.97890625 0.5386718749999999 0.9453125 0.5082031250000001 0.925 0.483203125 0.946875 0.493359375 0.99765625 0.485546875 0.9984375 0.471484375 0.95390625 0.45507812500000006 0.946875 0.42773437500000006 0.959375 0.42929687499999997 1.0 0.316015625 1.0 0.315234375 0.96015625 0.314453125 0.92265625 0.294921875 0.9 0.244921875 0.896875 0.213671875 0.9 0.205078125 0.946875 0.18320312500000002 0.96875 0.184765625 0.996875
2 0.099609375 0.26093750000000004 0.07773437500000002 0.23984375000000002 0.052734375 0.1640625 0.029296875 0.1328125 0.021484375 0.050000000000000044 0.002734375000000011 0.0234375 0.0 0.018515624999999925 0.0 0.002343749999999978 0.381640625 0.0031250000000000444 0.38085937500000006 0.025000000000000022 0.565234375 0.1015625 0.615234375 0.08828124999999998 0.6332031250000001 0.10312500000000002 0.6332031250000001 0.13359374999999996 0.6488281250000001 0.13515624999999998 0.6714843749999999 0.109375 0.6957031250000001 0.13749999999999996 0.673828125 0.16796875 0.6722656250000001 0.29609375000000004 0.606640625 0.303125 0.587890625 0.31328124999999996 0.591015625 0.22265625 0.5738281249999999 0.19687500000000002 0.572265625 0.19140625 0.572265625 0.17812499999999998 0.5628906250000001 0.15859374999999998 0.533984375 0.14140624999999996 0.49023437500000006 0.13515624999999998 0.458203125 0.11875000000000002 0.43398437500000003 0.11484375000000002 0.403515625 0.11406249999999996 0.38476562500000006 0.12812500000000004 0.358203125 0.11250000000000004 0.337109375 0.11406249999999996 0.321484375 0.10703125000000002 0.28554687500000003 0.11796874999999996 0.25820312500000003 0.11328125 0.227734375 0.11406249999999996 0.18007812500000003 0.10781249999999998 0.123046875 0.10234374999999996 0.08554687500000002 0.1015625 0.098046875 0.16640624999999998 0.10039062500000001 0.19999999999999996
1 0.358203125 0.44218749999999996 0.335546875 0.4390625 0.323828125 0.4375 0.306640625 0.41953125 0.300390625 0.40546875000000004 0.28945312500000003 0.38203125000000004 0.26992187500000003 0.35703125 0.276171875 0.33281249999999996 0.291796875 0.33281249999999996 0.280859375 0.28671875 0.30507812500000003 0.25468749999999996 0.344921875 0.23750000000000004 0.366015625 0.24453124999999998 0.38867187500000006 0.27265625000000004 0.40429687500000006 0.24921875000000004 0.41445312500000003 0.22187500000000004 0.446484375 0.21406250000000004 0.467578125 0.21640625000000002 0.49414062500000006 0.19218749999999996 0.5074218749999999 0.17421874999999998 0.537109375 0.18359375 0.5511718750000001 0.19921875 0.559765625 0.1953125 0.5863281250000001 0.22343749999999996 0.580859375 0.3140625 0.575390625 0.32890624999999996 0.548046875 0.353125 0.5472656250000001 0.39609375 0.5464843749999999 0.44062500000000004 0.533203125 0.46015625000000004 0.501171875 0.446875 0.49179687499999997 0.42421875 0.494921875 0.40234375 0.491015625 0.37968749999999996 0.491015625 0.3515625 0.48398437499999997 0.35 0.481640625 0.37890625 0.47226562499999997 0.40234375 0.45742187500000003 0.42500000000000004 0.44101562499999997 0.42734375 0.43398437500000003 0.44062500000000004 0.43007812500000003 0.4296875 0.419140625 0.4296875 0.41992187500000006 0.41874999999999996 0.41445312500000003 0.4046875 0.399609375 0.39296875 0.395703125 0.396875 0.39023437499999997 0.41328125000000004 0.37539062500000003 0.42578125
