2 0.9948895676691729 0.0036419172932331094 0.9978265977443608 0.1211231203007519 0.9420230263157894 0.1005639097744361 0.7716752819548872 0.09615836466165416 0.7525845864661654 0.09028430451127821 0.7511160714285714 0.0036419172932331094
2 0.7555216165413533 0.12259163533834588 0.7569901315789473 0.2312617481203008 0.7746123120300752 0.2312617481203008 0.7716752819548872 0.31203007518796994 0.7569901315789473 0.31203007518796994 0.7613956766917293 0.3296522556390977 0.7746123120300752 0.32818374060150374 0.7746123120300752 0.3414003759398496 0.7613956766917293 0.34727443609022557 0.7702067669172932 0.48090930451127817 0.790765977443609 0.6248237781954887 0.7995770676691729 0.6439144736842105 0.9097156954887218 0.602796052631579 0.983141447368421 0.5690202067669173 0.986078477443609 0.5543350563909775 0.984609962406015 0.4897203947368421 0.9963580827067668 0.4794407894736842 0.9992951127819548 0.47209821428571425 0.9992951127819548 0.1402138157894737 0.9537711466165413 0.11818609022556392 0.793703007518797 0.12406015037593986
2 0.9978265977443608 0.5837053571428572 0.690906954887218 0.7129346804511278 0.5102796052631579 0.7731437969924813 0.3693021616541353 0.801045582706767 0.22391917293233077 0.8083881578947368 0.04329182330827075 0.8039826127819549 0.001953125 0.796687548374613 0.001953125 0.998046875 0.9992951127819548 0.998046875
5 0.9948895676691729 0.5675516917293233 0.7525845864661654 0.6747532894736843 0.6086701127819548 0.7217457706766918 0.48237781954887216 0.7613956766917294 0.3252467105263158 0.790765977443609 0.1813322368421052 0.7966400375939849 0.0036419172932330435 0.7819548872180452 0.002173402255639112 0.790765977443609 0.05357142857142849 0.801045582706767 0.29147086466165417 0.8025140977443609 0.39426691729323304 0.790765977443609 0.49265742481203 0.7716752819548872 0.6057330827067668 0.7393679511278196 0.7584586466165413 0.6835643796992481 0.9097156954887218 0.6174812030075189 0.9948895676691729 0.5822368421052632
3 0.7481790413533834 0.3296522556390977 0.6497885338345865 0.3311207706766917 0.6527255639097744 0.400140977443609 0.690906954887218 0.400140977443609 0.693843984962406 0.4104205827067669 0.7055921052631579 0.4104205827067669 0.7055921052631579 0.40601503759398494 0.7481790413533834 0.40307800751879697 0.7555216165413533 0.36489661654135336
3 0.7423049812030075 0.306156015037594 0.7423049812030075 0.2371358082706767 0.7041235902255639 0.2386043233082707 0.7055921052631579 0.30909304511278196
3 0.7334938909774436 0.4192316729323308 0.6630051691729323 0.4221687030075188 0.6630051691729323 0.44272791353383456 0.7334938909774436 0.44272791353383456
3 0.7423049812030075 0.45300751879699247 0.701186560150376 0.45447603383458646 0.7026550751879699 0.4897203947368421 0.7467105263157895 0.4882518796992481
2 0.7628641917293233 0.4897203947368421 0.7863604323308271 0.6527255639097744 0.6086701127819548 0.7158717105263158 0.4750352443609023 0.7569901315789473 0.31937265037593987 0.7892974624060151 0.2562265037593986 0.790765977443609 0.09762687969924821 0.7878289473684211 0.001953125 0.7822010794449359 0.001953125 0.0917528195488722 0.001953125 0.0036419172932331094 0.5872699326441146 4.336808689942018e-19 0.7129346804511278 0.0036419172932331094 0.7129346804511278 0.07706766917293235 0.7423049812030075 0.07853618421052633 0.7378994360902256 0.14755639097744364 0.7334938909774436 0.21217105263157898 0.6483200187969924 0.23273026315789477 0.6483200187969924 0.2914708646616541 0.6145441729323308 0.3325892857142857 0.6204182330827067 0.3825187969924812 0.6189497180451128 0.4236372180451128 0.6380404135338346 0.46916118421052627 0.6600681390977443 0.46622415413533835 0.6762218045112782 0.45447603383458646 0.693843984962406 0.47062969924812026 0.693843984962406 0.4794407894736842 0.693843984962406 0.504405545112782
5 0.7441681338028169 0.002750880281690141 0.7464605340375587 0.05914392605633803 0.7496698943661972 0.08252640845070423 0.7510453345070423 0.1008656103286385 0.7542546948356808 0.1178293720657277 0.751962294600939 0.1590925762910798 0.7510453345070423 0.22373826291079812 0.7602149354460094 0.23840962441314556 0.7684675762910798 0.23840962441314556 0.7680090962441315 0.2984705105633803 0.7556301349765258 0.30718163145539906 0.746919014084507 0.30626467136150237 0.745543573943662 0.2347417840375587 0.727662852112676 0.2356587441314554 0.7317891725352113 0.22144586267605634 0.7437096537558685 0.19164465962441316 0.7464605340375587 0.08023400821596245 0.7432511737089202 0.07289832746478873 0.7171178110328638 0.07427376760563381 0.7175762910798122 0.002750880281690141
5 0.7464605340375587 0.312224911971831 0.6960277288732395 0.3145173122065728 0.6983201291079812 0.29296875 0.687775088028169 0.29159330985915494 0.6845657276995305 0.25216402582159625 0.67631308685446 0.25216402582159625 0.6767715669014085 0.30672315140845074 0.6694358861502347 0.318643632629108 0.6410101232394366 0.3259793133802817 0.6327574823943662 0.3356073943661972 0.623587881455399 0.3406506748826291 0.623587881455399 0.3612822769953052 0.6245048415492958 0.38283083920187794 0.6254218016431925 0.41125660211267606 0.628631161971831 0.416299882629108 0.6460534037558685 0.416299882629108 0.654306044600939 0.4094226819248826 0.6437610035211268 0.3975022007042254 0.6465118838028169 0.35302963615023475 0.6460534037558685 0.33056411384976525 0.6937353286384976 0.32735475352112675 0.746919014084507 0.3246038732394366 0.7588394953051643 0.32735475352112675 0.7537962147887324 0.3113079518779343
5 0.7698430164319249 0.33285651408450706 0.753337734741784 0.33285651408450706 0.7537962147887324 0.34294307511737093 0.7602149354460094 0.36586707746478875 0.7524207746478873 0.40162852112676056 0.7515038145539906 0.409881161971831 0.7157423708920188 0.41171508215962443 0.705655809859155 0.41675836267605637 0.6868581279342723 0.4121735622065728 0.6854826877934272 0.40804724178403756 0.6611832453051643 0.40758876173708924 0.6501797241784038 0.4172168427230047 0.657056924882629 0.42959580399061037 0.6579738849765258 0.43693148474178406 0.6616417253521127 0.43097124413145543 0.660724765258216 0.42088468309859156 0.662100205399061 0.4172168427230047 0.6767715669014085 0.4172168427230047 0.7184932511737089 0.41996772300469487 0.7579225352112676 0.41813380281690143 0.7620488556338028 0.37320275821596244 0.7592979753521126 0.3511957159624413 0.7680090962441315 0.3415676349765258
5 0.7625073356807511 0.42134316314553993 0.7377494131455399 0.4222601232394366 0.7377494131455399 0.44243324530516437 0.7473774941314554 0.45618764671361506 0.7505868544600939 0.4873642899061033 0.7634242957746479 0.4855303697183099
