3 0.2797227443609023 0.4236372180451128 0.48531484962406013 0.42657424812030076 0.5 0.502937030075188 0.4955944548872181 0.5954534774436091 0.3325892857142857 0.5895794172932332 0.3325892857142857 0.5352443609022557 0.2767857142857143 0.5367128759398496
3 0.3839873120300752 0.26210056390977443 0.4280427631578948 0.26063204887218044 0.43832236842105265 0.28706531954887216 0.4471334586466166 0.3046875 0.4471334586466166 0.32671522556390975 0.37517622180451127 0.3296522556390977 0.37370770676691734 0.307624530075188 0.3795817669172933 0.29000234962406013
4 0.596921992481203 0.7041235902255639 0.6424459586466166 0.70265507518797 0.6439144736842105 0.7364309210526316 0.6321663533834586 0.7349624060150376 0.6351033834586466 0.798108552631579 0.595453477443609 0.798108552631579
3 0.595453477443609 0.701186560150376 0.5675516917293233 0.6600681390977444 0.6439144736842105 0.6600681390977444 0.6806273496240601 0.6850328947368421 0.6820958646616542 0.7041235902255639 0.6879699248120301 0.7731437969924813 0.7144031954887218 0.7819548872180452 0.7202772556390978 0.8245418233082707 0.6850328947368421 0.8201362781954887 0.6850328947368421 0.8318843984962406 0.6512570488721805 0.701186560150376
3 0.5690202067669173 0.6688792293233083 0.5763627819548872 0.8406954887218046 0.6747532894736842 0.8377584586466166 0.6512570488721805 0.7144031954887218 0.6512570488721805 0.7525845864661654 0.6424459586466166 0.7525845864661654 0.6424459586466166 0.7995770676691729 0.5939849624060151 0.8069196428571429 0.5910479323308271 0.7085291353383459
3 0.4765037593984962 0.6585996240601504 0.4926574248120301 0.6585996240601504 0.4926574248120301 0.6953125 0.4750352443609023 0.692375469924812
3 0.17821140552995393 0.6399409562211982 0.17461117511520738 0.6606422811059908 0.19171226958525348 0.6642425115207373 0.20071284562211983 0.6543418778801844
3 0.06390408986175115 0.5310339861751152 0.06030385944700461 0.546334965437788 0.07110455069124424 0.5553355414746544 0.08640552995391705 0.5526353686635945 0.09090581797235023 0.5400345622119815 0.0801051267281106 0.529233870967742
3 0.1549907483552632 0.6566097861842105 0.14471114309210528 0.664319490131579 0.14599609375000003 0.678453947368421 0.16013055098684212 0.678453947368421 0.1665553042763158 0.6720291940789473
3 0.37440303156146176 0.1589752906976744 0.38348733388704315 0.16676183554817275 0.38543397009966773 0.17519725913621262 0.38283845514950166 0.18493044019933552 0.37115863787375414 0.18817483388704317 0.35753218438538203 0.18363268272425248 0.356234426910299 0.17195286544850497 0.36272321428571425 0.16157080564784052
3 0.3082174003322259 0.3516922757475083 0.3322259136212624 0.34844788205980065 0.3354703073089701 0.3769985465116279 0.31600394518272423 0.38543397009966773 0.3043241279069767 0.3802429401993355
3 0.2905753251445087 0.8296604046242775 0.3379922326589595 0.8183706647398844 0.3413791546242775 0.8398211705202312 0.2928332731213873 0.8567557803468209
2 0.28286687271062266 0.7600589514652015 0.32006925366300365 0.7511160714285715 0.3236464056776557 0.7625629578754579 0.28429773351648346 0.7740098443223443
2 0.31684981684981683 0.7797332875457875 0.32436183608058605 0.7765138507326008 0.32901213369963367 0.8008384844322345 0.31863839285714285 0.8033424908424909
1 0.468894675925926 0.11140046296296295 0.4529803240740741 0.17939814814814814 0.4703414351851852 0.21846064814814814 0.4587673611111111 0.2445023148148148 0.43995949074074076 0.25318287037037035 0.44864004629629634 0.27777777777777773 0.47902199074074076 0.2806712962962963 0.4905960648148148 0.3023726851851852 0.48336226851851855 0.32696759259259256 0.47468171296296297 0.35590277777777773 0.48770254629629634 0.37760416666666663 0.5122974537037037 0.390625 0.5311053240740742 0.3935185185185185 0.5441261574074074 0.36168981481481477 0.5354456018518519 0.3255208333333333 0.5151909722222223 0.3038194444444444 0.4992766203703704 0.2719907407407407 0.5224247685185186 0.2546296296296296 0.5499131944444444 0.2690972222222222 0.59765625 0.24739583333333331 0.6092303240740742 0.21556712962962962 0.6150173611111112 0.1736111111111111 0.5571469907407407 0.1244212962962963 0.5108506944444444 0.11140046296296295 0.4949363425925926 0.10706018518518517
1 0.6728877314814814 0.16203703703703703 0.7524594907407407 0.14033564814814814 0.7785011574074074 0.16059027777777776 0.7958622685185186 0.21990740740740738 0.7944155092592593 0.28935185185185186 0.7524594907407407 0.3284143518518518 0.6830150462962963 0.3370949074074074 0.6714409722222223 0.2936921296296296 0.6555266203703705 0.23148148148148145 0.6468460648148149 0.2054398148148148
1 0.9911747685185186 0.45138888888888884 0.898582175925926 0.5092592592592592 0.9029224537037037 0.5512152777777778 0.9188368055555556 0.5960648148148148 0.9390914351851851 0.6163194444444444 0.9014756944444444 0.6510416666666666 0.9390914351851851 0.6886574074074073 0.9144965277777779 0.7074652777777777 0.98828125 0.6958912037037036 0.998046875 0.6948061342592592 0.998046875 0.45283564814814814
5 0.5545058139534884 0.2865188953488372 0.5802446705426356 0.30165939922480617 0.6196099806201549 0.34708091085271314 0.6074975775193798 0.37281976744186046 0.6150678294573644 0.4409520348837209 0.6453488372093024 0.4909156976744186 0.6816860465116279 0.5469355620155039 0.7407340116279071 0.6483769379844961 0.8058381782945736 0.7937257751937985 0.860343992248062 0.9133357558139535 0.9390746124031009 0.996608527131783 0.9042514534883721 0.996608527131783 0.8391472868217054 0.9315043604651163 0.799781976744186 0.8633720930232558 0.7240794573643412 0.6726017441860466 0.663517441860465 0.5620760658914729 0.6165818798449612 0.48788759689922484 0.5454215116279069 0.36676356589147285
0 0.7634447674418605 0.007933624031007766 0.998046875 0.21836460535588437 0.998046875 0.17902131782945738 0.8527737403100775 0.04124273255813955 0.8285489341085273 0.004905523255813966 0.8023861434108527 0.0
2 0.8185679611650485 0.9133798543689321 0.3122724514563108 0.9114836165048544 0.3122724514563108 0.8659739077669902 0.3558859223300971 0.8337378640776699 0.35778216019417486 0.7958131067961165 0.32554611650485443 0.712378640776699 0.2895175970873787 0.6991049757281553 0.2534890776699029 0.6991049757281553 0.3122724514563108 0.666868932038835 0.31416868932038844 0.6213592233009709 0.28572512135922334 0.6005006067961165 0.24780036407766992 0.5853307038834952 0.22314927184466027 0.5663683252427184 0.18901699029126218 0.4734526699029127 0.17763956310679618 0.40329186893203883 0.23073422330097093 0.40898058252427183 0.264866504854369 0.4108768203883495 0.2838288834951457 0.3900182038834952 0.26865898058252435 0.5284435679611651 0.31985740291262144 0.5436134708737864 0.3274423543689321 0.6061893203883495 0.4620752427184467 0.5986043689320388 0.4620752427184467 0.7047936893203883 0.5587833737864079 0.7047936893203883 0.5663683252427185 0.8545964805825242 0.7521996359223302 0.8394265776699029 0.7275485436893203 0.7540958737864077 0.7047936893203883 0.7332372572815534 0.6877275485436893 0.683935072815534 0.649802791262136 0.6441140776699029 0.5701608009708738 0.6422178398058253 0.5474059466019419 0.6611802184466019 0.5511984223300972 0.683935072815534 0.511377427184466 0.6953125 0.5075849514563107 0.6384253640776699 0.471556432038835 0.6441140776699029 0.477245145631068 0.6005006067961165 0.5189623786407767 0.6061893203883495 0.505688713592233 0.5360285194174758 0.517066140776699 0.5037924757281553 0.5834344660194175 0.5037924757281553 0.6042930825242718 0.5948118932038835 0.6687651699029127 0.6403216019417476 0.723756067961165 0.6915200242718447
2 0.28849085365853655 0.3723323170731707 0.28753810975609756 0.41520579268292684 0.4799923780487805 0.41806402439024387 0.5247713414634146 0.42378048780487804 0.5352515243902439 0.3990091463414634 0.48666158536585363 0.383765243902439 0.4685594512195122 0.36089939024390244 0.4733231707317073 0.33517530487804875 0.47808689024390244 0.30373475609756095 0.4580792682926829 0.29325457317073167 0.45426829268292684 0.3094512195121951 0.4533155487804878 0.3332698170731707 0.3780487804878049 0.33517530487804875 0.36375762195121947 0.33517530487804875 0.3723323170731707 0.30087652439024387 0.33041158536585363 0.30373475609756095 0.33422256097560976 0.3389862804878049 0.3485137195121951 0.3647103658536585 0.3285060975609756 0.39329268292682923 0.3018292682926829 0.3875762195121951
2 0.32469512195121947 0.3084984756097561 0.28563262195121947 0.3132621951219512 0.29134908536585363 0.3332698170731707 0.30087652439024387 0.3475609756097561 0.32755335365853655 0.344702743902439
1 0.15510670731707313 0.32755335365853655 0.19131097560975607 0.3285060975609756 0.21227134146341461 0.33231707317073167 0.23037347560975607 0.32755335365853655 0.2627667682926829 0.3180259146341463 0.2865853658536585 0.3332698170731707 0.2999237804878049 0.3599466463414634 0.2846798780487805 0.36661585365853655 0.2741996951219512 0.37709603658536583 0.2608612804878048 0.38948170731707316 0.23418445121951217 0.39996189024390244 0.2084603658536585 0.3875762195121951 0.1960746951219512 0.36661585365853655 0.1817835365853658 0.3875762195121951 0.16368140243902435 0.37900152439024387 0.15605945121951215 0.3494664634146341
2 0.0020276717557252133 0.5581464694656488 0.05122853053435117 0.5462189885496184 0.07508349236641221 0.5149093511450382 0.10192032442748095 0.5208730916030535 0.10639312977099236 0.5387643129770993 0.14813931297709926 0.5342915076335878 0.1973401717557252 0.5208730916030535 0.16453959923664124 0.39414360687022904 0.14068463740458015 0.3285424618320611 0.3702886450381679 0.29126908396946566 0.3866889312977099 0.25101383587786263 0.42247137404580154 0.24803196564885496 0.45825381679389315 0.21821326335877864 0.4403625954198473 0.16603053435114504 0.46570849236641215 0.0989384541984733 0.556655534351145 0.10192032442748093 0.6088382633587786 0.05271946564885498 0.5656011450381679 0.005009541984732843 0.0005367366412213914 0.0035186068702290265
2 0.005009541984732857 0.573055820610687 0.04526479007633588 0.6774212786259542 0.07508349236641221 0.7266221374045801 0.1272662213740458 0.8250238549618321 0.1541030534351145 0.8786975190839694 0.19435830152671757 0.9905176526717556 0.3173355995547086 0.998046875 0.30319656488549623 0.9070252862595419 0.24952290076335876 0.7176765267175572 0.1719942748091603 0.7102218511450382 0.13621183206106868 0.6863668893129771 0.12577528625954199 0.6565481870229007 0.16006679389312978 0.6371660305343512 0.1973401717557252 0.614802003816794 0.21970419847328243 0.6103291984732825 0.2062857824427481 0.573055820610687 0.19286736641221375 0.532800572519084 0.12130248091603052 0.5462189885496184 0.09297471374045801 0.5641102099236641 0.0571922709923664 0.5685830152671756 0.048246660305343525 0.556655534351145
1 0.005009541984732857 0.5984017175572519 0.0005854258506802794 0.998046875 0.18392175572519082 0.998046875
2 0.31810591603053434 0.923425572519084 0.8101145038167938 0.923425572519084 0.8947809816316795 0.998046875 0.3285424618320611 0.998046875
2 0.5685830152671756 0.0035186068702290265 0.6073473282442747 0.039301049618320635 0.6252385496183206 0.06911975190839696 0.5641102099236641 0.10937500000000001 0.6192748091603053 0.15708492366412213 0.6729484732824427 0.15708492366412213 0.7460042938931297 0.1362118320610687 0.7862595419847327 0.15410305343511452 0.8116054389312977 0.24057729007633585 0.8071326335877862 0.3121421755725191 0.7415314885496183 0.3449427480916031 0.6729484732824427 0.35239742366412213 0.6461116412213741 0.24206822519083968 0.655057251908397 0.16603053435114504 0.6237476145038168 0.1869036259541985 0.6162929389312977 0.22715887404580154 0.5849833015267176 0.27039599236641226 0.5670920801526718 0.27337786259541985 0.6013835877862594 0.3106512404580153 0.6237476145038168 0.33748807251908397 0.6282204198473282 0.3687977099236641 0.6192748091603053 0.4015982824427481 0.6252385496183206 0.43141698473282447 0.6431297709923665 0.4627266221374046 0.6729484732824427 0.5134184160305344 0.6997853053435115 0.556655534351145 0.7296040076335877 0.6028745229007634 0.7489861641221374 0.6446207061068703 0.768368320610687 0.6833850190839694 0.7937142175572518 0.7325858778625954 0.8190601145038168 0.7877504770992366 0.8414241412213739 0.8309875954198473 0.8772065839694656 0.8995706106870229 0.9040434160305342 0.9308802480916031 0.9457895992366412 0.9726264312977099 0.9920085877862594 0.9964813931297709 0.9979723282442747 0.8816793893129771 0.9949904580152671 0.7206583969465649 0.9025524809160304 0.7206583969465649 0.9234255725190839 0.6893487595419847 0.8831703244274809 0.6476025763358779 0.9159708969465647 0.614802003816794 0.890625 0.5432371183206107 0.8891340648854962 0.4925453244274809 0.947280534351145 0.459744751908397 0.9920085877862594 0.41650763358778625 0.998046875 0.3940797096510357 0.9979723282442747 0.3225787213740458 0.9920085877862594 0.23759541984732824 0.9428077290076335 0.1809398854961832 0.8578244274809159 0.11384780534351147 0.7430224236641221 0.00202767175572521
2 0.8384422709923662 0.0005367366412213932 0.998046875 0.16159229159437896 0.998046875 0.0005367366412213932
