3 0.6946149553571428 0.9931640625 0.7001953125 0.7504185267857142 0.5425502232142857 0.7476283482142857 0.5397600446428571 0.7643694196428571 0.5272042410714286 0.7713448660714285 0.5285993303571428 0.8201729910714285 0.5495256696428571 0.8383091517857142 0.5565011160714286 0.8759765625 0.5313895089285714 0.9010881696428571 0.5397600446428571 0.9275948660714285 0.5411551339285714 0.9806082589285714
3 0.3472377232142857 0.9987444196428571 0.1463448660714285 0.9973493303571428 0.1477399553571429 0.9764229910714285 0.1630859375000001 0.9750279017857142 0.1812220982142857 0.9457310267857142 0.2356305803571429 0.9471261160714285 0.2398158482142857 0.9303850446428571 0.2007533482142857 0.9234095982142857 0.2063337053571429 0.9122488839285714 0.3263113839285714 0.9066685267857142 0.3263113839285714 0.9499162946428571 0.3514229910714286 0.9554966517857142 0.3528180803571429 0.9820033482142857 0.34728064903846145 1.0
3 0.3599330357142858 0.8158482142857143 0.3744419642857143 0.7901785714285714 0.3800223214285715 0.7611607142857143 0.37109375 0.7232142857142857 0.3387276785714286 0.7075892857142857 0.3097098214285715 0.7377232142857143 0.3063616071428572 0.7845982142857143 0.32421875 0.8091517857142857
3 0.6166294642857143 0.6506696428571428 0.6356026785714286 0.4732142857142857 0.6143973214285714 0.3035714285714286 0.4157366071428572 0.3058035714285714 0.40234375 0.46875 0.3822544642857143 0.4654017857142857 0.3822544642857143 0.5089285714285714 0.3777901785714286 0.5803571428571428 0.37109375 0.6484375 0.3733258928571429 0.6741071428571428 0.3967633928571429 0.6953125 0.4190848214285715 0.7075892857142857 0.4291294642857143 0.734375 0.4938616071428572 0.7388392857142857 0.49609375 0.6529017857142857 0.4983258928571429 0.6696428571428572 0.5184151785714286 0.6696428571428572 0.5184151785714286 0.6506696428571428
3 0.48828125 0.2589285714285714 0.4280133928571429 0.2600446428571429 0.4280133928571429 0.2511160714285714 0.4157366071428572 0.2488839285714286 0.4146205357142858 0.1796875 0.4246651785714286 0.171875 0.42578125 0.1540178571428571 0.4347098214285715 0.1540178571428571 0.4358258928571429 0.1316964285714286 0.4893973214285715 0.1350446428571429 0.4893973214285715 0.1573660714285714
3 0.33984375 0.2845982142857143 0.33984375 0.1774553571428571 0.3309151785714286 0.1540178571428571 0.2293526785714286 0.1607142857142857 0.2237723214285715 0.2154017857142857 0.2315848214285715 0.2834821428571429 0.2650669642857143 0.2924107142857143
3 0.0228794642857143 0.3013392857142857 0.011718750000000111 0.2912946428571429 0.001953125 0.2912946428571429 0.001953125 0.2332589285714286 0.001953125 0.014508928571428603 0.01953125000000011 0.022321428571428603 0.0239955357142857 0.0591517857142857 0.057477678571428714 0.0580357142857143 0.0686383928571429 0.0792410714285714 0.0920758928571429 0.0904017857142857 0.0842633928571429 0.1361607142857143 0.07421875000000011 0.1930803571428571 0.0764508928571429 0.2220982142857143 0.06752232142857151 0.2488839285714286 0.04408482142857151 0.2600446428571429 0.045200892857142905 0.3058035714285714
3 0.5296456473214286 0.939453125 0.4720982142857142 0.9342215401785714 0.4703543526785714 0.9150390625 0.5052315848214286 0.9063197544642857
3 0.48858322942643384 0.8110193266832918 0.4880961658354115 0.7998168640897756 0.47104894014962595 0.7925109102244389 0.45838528678304236 0.7895885286783042 0.4540017144638404 0.7978686097256857 0.45448877805486276 0.8061486907730673 0.4564370324189526 0.8105322630922693 0.47348425810473815 0.8100451995012469
1 0.7419008027522935 0.7777379587155964 0.7114392201834863 0.7651949541284404 0.7042717889908257 0.7293577981651376 0.7257740825688073 0.6881450688073394 0.7401089449541285 0.6666427752293578 0.7401089449541285 0.6290137614678899 0.7329415137614679 0.591384747706422 0.7114392201834863 0.5680905963302751 0.6720183486238531 0.5465883027522935 0.6576834862385321 0.5035837155963303 0.6738102064220184 0.48028956422018343 0.7114392201834863 0.485665137614679 0.7347333715596331 0.5358371559633028 0.7580275229357798 0.5358371559633028 0.784905389908257 0.5376290137614679 0.7920728211009174 0.5967603211009174 0.8081995412844036 0.6505160550458715 0.8081995412844036 0.7006880733944953 0.7920728211009174 0.7383170871559632
1 0.7580275229357798 0.5035837155963303 0.7347333715596331 0.44982798165137616 0.7275659403669725 0.40682339449541294 0.722190366972477 0.34410837155963314 0.7132310779816513 0.3082712155963303 0.6953125 0.2939363532110091 0.668434633027523 0.25451548165137616 0.6720183486238531 0.2348050458715596 0.6612672018348624 0.19896788990825698 0.6325974770642202 0.19896788990825698 0.6057196100917432 0.18463302752293576 0.6236381880733946 0.1613388761467891 0.6343893348623852 0.13983658256880727 0.6433486238532111 0.1129587155963303 0.6415567660550459 0.08428899082568808 0.6397649082568808 0.06637041284403677 0.6558916284403671 0.053827408256880815 0.668434633027523 0.041284403669724856 0.680977637614679 0.046659977064220204 0.693520642201835 0.06457855504587151 0.7132310779816513 0.048451834862385246 0.7132310779816513 0.03053325688073394 0.7186066513761469 0.012614678899082632 0.7436926605504588 0.0036553899082567565 0.7902809633027523 0.00544724770642202 0.784905389908257 0.05203555045871555 0.7974483944954129 0.1057912844036697 0.8153669724770642 0.1308772935779816 0.8171588302752293 0.16671444954128445 0.8117832568807339 0.2240538990825689 0.7974483944954129 0.25093176605504586 0.7902809633027523 0.290352637614679 0.8046158256880733 0.319022362385321 0.8064076834862386 0.33873279816513757 0.7938646788990826 0.41757454128440363 0.7831135321100917 0.4605791284403671 0.772362385321101 0.4892488532110091
1 0.29572821100917435 0.801032110091743 0.29931192660550465 0.759819380733945 0.2939363532110093 0.7311496559633027 0.26347477064220204 0.697104357798165 0.25989105504587173 0.6773939220183486 0.2383887614678899 0.6523079128440367 0.2276376146788992 0.6343893348623852 0.21330275229357798 0.6164707568807339 0.2061353211009176 0.5931766055045871 0.19717603211009194 0.5662987385321101 0.19180045871559637 0.526877866972477 0.18642488532110102 0.5 0.18104931192660567 0.46953841743119273 0.19538417431192667 0.422950114678899 0.19538417431192667 0.40323967889908263 0.13625286697247718 0.34410837155963314 0.12370986238532122 0.3297735091743119 0.0914564220183487 0.3261897935779816 0.05920298165137616 0.3333572247706422 0.05024369266055051 0.3889048165137614 0.052035550458715774 0.42474197247706424 0.016198394495412938 0.4444524082568808 0.001953125 0.49858443233945005 0.005447247706422242 0.6218463302752293 0.046659977064220204 0.6469323394495412 0.06995412844036708 0.7024799311926606 0.07174598623853212 0.7419008027522935 0.06099483944954143 0.7634030963302751 0.028741399082568897 0.8081995412844036 0.001953125 0.8498701898572885 0.001953125 0.8995842889908257 0.007239105504587284 0.9838016055045871 0.021573967889908285 0.9981364678899082 0.09324827981651396 0.9999283256880733 0.09365443425076492 1.0 0.1470040137614681 0.9605074541284403 0.17029816513761475 0.9282540137614679 0.20792717889908263 0.8942087155963303 0.23301318807339455 0.8744982798165137 0.2652666284403671 0.8440366972477065
2 0.5215022935779816 0.8960005733944953 0.43549311926605516 0.892416857798165 0.36561066513761475 0.8888331422018348 0.31006307339449557 0.890625 0.25451548165137616 0.8942087155963303 0.22942947247706424 0.8888331422018348 0.26347477064220204 0.8619552752293578 0.27780963302752304 0.8476204128440367 0.290352637614679 0.8261181192660549 0.3190223623853212 0.8243262614678899 0.37636181192660567 0.8332855504587156 0.4050315366972479 0.8243262614678899 0.36919438073394506 0.8207425458715596 0.3781536697247707 0.801032110091743 0.38711295871559637 0.7849053899082569 0.3853211009174313 0.7651949541284404 0.3853211009174313 0.7454845183486238 0.3853211009174313 0.7293577981651376 0.3745699541284404 0.7060636467889908 0.34769208715596345 0.7024799311926606 0.3082712155963303 0.7186066513761468 0.29214449541284404 0.709647362385321 0.27064220183486243 0.6863532110091743 0.2455561926605505 0.6415567660550459 0.23659690366972486 0.6182626146788991 0.22226204128440386 0.591384747706422 0.2276376146788992 0.5824254587155964 0.25809919724770647 0.5878010321100917 0.2796014908256881 0.5734661697247707 0.28139334862385335 0.5447964449541285 0.28497706422018365 0.5179185779816513 0.2867689220183487 0.4892488532110091 0.2867689220183487 0.46595470183486243 0.2867689220183487 0.4372849770642202 0.25809919724770647 0.410407110091743 0.2419724770642202 0.410407110091743 0.22226204128440386 0.41757454128440363 0.21688646788990829 0.4444524082568808 0.21688646788990829 0.4713302752293578 0.21688646788990829 0.4928325688073394 0.21509461009174324 0.514334862385321 0.21688646788990829 0.5394208715596329 0.21688646788990829 0.5752580275229358 0.19538417431192667 0.5358371559633028 0.19717603211009194 0.5161267201834863 0.19896788990825698 0.4928325688073394 0.19896788990825698 0.4784977064220184 0.20075974770642202 0.4587872706422018 0.20434346330275233 0.44624426605504586 0.2061353211009176 0.4301175458715596 0.2061353211009176 0.40682339449541294 0.19717603211009194 0.381737385321101 0.18463302752293598 0.36919438073394506 0.17209002293578002 0.3530676605504588 0.13804472477064222 0.32439793577981657 0.08787270642201839 0.3082712155963303 0.06099483944954143 0.32081422018348627 0.041284403669724856 0.3423165137614679 0.041284403669724856 0.39786410550458706 0.02515768348623859 0.4301175458715596 0.001953125 0.4301175458715596 0.001953125 0.3638188073394495 0.001953125 0.30647935779816504 0.04307626146789012 0.31723050458715596 0.05561926605504608 0.29214449541284404 0.053827408256880815 0.2652666284403671 0.08249713302752304 0.25093176605504586 0.0914564220183487 0.21867832568807333 0.08787270642201839 0.1828411697247707 0.08966456422018365 0.1541714449541285 0.10041571100917435 0.11833428899082565 0.10220756880733961 0.08787270642201839 0.07353784403669739 0.06637041284403677 0.06099483944954143 0.046659977064220204 0.034116972477064245 0.04486811926605494 0.034116972477064245 0.012614678899082632 0.012793864678899203 0.001953125 0.2312213302752295 0.001953125 0.32439793577981657 0.001953125 0.3297735091743119 0.13983658256880727 0.24913990825688082 0.15237958715596323 0.21867832568807355 0.14879587155963314 0.2097190366972479 0.1792574541284404 0.2204701834862386 0.2527236238532111 0.22584575688073394 0.290352637614679 0.24734805045871577 0.30289564220183496 0.2939363532110093 0.3118549311926606 0.3423165137614679 0.2975200688073394 0.3566513761467891 0.26885034403669716 0.35127580275229375 0.2276376146788992 0.35127580275229375 0.19538417431192667 0.3494839449541285 0.17029816513761475 0.34769208715596345 0.14879587155963314 0.33694094036697253 0.09862385321100908 0.33694094036697253 0.046659977064220204 0.33694094036697253 0.009030963302752326 0.37277809633027537 0.021573967889908285 0.41399082568807355 0.009030963302752326 0.42832568807339455 0.08787270642201839 0.41399082568807355 0.15237958715596323 0.40323967889908263 0.17746559633027514 0.40323967889908263 0.20971903669724767 0.4050315366972479 0.25093176605504586 0.41399082568807355 0.28497706422018343 0.3978641055045873 0.4516198394495412 0.36561066513761475 0.4516198394495412 0.35485951834862384 0.6451404816513762 0.3638188073394497 0.6773939220183486 0.3996559633027523 0.7114392201834863 0.4121989678899083 0.7186066513761468 0.42474197247706424 0.7419008027522935 0.4749139908256881 0.7436926605504587 0.512543004587156 0.7544438073394495 0.49104071100917435 0.786697247706422 0.4480361238532111 0.7777379587155964 0.43549311926605516 0.7974483944954128 0.4372849770642202 0.8153669724770642 0.4713302752293578 0.8261181192660549 0.4964162844036697 0.8207425458715596 0.5017918577981653 0.7884891055045871 0.5197104357798166 0.7831135321100917 0.5197104357798166 0.8099913990825688 0.5376290137614679 0.8404529816513762 0.5465883027522935 0.8673308486238531
2 0.43549311926605516 0.12550172018348627 0.47312213302752304 0.1272935779816513 0.4892488532110093 0.1272935779816513 0.512543004587156 0.1756737385321101 0.5071674311926606 0.2204701834862386 0.5304615825688073 0.1900086009174311 0.5465883027522935 0.15596330275229353 0.5537557339449541 0.2204701834862386 0.5537557339449541 0.27064220183486243 0.5788417431192661 0.29214449541284404 0.6236381880733946 0.29214449541284404 0.6397649082568808 0.34052465596330284 0.722190366972477 0.4713302752293578 0.7419008027522935 0.4964162844036697 0.722190366972477 0.40682339449541294 0.7168147935779816 0.3566513761467891 0.709647362385321 0.3261897935779816 0.6720183486238531 0.2760177752293578 0.6540997706422018 0.24376433486238525 0.6523079128440368 0.21688646788990829 0.6218463302752293 0.20613532110091737 0.589592889908257 0.1828411697247707 0.6075114678899083 0.15954701834862384 0.6254300458715596 0.12191800458715596 0.6272219036697249 0.07174598623853212 0.6379730504587156 0.03949254587155959 0.6773939220183487 0.03053325688073394 0.6899369266055047 0.05024369266055051 0.7140822104357798 0.001953125 0.4193663990825689 0.001953125
2 0.007239105504587284 0.8046158256880733 0.001953125 0.7940438646788989 0.001953125 0.7186066513761468 0.001953125 0.6361811926605505 0.03053325688073416 0.6469323394495412 0.05741112385321112 0.682769495412844 0.05741112385321112 0.7490682339449541 0.026949541284403855 0.8081995412844036 0.001953125 0.834862385321101
2 0.6961805555555556 0.7445913461538461 0.5584602029914529 0.7454260149572649 0.5325854700854701 0.7437566773504274 0.5250734508547008 0.762119391025641 0.51171875 0.7746394230769231 0.5150574252136753 0.7587807158119658 0.5108840811965811 0.7454260149572649 0.5000333867521367 0.7379139957264957 0.4983640491452991 0.7253939636752136 0.4983640491452991 0.7036925747863247 0.49919871794871795 0.6895032051282051 0.503372061965812 0.6819911858974359 0.5167267628205128 0.672809829059829 0.5234041132478633 0.6703058226495726 0.5225694444444444 0.6602897970085471 0.5434361645299145 0.6552817841880342 0.5951856303418803 0.6536124465811965 0.617721688034188 0.6552817841880342 0.6294070512820513 0.6202256944444444 0.6360844017094016 0.5467748397435896 0.6402577457264957 0.47415865384615385 0.6277377136752136 0.3931957799145299 0.6252337072649572 0.37900641025641024 0.6861645299145299 0.47415865384615385 0.651943108974359 0.49502537393162394 0.6536124465811965 0.5192307692307692 0.6711404914529915 0.5551215277777777 0.6886685363247863 0.5634682158119657 0.711204594017094 0.5793269230769231 0.7270633012820513 0.5976896367521367 0.7320713141025641 0.643596420940171 0.7170472756410255 0.6769831730769231
2 0.26963533503134796 0.572094190830721 0.26871693769592475 0.5378073569749217 0.24881832876175547 0.5375012245297806 0.24973672609717867 0.5687267339341693
2 0.24330794474921635 0.5705635286050157 0.22524613048589337 0.5699512637147335 0.22616452782131657 0.5430116085423198 0.24269567985893414 0.539338019200627
2 0.26932920258620685 0.5212762049373041 0.2537164478840126 0.5203578076018809 0.251267388322884 0.48729550352664575 0.26963533503134796 0.48392804663009403
2 0.24514473942006265 0.5191332778213167 0.22340933581504707 0.5188271453761756 0.22371546826018807 0.48484644396551724 0.24453247452978055 0.48392804663009403
2 0.26688014302507834 0.46770302703761757 0.27024759992163006 0.43617138518808773 0.26565561324451414 0.4251506171630094 0.2552471101097179 0.41719117358934166 0.2503489909874608 0.4242322198275862 0.2515735207680251 0.446579888322884 0.2515735207680251 0.46709076214733547 0.26443108346394983 0.46984595415360497 0.26351268612852663 0.469539821708464
1 0.24575700431034486 0.46709076214733547 0.24483860697492166 0.43708978252351094 0.22493999804075238 0.43647751763322884 0.22616452782131657 0.4701520865987461
5 0.6903918362403101 0.9985010901162791 0.4973504118217055 0.9985010901162791 0.4549570009689923 0.946266351744186 0.3830396075581396 0.939453125 0.3429172722868217 0.946266351744186 0.3292908187984497 0.939453125 0.3262627180232558 0.9076580668604651 0.2672147529069767 0.9053869912790697 0.2142229893410853 0.9061440164728682 0.19226925872093026 0.9227985707364341 0.2164940649224807 0.9265836967054264 0.23012051841085268 0.939453125 0.1862130571705427 0.9417242005813954 0.17712875484496127 0.9235555959302325 0.19756843507751942 0.9046299660852712 0.22179324127906974 0.8910035125968992 0.3141503149224807 0.8947886385658914 0.35805777616279066 0.8963026889534884 0.43300327034883723 0.9000878149224806 0.4685834544573644 0.9076580668604651 0.4632842781007752 0.9288547722868217 0.4897801598837209 0.9386960998062015 0.526874394379845 0.9447523013565892 0.533687621124031 0.9818465358527132
5 0.7734665427509293 0.5273292286245352 0.7364370353159851 0.5266031598513011 0.7211895910780669 0.5033689591078067 0.7132028345724907 0.4830390334572491 0.6965032527881041 0.4765044144981413 0.6848861524163569 0.4634351765799256 0.6681865706319703 0.43366635687732336 0.649308782527881 0.406801812267658 0.6289788568773234 0.3821154739776952 0.6209921003717471 0.34944237918215615 0.6180878252788105 0.31096073420074344 0.64567843866171 0.35307272304832715 0.6631040892193308 0.38865009293680297 0.6972293215613383 0.44673559479553904 0.7240938661710037 0.4794086895910781 0.7422455855018587 0.5026428903345725 0.772014405204461 0.5055471654275092
0 0.9975818452380952 0.9991319444444444 0.7774677579365079 0.9975818452380952 0.6968625992063493 0.9696800595238095 0.703062996031746 0.7697172619047619 0.7604166666666667 0.7898685515873016 0.7743675595238095 0.7681671626984127 0.8224206349206349 0.7185639880952381 0.8255208333333333 0.6736111111111112 0.8146701388888888 0.6240079365079365 0.7976190476190477 0.5682043650793651 0.7883184523809523 0.5124007936507937 0.7898685515873016 0.476748511904762 0.7991691468253967 0.43799603174603174 0.8100198412698412 0.39459325396825395 0.8208705357142856 0.34033978174603174 0.8146701388888888 0.3031374007936508 0.8084697420634921 0.28453621031746035 0.8069196428571428 0.26748511904761907 0.8239707341269842 0.23958333333333337 0.8317212301587301 0.18687996031746035 0.8208705357142856 0.109375 0.800719246031746 0.08767361111111116 0.7976190476190477 0.024119543650793718 0.810087658110119 0.001953125 1.0 0.001953125
