3 0.38251879699248126 0.27238016917293234 0.2797227443609023 0.5279017857142857 0.2973449248120301 0.5455239661654135 0.3281837406015038 0.5675516917293233 0.3531484962406015 0.505874060150376 0.3766447368421053 0.5205592105263158 0.42216870300751885 0.40601503759398494 0.3957354323308271 0.3737077067669173 0.407483552631579 0.3208411654135338 0.4324483082706767 0.30909304511278196
2 0.6468515037593985 0.596921992481203 0.598390507518797 0.7378994360902256 0.6145441729323309 0.7790178571428572 0.6630051691729323 0.7378994360902256 0.6865014097744361 0.6732847744360902 0.6938439849624061 0.6439144736842105 0.6630051691729323 0.6248237781954887
2 0.7261513157894738 0.45300751879699247 0.7790178571428571 0.4765037593984962 0.7922344924812029 0.49559445488721804 0.7746123120300751 0.5279017857142857 0.7555216165413533 0.5279017857142857 0.6953125 0.49999999999999994 0.7070606203007519 0.47356672932330823 0.7129346804511278 0.46622415413533835
2 0.7775493421052632 0.3355263157894737 0.8142622180451128 0.2797227443609023 0.8495065789473685 0.2195136278195489 0.88328242481203 0.17545817669172936 0.9038416353383459 0.17692669172932332 0.9185267857142857 0.22245065789473686 0.9185267857142857 0.25916353383458646 0.9067786654135338 0.3046875 0.887687969924812 0.36783364661654133 0.8759398496240601 0.38839285714285715 0.8436325187969925 0.36342810150375937
1 0.6688792293233082 0.5161536654135339 0.7290883458646616 0.5161536654135339 0.7643327067669173 0.5411184210526316 0.7790178571428571 0.5763627819548872 0.7408364661654135 0.6262922932330828 0.6997180451127819 0.6395089285714286 0.6571311090225564 0.6130756578947368 0.6571311090225564 0.5558035714285715
1 0.7555216165413533 0.36489661654135336 0.8142622180451128 0.36783364661654133 0.8597861842105262 0.398672462406015 0.8568491541353384 0.4588815789473684 0.8098566729323308 0.4588815789473684 0.8083881578947368 0.46769266917293234 0.7702067669172933 0.46769266917293234 0.7334938909774437 0.44566494360902253 0.7334938909774437 0.4221687030075188
1 0.2738486842105263 0.5279017857142857 0.38692434210526316 0.24300986842105265 0.0 0.004113399621212099 0.0007040030912109094 0.9980468749999998 0.4559445488721805 0.9948895676691729 0.5411184210526316 0.8083881578947368 0.2576950187969925 0.6218867481203008
1 0.43832236842105265 0.5690202067669173 0.4162946428571429 0.6439144736842105 0.45007048872180455 0.6806273496240601 0.46622415413533835 0.6116071428571429
1 0.005110432330827086 0.0036419172932331094 0.8201362781954887 0.00657894736842108 0.8348214285714285 0.12552866541353386 0.8098566729323308 0.20189144736842107 0.7672697368421052 0.27238016917293234 0.7099976503759399 0.3722391917293233 0.6468515037593985 0.4353853383458646 0.6160126879699248 0.38692434210526316 0.5543350563909775 0.39573543233082703 0.5587406015037594 0.43097979323308266 0.5323073308270677 0.43391682330827064 0.5176221804511278 0.40601503759398494 0.49853148496240607 0.3839873120300752 0.49853148496240607 0.33699483082706766 0.4765037593984962 0.33846334586466165 0.47062969924812037 0.37664473684210525 0.4603500939849624 0.4089520676691729 0.45007048872180455 0.41629464285714285 0.42951127819548873 0.39426691729323304 0.4162946428571429 0.3810502819548872 0.4207001879699248 0.33993186090225563 0.42951127819548873 0.3208411654135338 0.43391682330827075 0.30028195488721804 0.38545582706766923 0.2679746240601504 0.39867246240601506 0.23273026315789477
1 0.596921992481203 0.4779722744360902 0.5469924812030076 0.504405545112782 0.5337758458646616 0.5469924812030076 0.5132166353383458 0.5881109022556391 0.5190906954887218 0.6262922932330828 0.5396499060150376 0.6189497180451128 0.5616776315789473 0.5895794172932332 0.5763627819548872 0.5675516917293233 0.589579417293233 0.5660831766917294 0.602796052631579 0.5264332706766918 0.6101386278195489 0.49999999999999994
1 0.48531484962406013 0.692375469924812 0.47062969924812037 0.7217457706766918 0.4911889097744361 0.7481790413533835 0.5190906954887218 0.7452420112781956 0.5381813909774437 0.7144031954887218 0.5249647556390977 0.6953125 0.505874060150376 0.6909069548872181
2 0.6218867481203008 0.4794407894736842 0.5690202067669173 0.46622415413533835 0.5 0.4632871240601504 0.4530075187969925 0.4750352443609022 0.44272791353383456 0.5425869360902256 0.4471334586466166 0.5660831766917294 0.4720982142857143 0.599859022556391 0.4809093045112782 0.6218867481203008 0.47062969924812037 0.6483200187969925 0.4632871240601504 0.689438439849624 0.4750352443609023 0.696781015037594 0.4911889097744361 0.6820958646616542 0.5205592105263158 0.6747532894736843 0.5396499060150376 0.692375469924812 0.5499295112781954 0.6850328947368421 0.5822368421052632 0.6204182330827068 0.5851738721804511 0.5866423872180452 0.5704887218045113 0.5881109022556391 0.5602091165413534 0.6101386278195489 0.5337758458646616 0.6365718984962406 0.5088110902255639 0.6365718984962406 0.504405545112782 0.5983905075187971 0.504405545112782 0.5704887218045113 0.5249647556390977 0.5425869360902256 0.5323073308270677 0.5146851503759399 0.5469924812030076 0.49265742481203006 0.5822368421052632 0.4779722744360902
0 0.6395089285714286 0.44419642857142855 0.5734257518796992 0.42804276315789475 0.5558035714285714 0.4412593984962406 0.5279017857142857 0.44566494360902253 0.5132166353383458 0.42510573308270677 0.4794407894736842 0.4236372180451128 0.4647556390977444 0.4397908834586466 0.44566494360902253 0.4500704887218045 0.4280427631578948 0.4588815789473684 0.41042058270676696 0.4486019736842105 0.39720394736842113 0.4765037593984962 0.41482612781954886 0.498531484962406 0.41335761278195493 0.5234962406015038 0.404546522556391 0.5440554511278196 0.3810502819548872 0.5866423872180452 0.35461701127819556 0.5822368421052632 0.33846334586466165 0.5690202067669173 0.30321898496240607 0.5587406015037595 0.28265977443609025 0.5440554511278196 0.2635690789473685 0.6072015977443609 0.29147086466165417 0.6395089285714286 0.3516799812030076 0.6615366541353384 0.38251879699248126 0.6835643796992481 0.42216870300751885 0.7158717105263158 0.45741306390977443 0.7276198308270677 0.48531484962406013 0.7584586466165414 0.5425869360902256 0.7995770676691729 0.5587406015037594 0.7408364661654135 0.5469924812030076 0.7261513157894737 0.5249647556390977 0.7569901315789473 0.48237781954887216 0.7378994360902256 0.4691611842105263 0.7099976503759399 0.45447603383458646 0.6953125 0.41042058270676696 0.6468515037593985 0.4280427631578948 0.5763627819548872 0.44125939849624063 0.5234962406015038 0.45447603383458646 0.46769266917293234 0.505874060150376 0.45300751879699247 0.5822368421052632 0.4618186090225564 0.6351033834586466 0.4779722744360902 0.6204182330827068 0.5176221804511278 0.599859022556391 0.5704887218045113 0.589579417293233 0.6101386278195489 0.6351033834586466 0.510279605263158 0.6762218045112782 0.44419642857142855
1 0.9978265977443609 0.2929393796992481 0.9346804511278196 0.36783364661654133 0.889156484962406 0.4368538533834586 0.8230733082706766 0.5543350563909775 0.780486372180451 0.6409774436090225 0.6468515037593985 0.8480380639097744 0.589579417293233 0.9361489661654135 0.5543350563909775 0.997826597744361 0.998046875 0.9963765591214556
0 0.4926574248120301 0.990484022556391 0.5719572368421053 0.7070606203007519 0.6424459586466166 0.5161536654135339 0.7070606203007519 0.4089520676691729 0.8274788533834586 0.17545817669172936 0.8406954887218044 0.1328712406015038 0.8436325187969925 0.05503994360902258 0.8333529135338346 0.009515977443609049 0.8333529135338346 1.734723475976807e-18 0.998046875 0.0006427081423070117 0.9934210526315789 0.209234022556391 0.9317434210526315 0.2562265037593985 0.9244008458646616 0.18720629699248123 0.8774083646616541 0.1695841165413534 0.8348214285714285 0.210702537593985 0.8025140977443609 0.2665061090225564 0.7555216165413533 0.3619595864661654 0.7129346804511278 0.42804276315789475 0.6776903195488722 0.5132166353383459 0.6644736842105263 0.5205592105263158 0.6512570488721805 0.5440554511278196 0.6453829887218046 0.5660831766917294 0.6395089285714286 0.5881109022556391 0.6292293233082706 0.6086701127819549 0.6204182330827068 0.6395089285714286 0.605733082706767 0.6718162593984963 0.595453477443609 0.7334938909774437 0.6072015977443609 0.7804863721804511 0.6101386278195489 0.8054511278195489 0.5792998120300752 0.8832824248120301 0.5748942669172933 0.9155897556390977 0.5616776315789473 0.9478970864661654 0.5220277255639098 0.987546992481203
0 0.49853148496240607 0.990484022556391 0.5028531149301827 0.998046875 0.5513980263157895 0.996358082706767 0.5660831766917294 0.9581766917293233 0.6541940789473685 0.8171992481203008 0.7702067669172933 0.6292293233082707 0.8597861842105262 0.4750352443609022 0.9567081766917293 0.29734492481203006 0.998046875 0.274243887522114 0.9978265977443609 0.21510808270676693 0.9376174812030075 0.2562265037593985 0.9199953007518796 0.26944313909774437 0.9155897556390978 0.3208411654135338 0.8862194548872181 0.38692434210526316 0.8730028195488723 0.40601503759398494 0.8641917293233082 0.4500704887218045 0.8597861842105262 0.4603500939849624 0.8245418233082707 0.46475563909774437 0.799577067669173 0.5088110902255639 0.7878289473684211 0.5337758458646616 0.795171522556391 0.5616776315789475 0.7525845864661654 0.6365718984962406 0.7173402255639098 0.6571311090225564 0.6806273496240601 0.7173402255639098 0.6409774436090225 0.7760808270676692 0.6218867481203008 0.7892974624060151 0.6013275375939849 0.8583176691729324 0.5822368421052632 0.900904605263158 0.5660831766917294 0.9405545112781954 0.5367128759398496 0.986078477443609
