5 0.9964192708333333 0.06488715277777779 0.951931423611111 0.10503472222222224 0.9161241319444444 0.17664930555555558 0.8694661458333333 0.31119791666666663 0.8694661458333333 0.412109375 0.8759765625 0.5509982638888888 0.8477647569444444 0.7039930555555556 0.7967664930555555 0.7918836805555555 0.7327473958333333 0.8157552083333333 0.6611328125 0.8287760416666666 0.6643880208333333 0.7994791666666666 0.7772352430555555 0.7734375 0.8141276041666666 0.7191840277777778 0.8412543402777778 0.6258680555555556 0.8564453125 0.490234375 0.8553602430555555 0.4490017361111111 0.8477647569444444 0.3513454861111111 0.8531901041666666 0.2710503472222222 0.903103298611111 0.15386284722222224 0.9465060763888888 0.07682291666666669 0.9996744791666666 0.03667534722222224
5 0.649197048611111 0.8580729166666666 0.649197048611111 0.9058159722222222 0.658962673611111 0.9047309027777778 0.6567925347222222 0.927517361111111 0.6383463541666666 0.976345486111111 0.629665798611111 0.995876736111111 0.6209852430555556 0.9904513888888888 0.6274956597222222 0.9481336805555555 0.6242404513888888 0.8819444444444444 0.6481119791666666 0.8700086805555555
3 0.7045355902777778 0.6985677083333333 0.6231553819444444 0.5206163194444444 0.5526258680555556 0.585720486111111 0.5472005208333333 0.5911458333333333 0.6253255208333333 0.7690972222222222 0.6839192708333333 0.732204861111111 0.7023654513888888 0.7115885416666666
5 0.5743272569444444 0.5336371527777778 0.5819227430555556 0.5542534722222222 0.5634765625 0.575954861111111 0.5472005208333333 0.5889756944444444 0.5656467013888888 0.6486545138888888 0.5504557291666666 0.666015625 0.5287543402777778 0.6193576388888888 0.5168185763888888 0.5998263888888888 0.5276692708333333 0.5846354166666666 0.5233289930555556 0.5726996527777778 0.5330946180555556 0.5640190972222222 0.5504557291666666 0.5672743055555556 0.5558810763888888 0.5596788194444444 0.561306423611111 0.5412326388888888
1 0.9996744791666666 0.6909722222222222 0.9334852430555555 0.6953125 0.8824869791666666 0.7105034722222222 0.8629557291666666 0.7821180555555555 0.8477647569444444 0.810329861111111 0.8173828125 0.7994791666666666 0.7848307291666666 0.8211805555555555 0.7577039930555555 0.8667534722222222 0.7555338541666666 0.91015625 0.7609592013888888 0.9546440972222222 0.8013338783914727 0.998046875 0.9975043402777777 0.998046875 1.0 0.9955512152777777 0.9996744791666666 0.7376302083333333
5 0.9020182291666666 0.14192708333333334 0.854275173611111 0.18641493055555555 0.834743923611111 0.20377604166666669 0.8510199652777778 0.21462673611111113 0.8466796875 0.23307291666666669 0.8304036458333333 0.21571180555555555 0.8108723958333333 0.22439236111111113 0.7935112847222222 0.24934895833333334 0.7804904513888888 0.2569444444444444 0.7837456597222222 0.23741319444444445 0.795681423611111 0.20811631944444445 0.8184678819444444 0.19075520833333334 0.8325737847222222 0.16579861111111113 0.8531901041666666 0.14626736111111113 0.8553602430555555 0.1310763888888889 0.8759765625 0.12565104166666669 0.8889973958333333 0.13433159722222224
5 0.9953342013888888 0.10394965277777779 0.9758029513888888 0.08767361111111112 0.9454210069444444 0.12239583333333334 0.932400173611111 0.1603732638888889 0.9671223958333333 0.14518229166666669 0.9877387152777777 0.14409722222222224 1.0 0.14409722222222224 1.0 0.10611979166666669
1 0.9953342013888888 0.3860677083333333 0.9801432291666666 0.421875 0.9877387152777777 0.44574652777777773 0.9584418402777777 0.4565972222222222 0.951931423611111 0.5054253472222222 0.9541015625 0.5423177083333333 0.9671223958333333 0.5607638888888888 0.9964192708333333 0.5596788194444444 0.9975043402777777 0.5726996527777778 0.961697048611111 0.575954861111111 0.9432508680555555 0.6085069444444444 0.9692925347222222 0.644314236111111 0.9985894097222222 0.646484375 0.9996744791666666 0.5162760416666666 0.9985894097222222 0.412109375 0.9985894097222222 0.39691840277777773
5 0.9063585069444444 0.020399305555555566 0.9074435763888888 0.04427083333333335 0.8727213541666666 0.06488715277777779 0.873806423611111 0.08875868055555557 0.8716362847222222 0.10394965277777779 0.8401692708333333 0.1017795138888889 0.8412543402777778 0.08875868055555557 0.8662109375 0.08984375000000001 0.8651258680555555 0.07248263888888891 0.8390842013888888 0.07248263888888891 0.8293185763888888 0.06705729166666669 0.844509548611111 0.05512152777777779 0.8618706597222222 0.050781250000000014 0.8868272569444444 0.04535590277777779 0.8965928819444444 0.027994791666666678
5 0.844509548611111 0.45334201388888884 0.8423394097222222 0.5162760416666666 0.8260633680555555 0.5151909722222222 0.8076171875 0.49782986111111105 0.8076171875 0.4837239583333333 0.8108723958333333 0.4620225694444444 0.8141276041666666 0.44574652777777773
0 0.619900173611111 0.4880642361111111 0.6155598958333333 0.5119357638888888 0.5949435763888888 0.5119357638888888 0.5960286458333333 0.4858940972222222 0.6079644097222222 0.470703125
0 0.5840928819444444 0.48046875 0.580837673611111 0.5108506944444444 0.571072048611111 0.5119357638888888 0.5526258680555556 0.5032552083333333 0.5406901041666666 0.5032552083333333 0.5396050347222222 0.4934895833333333 0.5461154513888888 0.4891493055555555 0.5580512152777778 0.4934895833333333 0.5656467013888888 0.4880642361111111 0.5754123263888888 0.47287326388888884
0 0.5287543402777778 0.5119357638888888 0.541775173611111 0.527126736111111 0.5428602430555556 0.5412326388888888 0.5276692708333333 0.548828125 0.512478298611111 0.5379774305555556 0.512478298611111 0.5249565972222222 0.5157335069444444 0.51953125
1 0.6969401041666666 0.0041232638888889 0.6633029513888888 0.05620659722222224 0.6383463541666666 0.038845486111111126 0.6188151041666666 0.011718750000000012 0.6242404513888888 0.0030381944444444566 0.6363932291666667 0.0 0.6752387152777778 0.0019531250000000126
1 0.5189887152777778 0.0008680555555555677 0.5168185763888888 0.08333333333333334 0.48860677083333326 0.11588541666666669 0.4994574652777778 0.22005208333333334 0.4669053819444444 0.3166232638888889 0.4603949652777778 0.36328125 0.4560546875 0.43598090277777773 0.45822482638888884 0.5032552083333333 0.43435329861111116 0.6128472222222222 0.4126519097222221 0.6421440972222222 0.4224175347222221 0.6551649305555556 0.43001302083333326 0.6627604166666666 0.43001302083333326 0.7018229166666666 0.3887803819444444 0.7300347222222222 0.3638237847222221 0.7105034722222222 0.3627387152777777 0.6822916666666666 0.32693142361111116 0.7007378472222222 0.30305989583333326 0.7137586805555556 0.2802734375 0.741970486111111 0.2520616319444444 0.75390625 0.22384982638888884 0.751736111111111 0.2314453125 0.7311197916666666 0.23361545138888884 0.6942274305555556 0.23253038194444442 0.673611111111111 0.20974392361111116 0.673611111111111 0.1826171875 0.6963975694444444 0.15766059027777768 0.7137586805555556 0.1240234375 0.7191840277777778 0.08821614583333326 0.7072482638888888 0.08713107638888884 0.732204861111111 0.0947265625 0.7734375 0.03070746527777768 0.839626736111111 0.002495659722222099 0.8374565972222222 0.002495659722222099 0.5813802083333333 0.002495659722222099 0.15711805555555558 0.002495659722222099 0.0019531250000000126 0.10340711805555558 0.0008680555555555677 0.23274739583333504 1.0842021724855044e-19 0.44845920138888884 0.0008680555555555677 0.49012586805555614 1.0842021724855044e-19
5 0.7023654513888888 0.8255208333333333 0.698025173611111 0.8504774305555555 0.6806640625 0.8515625 0.6763237847222222 0.839626736111111 0.6860894097222222 0.829861111111111
5 0.795681423611111 0.5390625 0.7794053819444444 0.556423611111111 0.7739800347222222 0.5282118055555556 0.7577039930555555 0.5423177083333333 0.7479383680555555 0.578125 0.746853298611111 0.6312934027777778 0.7631293402777778 0.6258680555555556 0.7772352430555555 0.6041666666666666 0.7924262152777778 0.6106770833333333 0.8162977430555555 0.5987413194444444 0.8130425347222222 0.5792100694444444 0.8195529513888888 0.5575086805555556 0.8076171875 0.5542534722222222
1 0.2271050347222221 0.6746961805555556 0.20648871527777768 0.6779513888888888 0.18478732638888884 0.6985677083333333 0.16417100694444442 0.7137586805555556 0.14572482638888884 0.7202690972222222 0.12510850694444442 0.7202690972222222 0.0903862847222221 0.7094184027777778 0.08713107638888884 0.7267795138888888 0.0903862847222221 0.7473958333333333 0.09581163194444442 0.7647569444444444 0.0947265625 0.7788628472222222 0.0317925347222221 0.8439670138888888 0.001953125 0.8409830729166666 0.0024846437887759976 0.998046875 0.001953125 0.9978197960478037 0.36599392361111116 0.9980468749999999 0.37033420138888884 0.9871961805555555 0.39095052083333326 0.9242621527777778 0.37033420138888884 0.9047309027777778 0.2900390625 0.9633246527777778 0.2759331597222221 0.9546440972222222 0.2759331597222221 0.947048611111111 0.29763454861111116 0.9144965277777778 0.28786892361111116 0.8841145833333333 0.2900390625 0.8374565972222222 0.26399739583333326 0.8363715277777778 0.2564019097222221 0.8645833333333333 0.24772135416666674 0.8754340277777778 0.24446614583333326 0.8624131944444444 0.24338107638888884 0.841796875 0.2412109375 0.8331163194444444 0.23578559027777768 0.8255208333333333 0.2271050347222221 0.8244357638888888 0.2173394097222221 0.8255208333333333 0.21516927083333326 0.8374565972222222 0.1978081597222221 0.8385416666666666 0.18478732638888884 0.8342013888888888 0.1728515625 0.8276909722222222 0.16525607638888884 0.8146701388888888 0.15657552083333326 0.7756076388888888 0.17393663194444442 0.751736111111111 0.19129774305555558 0.741970486111111 0.21950954861111116 0.7408854166666666 0.22493489583333326 0.7398003472222222 0.22927517361111116 0.7256944444444444 0.22819010416666674 0.705078125 0.22927517361111116 0.6920572916666666
