4 0.559466655027933 0.5627400488826815 0.559466655027933 0.5834715432960893 0.559466655027933 0.608567562849162 0.5660134427374302 0.6227522695530726 0.6074764315642458 0.6140232192737429 0.6172966131284916 0.6042030377094971 0.6282079259776536 0.5823804120111732 0.6282079259776536 0.5649223114525139 0.624934532122905 0.5507376047486033 0.6140232192737429 0.5474642108938547
4 0.6860378840782122 0.2834104399441341 0.6860378840782122 0.3019596717877095 0.6936758030726258 0.3325113477653632 0.7122250349162011 0.33142021648044695 0.7307742667597765 0.3128709846368715 0.7405944483240223 0.2975951466480447 0.7384121857541901 0.2801370460893855
4 0.3565162360335196 0.45908257681564246 0.3565162360335196 0.5027278282122905 0.3565162360335196 0.5354617667597765 0.3707009427374302 0.5616489175977654 0.38161225558659223 0.5638311801675977 0.39688809357541904 0.5420085544692737 0.40779940642458107 0.5343706354748603 0.41107280027932963 0.522368191340782 0.4230752444134079 0.5125480097765363 0.4252575069832402 0.4885431215083799 0.429622032122905 0.4645382332402235 0.43071316340782123 0.44926239525139666 0.41652845670391064 0.44162447625698326 0.38706791201117324 0.44053334497206703 0.3707009427374302 0.4503535265363129
4 0.09791812150837992 0.41434619413407825 0.07063983938547486 0.4230752444134078 0.03681476955307267 0.44380673882681565 0.028085719273743037 0.4525357891061453 0.035723638268156443 0.4841785963687151 0.04772608240223464 0.5049100907821229 0.0750043645251397 0.5027278282122905 0.11319395949720673 0.4601737081005587 0.11101169692737434 0.42634863826815644
5 0.9086286662011174 0.002989699720670402 0.9097197974860336 0.7645993365921787 0.8846237779329609 0.8289760824022346 0.8344317388268156 0.8802592527932961 0.8093357192737431 0.8933528282122905 0.7133161662011174 0.9108109287709497 0.6074764315642458 0.9108109287709497 0.4394422136871508 0.8998996159217877 0.36197189245810063 0.8998996159217877 0.29432175279329614 0.9140843226256983 0.25613215782122906 0.9271778980446926 0.22121595670391064 0.9544561801675977 0.185208624301676 0.982825593575419 0.17759798358938544 0.998046875 0.23212726955307267 0.998046875 0.2724991270949721 0.9708231494413407 0.34887831703910616 0.9468182611731844 0.41216393156424586 0.9446359986033519 0.5005455656424582 0.9391803421787709 0.5649223114525139 0.9391803421787709 0.6413015013966481 0.9479093924581005 0.7362299231843576 0.9544561801675977 0.8322494762569832 0.9304512918994413 0.9151754539106145 0.8780769902234636 0.9697320181564246 0.8595277583798883 0.998046875 0.850679365616271 0.998046875 0.7962421438547486 0.9566384427374302 0.7831485684357542 0.950091655027933 0.7700549930167597 0.9468182611731844 0.6958580656424581 0.9435448673184359 0.49618104050279327 0.9424537360335197 0.2910483589385475 0.9446359986033521 0.17211504888268156 0.9348158170391061 0.07500436452513967 0.9327030180383981 0.0
5 0.09355359636871513 0.0018985684357541999 0.07827775837988832 0.024812325418994422 0.06845757681564246 0.04772608240223465 0.07827775837988832 0.07936888966480449 0.10882943435754194 0.08482454608938549 0.12301414106145253 0.11210282821229052 0.12301414106145253 0.12628753491620112 0.1066471717877095 0.14920129189944134 0.14483676675977658 0.16884165502793297 0.15683921089385477 0.17975296787709497 0.15683921089385477 0.14592789804469272 0.1721150488826816 0.13174319134078213 0.2026667248603352 0.13501658519553073 0.2092135125698324 0.11755848463687153 0.21139577513966484 0.0979181215083799 0.21139577513966484 0.03790590083798884 0.19611993715083803 0.03790590083798884 0.19611993715083803 0.05318173882681565 0.13392545391061456 0.07500436452513967 0.10555604050279332 0.0008074371508379995
1 0.7722372555865922 0.42198411312849166 0.7525968924581006 0.4328954259776536 0.7493234986033521 0.4874519902234637 0.7176806913407823 0.4852697276536313 0.6991314594972067 0.5147302723463687 0.695858065642458 0.5321883729050279 0.7144072974860336 0.5551021298882681 0.7242274790502794 0.5900183310055865 0.7602348114525139 0.5911094622905028 0.7678727304469275 0.5671045740223464 0.8027889315642458 0.5409174231843575 0.8213381634078214 0.4732672835195531 0.819155900837989 0.42416637569832405
1 0.38379451815642457 0.007354224860335205 0.3652452863128492 0.03572363826815643 0.35324284217877094 0.07173097067039108 0.34887831703910616 0.12846979748603352 0.34887831703910616 0.15247468575418993 0.39361469972067037 0.18084409916201116 0.42743976955307267 0.20703125 0.4590825768156425 0.18520862430167598 0.4590825768156425 0.14047224162011174 0.4590825768156425 0.09246246508379889 0.4536269203910615 0.045543819832402244 0.390077404345849 0.0
1 0.5398262918994414 0.16011260474860334 0.5343706354748603 0.1993933310055866 0.5430996857541899 0.24958537011173185 0.5671045740223464 0.2724991270949721 0.6118409567039107 0.2724991270949721 0.6380281075418994 0.2670434706703911 0.6369369762569832 0.2244893505586592 0.6260256634078212 0.18848201815642457 0.6020207751396649 0.17102391759776536 0.570377967877095 0.15356581703910616
1 0.6423926326815643 0.002989699720670402 0.6391192388268156 0.02263006284916202 0.6402103701117319 0.04772608240223465 0.6511216829608939 0.050999476256983256 0.6740354399441342 0.050999476256983256 0.7034959846368716 0.06736644553072627 0.7264097416201118 0.08482454608938549 0.7645993365921788 0.07609549581005588 0.7831485684357542 0.05536400139664806 0.7951510125698324 0.04227042597765364 0.79296875 0.02917685055865923 0.7896953561452515 0.01171875000000001 0.7667815991620113 0.01171875000000001 0.7558702863128492 0.025903456703910626 0.7296831354748603 0.028085719273743027 0.7133161662011174 0.019356668994413417 0.7021096736254043 0.0 0.6423926326815643 0.0
1 0.03790590083798884 0.0051719622905028045 0.04336155726256985 0.038997032122905034 0.035723638268156443 0.07063983938547487 0.05318173882681565 0.1001003840782123 0.05318173882681565 0.15138355446927373 0.050999476256983256 0.17866183659217877 0.050999476256983256 0.20703125 0.04881721368715086 0.23976518854748602 0.031359113128491656 0.24958537011173185 0.0 0.2679682984973994 0.002962438122233574 5.551115123125783e-17
2 0.0018985684357541999 0.2746813896648045 0.0029896997206704246 0.668579783519553 0.09137133379888268 0.6696709148044693 0.12519640363128492 0.6925846717877094 0.15574807960893855 0.7886042248603351 0.004080831005586594 0.7776929120111732 0.0018985684357541999 0.9970103002793296 0.1753884427374302 0.9959191689944134 0.16884165502793297 0.9631852304469273 0.14374563547486036 0.891170565642458 0.1699327863128492 0.8835326466480447 0.185208624301676 0.858436627094972 0.19393767458100558 0.8573454958100558 0.22230708798882687 0.9195399790502793 0.1819352304469274 0.9599118365921787 0.18084409916201122 0.9795521997206703 0.2539498952513967 0.9217222416201117 0.320508903631285 0.8988084846368715 0.37288320530726254 0.8933528282122905 0.4885431215083799 0.896626222067039 0.5801981494413408 0.9042641410614525 0.6751265712290504 0.9031730097765363 0.7569614175977655 0.9009907472067039 0.8377051326815643 0.8780769902234636 0.8824415153631286 0.8169736382681564 0.9020818784916202 0.7405944483240223 0.9020818784916202 0.004080831005586602 0.8016978002793296 0.004080831005586602 0.8016978002793296 0.032450244413407825 0.7995155377094973 0.05863739525139666 0.7733283868715084 0.07063983938547487 0.7602348114525139 0.08591567737430168 0.7275008729050281 0.0935535963687151 0.7013137220670391 0.07500436452513967 0.6696709148044693 0.057546263966480465 0.6478482891061452 0.057546263966480465 0.635845844972067 0.05427287011173186 0.635845844972067 0.01171875000000001 0.6336635824022347 0.0008074371508379995 0.4045260125698324 0.002989699720670402 0.45690031424581007 0.038997032122905034 0.46453823324022353 0.14047224162011174 0.46453823324022353 0.17757070530726257 0.5300061103351956 0.17975296787709497 0.5343706354748603 0.15465694832402235 0.5747424930167597 0.14592789804469272 0.608567562849162 0.16556826117318435 0.6380281075418994 0.18302636173184358 0.6445748952513966 0.2244893505586592 0.7045871159217878 0.22667161312849163 0.705678247206704 0.20375785614525138 0.7275008729050281 0.18520862430167598 0.7373210544692739 0.18193523044692736 0.7591436801675979 0.20703125 0.7613259427374302 0.24522084497206706 0.7231363477653632 0.2626789455307263 0.6991314594972067 0.2703168645251397 0.7013137220670391 0.23758292597765363 0.6445748952513966 0.23430953212290503 0.6445748952513966 0.2823193086592179 0.6762177025139664 0.2855927025139665 0.6827644902234637 0.2779547835195531 0.7471412360335197 0.2779547835195531 0.7471412360335197 0.3128709846368715 0.7231363477653632 0.33142021648044695 0.6882201466480447 0.33905813547486036 0.6816733589385475 0.2932306215083799 0.6805822276536313 0.33142021648044695 0.7395033170391061 0.3903413058659218 0.7176806913407823 0.4579914455307263 0.6042030377094971 0.46672049581005587 0.5430996857541899 0.4601737081005587 0.5201859287709498 0.3837945181564246 0.537644029329609 0.3030508030726257 0.5463730796089385 0.2866838337988827 0.5289149790502794 0.18520862430167598 0.4689027583798883 0.18520862430167598 0.43071316340782123 0.2157603002793296 0.38706791201117324 0.18629975558659218 0.3412403980446928 0.16229486731843576 0.3412403980446928 0.06736644553072627 0.3554251047486034 0.032450244413407825 0.3761565991620112 0.0051719622905028045 0.21139577513966484 0.0018985684357541999 0.2190336941340782 0.04445268854748605 0.2190336941340782 0.1033737779329609 0.21794256284916208 0.13283432262569833 0.1775707053072626 0.13938111033519554 0.1622948673184358 0.15902147346368714 0.1622948673184358 0.17538844273743018 0.1601126047486034 0.190664280726257 0.12956092877094977 0.17102391759776536 0.10010038407821231 0.16011260474860334 0.09900925279329609 0.15138355446927373 0.11646735335195535 0.12083187849162012 0.1022826466480447 0.0902802025139665 0.07391323324022347 0.0902802025139665 0.05863739525139666 0.04772608240223465 0.0848245460893855 0.006263093575419005 0.04881721368715086 0.0018985684357541999 0.04772608240223464 0.04227042597765364 0.044452688547486074 0.07282210195530728 0.06300192039106145 0.10664717178770951 0.060819657821229056 0.23867405726256982 0.19611993715083803 0.35433397346368717 0.21794256284916208 0.34342266061452514 0.22994500698324022 0.34342266061452514 0.2332184008379889 0.4034348812849162 0.23212726955307267 0.413255062849162 0.21794256284916208 0.413255062849162 0.2484942388268157 0.4896342527932961 0.27140799581005587 0.4830874650837989 0.27468138966480454 0.5136391410614525 0.3521517108938547 0.4743584148044693 0.3466960544692737 0.43398655726256985 0.4056171438547486 0.43180429469273746 0.44162447625698326 0.44053334497206703 0.4383510824022347 0.4743584148044693 0.4383510824022347 0.5005455656424581 0.4328954259776537 0.5201859287709497 0.4099816689944134 0.5463730796089385 0.4001614874301676 0.5583755237430167 0.3892501745810056 0.5660134427374302 0.369609811452514 0.5692868365921787 0.3510605796089386 0.5649223114525139 0.2866838337988827 0.5889271997206703 0.26049668296089384 0.6107498254189944 0.2332184008379889 0.6292990572625697 0.2244893505586592 0.6314813198324022 0.20812238128491617 0.5845626745810055 0.1950288058659218 0.5354617667597765 0.2484942388268157 0.4972721717877095 0.21139577513966484 0.4154373254189944 0.19393767458100558 0.4154373254189944 0.19393767458100558 0.3608807611731844 0.060819657821229056 0.24849423882681562 0.08046002094972071 0.4099816689944134 0.0968269902234637 0.4056171438547486 0.11974074720670391 0.42089298184357543 0.12083187849162014 0.46672049581005587 0.0848245460893855 0.5081834846368715 0.04227042597765368 0.5125480097765363 0.028085719273743037 0.49618104050279327 0.017174406424581012 0.45144465782122906 0.03354137569832405 0.43180429469273746 0.0728221019553073 0.41434619413407825 0.055364001396648044 0.24958537011173185 0.012809881284916225 0.42962203212290506 0.02044780027932963 0.51145687849162 0.28450157122905034 0.7209540851955307 0.5441908170391061 0.5965651187150838 0.5518287360335197 0.5518287360335196 0.624934532122905 0.5332795041899441 0.6391192388268156 0.5583755237430167 0.6882201466480447 0.5463730796089385 0.6871290153631284 0.506001222067039 0.7111339036312849 0.4776318086592179 0.7449589734636872 0.4776318086592179 0.7471412360335197 0.42198411312849166 0.7776929120111733 0.4034348812849162 0.8289760824022347 0.41434619413407825 0.8289760824022347 0.4841785963687151 0.8158825069832403 0.5441908170391061 0.782057437150838 0.5769247555865922 0.7766017807262571 0.5889271997206703 0.765690467877095 0.6052941689944134 0.7176806913407823 0.6052941689944134 0.7089516410614525 0.5627400488826815 0.6925846717877095 0.5529198673184357 0.6380281075418994 0.5649223114525139 0.6380281075418994 0.592200593575419 0.6631241270949721 0.6478482891061452 0.6827644902234637 0.6707620460893854 0.705678247206704 0.7002225907821229 0.7122250349162011 0.7460501047486033 0.6871290153631284 0.7460501047486033 0.6543950768156426 0.7460501047486033 0.6434837639664805 0.7525968924581005 0.6434837639664805 0.7842396997206703 0.6434837639664805 0.825702688547486 0.6434837639664805 0.8606188896648044 0.5398262918994414 0.8507987081005586 0.5398262918994414 0.7995155377094971 0.5398262918994414 0.7591436801675977 0.5398262918994414 0.7395033170391061 0.624934532122905 0.7307742667597765 0.6129320879888269 0.6620329958100558 0.6554862081005586 0.6533039455307262 0.6325724511173185 0.5965651187150838 0.6227522695530727 0.6183877444134078 0.5856538058659218 0.6238434008379888 0.5649223114525139 0.630390188547486 0.5463730796089385 0.6074764315642458 0.28450157122905034 0.7285920041899441 0.012809881284916225 0.516912534916201 0.005171962290502818 0.43071316340782123 0.04772608240223464 0.25394989525139666
2 0.939180342178771 0.0051719622905028045 0.9468182611731844 0.12737866620111732 0.9511827863128492 0.190664280726257 0.9522739175977655 0.23540066340782123 0.9522739175977655 0.2735902583798883 0.9533650488826817 0.3674275488826816 0.9566384427374302 0.630390188547486 0.9588207053072626 0.7165895600558658 0.9893723812849162 0.7165895600558658 0.9762788058659218 0.5736513617318435 0.9762788058659218 0.407799406424581 0.9762788058659218 0.2899572276536313 0.9762788058659218 0.17975296787709497 0.998046875 0.15145447800279327 0.998046875 0.0018985684357541999
5 0.9937369064245811 0.17757070530726257 0.9817344622905029 0.190664280726257 0.9817344622905029 0.4579914455307263 0.9784610684357542 0.5627400488826815 0.9817344622905029 0.592200593575419 0.9937369064245811 0.712225034916201 0.9926457751396649 0.7318653980446927 0.96536749301676 0.7275008729050279 0.9588207053072626 0.7515057611731844 0.961002967877095 0.7733283868715083 0.998046875 0.787576043457241 0.998046875 0.17647957402234637
