4 0.440533344972067 0.5627400488826815 0.440533344972067 0.5834715432960893 0.440533344972067 0.608567562849162 0.43398655726256985 0.6227522695530726 0.3925235684357542 0.6140232192737429 0.3827033868715084 0.6042030377094971 0.3717920740223464 0.5823804120111732 0.3717920740223464 0.5649223114525139 0.37506546787709505 0.5507376047486033 0.3859767807262571 0.5474642108938547
4 0.3139621159217878 0.2834104399441341 0.3139621159217878 0.3019596717877095 0.3063241969273742 0.3325113477653632 0.28777496508379885 0.33142021648044695 0.2692257332402235 0.3128709846368715 0.2594055516759777 0.2975951466480447 0.2615878142458099 0.2801370460893855
4 0.6434837639664803 0.45908257681564246 0.6434837639664803 0.5027278282122905 0.6434837639664803 0.5354617667597765 0.6292990572625698 0.5616489175977654 0.6183877444134078 0.5638311801675977 0.6031119064245809 0.5420085544692737 0.5922005935754189 0.5343706354748603 0.5889271997206704 0.522368191340782 0.5769247555865922 0.5125480097765363 0.5747424930167597 0.4885431215083799 0.570377967877095 0.4645382332402235 0.5692868365921788 0.44926239525139666 0.5834715432960893 0.44162447625698326 0.6129320879888267 0.44053334497206703 0.6292990572625698 0.4503535265363129
4 0.90208187849162 0.41434619413407825 0.9293601606145252 0.4230752444134078 0.9631852304469273 0.44380673882681565 0.971914280726257 0.4525357891061453 0.9642763617318435 0.4841785963687151 0.9522739175977654 0.5049100907821229 0.9249956354748603 0.5027278282122905 0.8868060405027933 0.4601737081005587 0.8889883030726257 0.42634863826815644
5 0.09137133379888263 0.002989699720670402 0.0902802025139664 0.7645993365921787 0.11537622206703912 0.8289760824022346 0.16556826117318435 0.8802592527932961 0.19066428072625685 0.8933528282122905 0.2866838337988826 0.9108109287709497 0.3925235684357542 0.9108109287709497 0.5605577863128492 0.8998996159217877 0.6380281075418994 0.8998996159217877 0.7056782472067038 0.9140843226256983 0.743867842178771 0.9271778980446926 0.7787840432960893 0.9544561801675977 0.814791375698324 0.982825593575419 0.8224020164106145 0.998046875 0.7678727304469273 0.998046875 0.7275008729050279 0.9708231494413407 0.6511216829608939 0.9468182611731844 0.5878360684357542 0.9446359986033519 0.4994544343575418 0.9391803421787709 0.4350776885474861 0.9391803421787709 0.3586984986033519 0.9479093924581005 0.26377007681564235 0.9544561801675977 0.1677505237430168 0.9304512918994413 0.0848245460893855 0.8780769902234636 0.030267981843575376 0.8595277583798883 0.001953125 0.850679365616271 0.001953125 0.7962421438547486 0.04336155726256985 0.7831485684357542 0.049908344972066976 0.7700549930167597 0.05318173882681565 0.6958580656424581 0.0564551326815641 0.49618104050279327 0.05754626396648033 0.2910483589385475 0.05536400139664788 0.17211504888268156 0.0651841829608939 0.07500436452513967 0.06729698196160194 0.0
5 0.9064464036312849 0.0018985684357541999 0.9217222416201116 0.024812325418994422 0.9315424231843575 0.04772608240223465 0.9217222416201116 0.07936888966480449 0.891170565642458 0.08482454608938549 0.8769858589385475 0.11210282821229052 0.8769858589385475 0.12628753491620112 0.8933528282122905 0.14920129189944134 0.8551632332402235 0.16884165502793297 0.8431607891061452 0.17975296787709497 0.8431607891061452 0.14592789804469272 0.8278849511173184 0.13174319134078213 0.7973332751396648 0.13501658519553073 0.7907864874301676 0.11755848463687153 0.7886042248603351 0.0979181215083799 0.7886042248603351 0.03790590083798884 0.803880062849162 0.03790590083798884 0.803880062849162 0.05318173882681565 0.8660745460893855 0.07500436452513967 0.8944439594972067 0.0008074371508379995
1 0.22776274441340782 0.42198411312849166 0.24740310754189943 0.4328954259776536 0.2506765013966479 0.4874519902234637 0.2823193086592177 0.4852697276536313 0.3008685405027933 0.5147302723463687 0.304141934357542 0.5321883729050279 0.2855927025139664 0.5551021298882681 0.2757725209497206 0.5900183310055865 0.23976518854748607 0.5911094622905028 0.2321272695530725 0.5671045740223464 0.1972110684357542 0.5409174231843575 0.1786618365921786 0.4732672835195531 0.18084409916201105 0.42416637569832405
1 0.6162054818435754 0.007354224860335205 0.6347547136871508 0.03572363826815643 0.646757157821229 0.07173097067039108 0.6511216829608939 0.12846979748603352 0.6511216829608939 0.15247468575418993 0.6063853002793296 0.18084409916201116 0.5725602304469273 0.20703125 0.5409174231843574 0.18520862430167598 0.5409174231843574 0.14047224162011174 0.5409174231843574 0.09246246508379889 0.5463730796089385 0.045543819832402244 0.609922595654151 0.0
1 0.4601737081005586 0.16011260474860334 0.4656293645251397 0.1993933310055866 0.4569003142458101 0.24958537011173185 0.4328954259776536 0.2724991270949721 0.3881590432960893 0.2724991270949721 0.3619718924581006 0.2670434706703911 0.3630630237430168 0.2244893505586592 0.3739743365921788 0.18848201815642457 0.3979792248603351 0.17102391759776536 0.42962203212290495 0.15356581703910616
1 0.3576073673184357 0.002989699720670402 0.36088076117318435 0.02263006284916202 0.3597896298882681 0.04772608240223465 0.3488783170391061 0.050999476256983256 0.3259645600558658 0.050999476256983256 0.2965040153631284 0.06736644553072627 0.27359025837988815 0.08482454608938549 0.23540066340782118 0.07609549581005588 0.2168514315642458 0.05536400139664806 0.20484898743016755 0.04227042597765364 0.20703125 0.02917685055865923 0.21030464385474845 0.01171875000000001 0.23321840083798873 0.01171875000000001 0.24412971368715075 0.025903456703910626 0.2703168645251397 0.028085719273743027 0.2866838337988826 0.019356668994413417 0.29789032637459567 0.0 0.3576073673184357 0.0
1 0.9620940991620112 0.0051719622905028045 0.9566384427374302 0.038997032122905034 0.9642763617318435 0.07063983938547487 0.9468182611731844 0.1001003840782123 0.9468182611731844 0.15138355446927373 0.9490005237430168 0.17866183659217877 0.9490005237430168 0.20703125 0.9511827863128491 0.23976518854748602 0.9686408868715084 0.24958537011173185 1.0 0.2679682984973994 0.9970375618777664 5.551115123125783e-17
2 0.9981014315642458 0.2746813896648045 0.9970103002793296 0.668579783519553 0.9086286662011174 0.6696709148044693 0.8748035963687151 0.6925846717877094 0.8442519203910615 0.7886042248603351 0.9959191689944134 0.7776929120111732 0.9981014315642458 0.9970103002793296 0.8246115572625698 0.9959191689944134 0.831158344972067 0.9631852304469273 0.8562543645251397 0.891170565642458 0.8300672136871508 0.8835326466480447 0.814791375698324 0.858436627094972 0.8060623254189945 0.8573454958100558 0.7776929120111731 0.9195399790502793 0.8180647695530726 0.9599118365921787 0.8191559008379887 0.9795521997206703 0.7460501047486032 0.9217222416201117 0.6794910963687151 0.8988084846368715 0.6271167946927374 0.8933528282122905 0.51145687849162 0.896626222067039 0.41980185055865915 0.9042641410614525 0.3248734287709496 0.9031730097765363 0.24303858240223453 0.9009907472067039 0.16229486731843568 0.8780769902234636 0.11755848463687135 0.8169736382681564 0.09791812150837975 0.7405944483240223 0.09791812150837975 0.004080831005586602 0.19830219972067042 0.004080831005586602 0.19830219972067042 0.032450244413407825 0.20048446229050265 0.05863739525139666 0.2266716131284916 0.07063983938547487 0.23976518854748607 0.08591567737430168 0.2724991270949719 0.0935535963687151 0.2986862779329609 0.07500436452513967 0.3303290851955307 0.057546263966480465 0.3521517108938548 0.057546263966480465 0.364154155027933 0.05427287011173186 0.364154155027933 0.01171875000000001 0.36633641759776525 0.0008074371508379995 0.5954739874301676 0.002989699720670402 0.5430996857541899 0.038997032122905034 0.5354617667597765 0.14047224162011174 0.5354617667597765 0.17757070530726257 0.4699938896648044 0.17975296787709497 0.4656293645251397 0.15465694832402235 0.4252575069832403 0.14592789804469272 0.391432437150838 0.16556826117318435 0.3619718924581006 0.18302636173184358 0.35542510474860345 0.2244893505586592 0.2954128840782122 0.22667161312849163 0.294321752793296 0.20375785614525138 0.2724991270949719 0.18520862430167598 0.2626789455307261 0.18193523044692736 0.24085631983240208 0.20703125 0.23867405726256985 0.24522084497206706 0.2768636522346368 0.2626789455307263 0.3008685405027933 0.2703168645251397 0.2986862779329609 0.23758292597765363 0.35542510474860345 0.23430953212290503 0.35542510474860345 0.2823193086592179 0.3237822974860336 0.2855927025139665 0.31723550977653625 0.2779547835195531 0.2528587639664803 0.2779547835195531 0.2528587639664803 0.3128709846368715 0.2768636522346368 0.33142021648044695 0.31177985335195535 0.33905813547486036 0.3183266410614525 0.2932306215083799 0.3194177723463687 0.33142021648044695 0.2604966829608939 0.3903413058659218 0.2823193086592177 0.4579914455307263 0.3957969622905029 0.46672049581005587 0.4569003142458101 0.4601737081005587 0.4798140712290502 0.3837945181564246 0.462355970670391 0.3030508030726257 0.45362692039106145 0.2866838337988827 0.4710850209497206 0.18520862430167598 0.5310972416201116 0.18520862430167598 0.5692868365921788 0.2157603002793296 0.6129320879888267 0.18629975558659218 0.6587596019553073 0.16229486731843576 0.6587596019553073 0.06736644553072627 0.6445748952513966 0.032450244413407825 0.6238434008379887 0.0051719622905028045 0.7886042248603351 0.0018985684357541999 0.7809663058659218 0.04445268854748605 0.7809663058659218 0.1033737779329609 0.782057437150838 0.13283432262569833 0.8224292946927374 0.13938111033519554 0.8377051326815642 0.15902147346368714 0.8377051326815642 0.17538844273743018 0.8398873952513966 0.190664280726257 0.8704390712290502 0.17102391759776536 0.8998996159217877 0.16011260474860334 0.9009907472067039 0.15138355446927373 0.8835326466480447 0.12083187849162012 0.8977173533519553 0.0902802025139665 0.9260867667597765 0.0902802025139665 0.9413626047486033 0.04772608240223465 0.9151754539106145 0.006263093575419005 0.9511827863128491 0.0018985684357541999 0.9522739175977654 0.04227042597765364 0.9555473114525139 0.07282210195530728 0.9369980796089385 0.10664717178770951 0.939180342178771 0.23867405726256982 0.803880062849162 0.35433397346368717 0.782057437150838 0.34342266061452514 0.7700549930167597 0.34342266061452514 0.766781599162011 0.4034348812849162 0.7678727304469273 0.413255062849162 0.782057437150838 0.413255062849162 0.7515057611731844 0.4896342527932961 0.7285920041899441 0.4830874650837989 0.7253186103351954 0.5136391410614525 0.6478482891061452 0.4743584148044693 0.6533039455307263 0.43398655726256985 0.5943828561452513 0.43180429469273746 0.5583755237430168 0.44053334497206703 0.5616489175977653 0.4743584148044693 0.5616489175977653 0.5005455656424581 0.5671045740223464 0.5201859287709497 0.5900183310055866 0.5463730796089385 0.5998385125698324 0.5583755237430167 0.6107498254189945 0.5660134427374302 0.6303901885474861 0.5692868365921787 0.6489394203910615 0.5649223114525139 0.7133161662011174 0.5889271997206703 0.7395033170391061 0.6107498254189944 0.766781599162011 0.6292990572625697 0.7755106494413408 0.6314813198324022 0.7918776187150838 0.5845626745810055 0.8049711941340782 0.5354617667597765 0.7515057611731844 0.4972721717877095 0.7886042248603351 0.4154373254189944 0.8060623254189945 0.4154373254189944 0.8060623254189945 0.3608807611731844 0.939180342178771 0.24849423882681562 0.9195399790502793 0.4099816689944134 0.9031730097765363 0.4056171438547486 0.8802592527932961 0.42089298184357543 0.8791681215083799 0.46672049581005587 0.9151754539106145 0.5081834846368715 0.9577295740223464 0.5125480097765363 0.971914280726257 0.49618104050279327 0.982825593575419 0.45144465782122906 0.966458624301676 0.43180429469273746 0.9271778980446927 0.41434619413407825 0.9446359986033519 0.24958537011173185 0.9871901187150838 0.42962203212290506 0.9795521997206704 0.51145687849162 0.7154984287709496 0.7209540851955307 0.4558091829608939 0.5965651187150838 0.4481712639664803 0.5518287360335196 0.37506546787709505 0.5332795041899441 0.36088076117318435 0.5583755237430167 0.31177985335195535 0.5463730796089385 0.3128709846368716 0.506001222067039 0.2888660963687151 0.4776318086592179 0.2550410265363128 0.4776318086592179 0.2528587639664803 0.42198411312849166 0.2223070879888267 0.4034348812849162 0.17102391759776525 0.41434619413407825 0.17102391759776525 0.4841785963687151 0.18411749301675973 0.5441908170391061 0.21794256284916202 0.5769247555865922 0.22339821927374293 0.5889271997206703 0.23430953212290495 0.6052941689944134 0.2823193086592177 0.6052941689944134 0.2910483589385475 0.5627400488826815 0.30741532821229045 0.5529198673184357 0.3619718924581006 0.5649223114525139 0.3619718924581006 0.592200593575419 0.33687587290502785 0.6478482891061452 0.31723550977653625 0.6707620460893854 0.294321752793296 0.7002225907821229 0.28777496508379885 0.7460501047486033 0.3128709846368716 0.7460501047486033 0.3456049231843574 0.7460501047486033 0.35651623603351945 0.7525968924581005 0.35651623603351945 0.7842396997206703 0.35651623603351945 0.825702688547486 0.35651623603351945 0.8606188896648044 0.4601737081005586 0.8507987081005586 0.4601737081005586 0.7995155377094971 0.4601737081005586 0.7591436801675977 0.4601737081005586 0.7395033170391061 0.37506546787709505 0.7307742667597765 0.3870679120111731 0.6620329958100558 0.3445137918994414 0.6533039455307262 0.3674275488826815 0.5965651187150838 0.3772477304469273 0.6183877444134078 0.41434619413407825 0.6238434008379888 0.4350776885474861 0.630390188547486 0.45362692039106145 0.6074764315642458 0.7154984287709496 0.7285920041899441 0.9871901187150838 0.516912534916201 0.9948280377094971 0.43071316340782123 0.9522739175977654 0.25394989525139666
2 0.060819657821229 0.0051719622905028045 0.05318173882681565 0.12737866620111732 0.04881721368715075 0.190664280726257 0.047726082402234526 0.23540066340782123 0.047726082402234526 0.2735902583798883 0.0466349511173183 0.3674275488826816 0.04336155726256985 0.630390188547486 0.0411792946927374 0.7165895600558658 0.010627618715083775 0.7165895600558658 0.02372119413407825 0.5736513617318435 0.02372119413407825 0.407799406424581 0.02372119413407825 0.2899572276536313 0.02372119413407825 0.17975296787709497 0.001953125 0.15145447800279327 0.001953125 0.0018985684357541999
5 0.006263093575418877 0.17757070530726257 0.018265537709497126 0.190664280726257 0.018265537709497126 0.4579914455307263 0.0215389315642458 0.5627400488826815 0.018265537709497126 0.592200593575419 0.006263093575418877 0.712225034916201 0.007354224860335101 0.7318653980446927 0.03463250698324005 0.7275008729050279 0.0411792946927374 0.7515057611731844 0.03899703212290495 0.7733283868715083 0.001953125 0.787576043457241 0.001953125 0.17647957402234637
