4 0.44354248046875 0.8101348876953125 0.470245361328125 0.8002166748046875 0.5030517578125 0.8070831298828125 0.518310546875 0.7994537353515625 0.52288818359375 0.7712249755859375 0.5335693359375 0.7384185791015625 0.548828125 0.7353668212890625 0.56866455078125 0.7201080322265625 0.570953369140625 0.7101898193359375 0.563323974609375 0.7040863037109375 0.54119873046875 0.7025604248046875 0.546539306640625 0.6873016357421875 0.56103515625 0.6750946044921875 0.57476806640625 0.6567840576171875 0.5885009765625 0.6316070556640625 0.567901611328125 0.6132965087890625 0.55035400390625 0.6461029052734375 0.537384033203125 0.6750946044921875 0.520599365234375 0.7033233642578125 0.5 0.7277374267578125 0.494659423828125 0.7605438232421875 0.477874755859375 0.7834320068359375 0.448883056640625 0.7887725830078125 0.445068359375 0.7941131591796875
4 0.591552734375 0.6209259033203125 0.604522705078125 0.5698089599609375 0.60528564453125 0.5415802001953125 0.598419189453125 0.5278472900390625 0.583160400390625 0.5164031982421875 0.584686279296875 0.5087738037109375 0.59613037109375 0.5026702880859375 0.60528564453125 0.4851226806640625 0.610626220703125 0.4706268310546875 0.596893310546875 0.4240875244140625 0.60223388671875 0.4027252197265625 0.60223388671875 0.3767852783203125 0.6007080078125 0.3424530029296875 0.590789794921875 0.3561859130859375 0.579345703125 0.3729705810546875 0.567901611328125 0.3996734619140625 0.577056884765625 0.4172210693359375 0.59307861328125 0.4240875244140625 0.5946044921875 0.4408721923828125 0.5823974609375 0.4515533447265625 0.57781982421875 0.4820709228515625 0.575531005859375 0.5049591064453125 0.575531005859375 0.5270843505859375 0.570953369140625 0.5453948974609375 0.57171630859375 0.5560760498046875 0.58087158203125 0.5682830810546875 0.58392333984375 0.5896453857421875 0.579345703125 0.5965118408203125
4 0.004089355468750014 0.2020721435546875 0.06893920898437501 0.1677398681640625 0.11242675781250001 0.1364593505859375 0.143707275390625 0.1112823486328125 0.164306640625 0.1082305908203125 0.1673583984375 0.0952606201171875 0.180328369140625 0.1112823486328125 0.186431884765625 0.1059417724609375 0.18109130859375 0.0929718017578125 0.18109130859375 0.0868682861328125 0.191009521484375 0.0883941650390625 0.1978759765625 0.1059417724609375 0.233734130859375 0.1089935302734375 0.248992919921875 0.0777130126953125 0.225341796875 0.0586395263671875 0.1978759765625 0.0594024658203125 0.157440185546875 0.0716094970703125 0.12234497070312501 0.0800018310546875 0.08343505859375001 0.0990753173828125 0.06665039062500001 0.1143341064453125 0.054443359375000014 0.1250152587890625 0.029266357421875014 0.1273040771484375 0.019348144531250014 0.1334075927734375 0.004852294921875014 0.1372222900390625 0.0 0.1399950299944197
4 0.377166748046875 0.8444671630859375 0.377166748046875 0.8101348876953125 0.368011474609375 0.7819061279296875 0.355804443359375 0.7811431884765625 0.3443603515625 0.8116607666015625 0.34588623046875 0.8246307373046875
4 0.390899658203125 0.8612518310546875 0.395477294921875 0.8231048583984375 0.40386962890625 0.8238677978515625 0.406158447265625 0.8345489501953125 0.39776611328125 0.8528594970703125
4 0.296295166015625 0.8330230712890625 0.299346923828125 0.7918243408203125 0.235260009765625 0.7590179443359375 0.22991943359375 0.7742767333984375 0.239837646484375 0.8101348876953125 0.265777587890625 0.8070831298828125 0.26806640625 0.8131866455078125
4 0.189483642578125 0.7712249755859375 0.207794189453125 0.7315521240234375 0.1917724609375 0.7056121826171875 0.169647216796875 0.7132415771484375 0.176513671875 0.7361297607421875
4 0.158966064453125 0.6758575439453125 0.176513671875 0.6461029052734375 0.15667724609375 0.6316070556640625 0.152862548828125 0.6598358154296875
4 0.1826171875 0.4752044677734375 0.194061279296875 0.4904632568359375 0.198638916015625 0.4698638916015625 0.213134765625 0.4530792236328125 0.230682373046875 0.4530792236328125 0.237548828125 0.4309539794921875 0.226104736328125 0.4256134033203125 0.21466064453125 0.4317169189453125 0.198638916015625 0.4408721923828125 0.181854248046875 0.4469757080078125 0.1795654296875 0.4568939208984375
4 0.255096435546875 0.4355316162109375 0.256622314453125 0.4507904052734375 0.273406982421875 0.4553680419921875 0.2955322265625 0.4500274658203125 0.310791015625 0.4309539794921875 0.31536865234375 0.4149322509765625 0.31536865234375 0.3981475830078125 0.326812744140625 0.3790740966796875 0.331390380859375 0.3577117919921875 0.331390380859375 0.3447418212890625 0.302398681640625 0.3241424560546875 0.30621337890625 0.3462677001953125 0.30926513671875 0.3607635498046875 0.2894287109375 0.3775482177734375 0.2833251953125 0.3882293701171875 0.2802734375 0.4057769775390625 0.277984619140625 0.4256134033203125 0.26348876953125 0.4317169189453125
4 0.298583984375 0.2989654541015625 0.282562255859375 0.2013092041015625 0.296295166015625 0.2142791748046875 0.311553955078125 0.2028350830078125 0.306976318359375 0.2264862060546875 0.31536865234375 0.2615814208984375
4 0.277984619140625 0.1753692626953125 0.306976318359375 0.1532440185546875 0.28790283203125 0.1410369873046875 0.28179931640625 0.1372222900390625 0.28179931640625 0.1150970458984375 0.270355224609375 0.1044158935546875 0.261962890625 0.1089935302734375 0.25433349609375 0.1051788330078125 0.2467041015625 0.1158599853515625 0.255859375 0.1349334716796875
4 0.548828125 0.0456695556640625 0.56561279296875 0.0143890380859375 0.566375732421875 0.0029449462890625 0.54730224609375 0.0037078857421875 0.54425048828125 0.0365142822265625
4 0.569427490234375 0.0754241943359375 0.577056884765625 0.1868133544921875 0.5701904296875 0.1906280517578125 0.560272216796875 0.1639251708984375 0.545013427734375 0.2005462646484375 0.53814697265625 0.1959686279296875 0.53204345703125 0.1334075927734375 0.54119873046875 0.1326446533203125 0.552642822265625 0.1250152587890625 0.546539306640625 0.0922088623046875 0.545013427734375 0.0845794677734375 0.55035400390625 0.0777130126953125
4 0.5946044921875 0.3394012451171875 0.581634521484375 0.2249603271484375 0.561798095703125 0.2402191162109375 0.56866455078125 0.2562408447265625 0.56256103515625 0.2692108154296875 0.56561279296875 0.2905731201171875 0.560272216796875 0.3020172119140625 0.560272216796875 0.3172760009765625 0.5640869140625 0.3233795166015625 0.5823974609375 0.3134613037109375 0.587738037109375 0.3271942138671875
2 0.40642584405144694 0.9855556672025724 0.44975884244372993 0.9924638263665595 0.4729953778135048 0.9642031752411575 0.4893237540192926 0.9309184083601286 0.4930918408360129 0.893237540192926 0.494975884244373 0.8103396302250804 0.44285068327974275 0.8128516881028939 0.44285068327974275 0.8649768890675241 0.4346864951768489 0.9145900321543409 0.41396201768488744 0.9359425241157556 0.40830988745980706 0.9654592041800643 0.40830988745980706 0.9773914790996785
2 0.41710209003215437 0.6985530546623795 0.4346864951768489 0.7286977491961415 0.4510148713826367 0.70608922829582 0.4704833199356913 0.701065112540193 0.48555566720257237 0.6483118971061093 0.4974879421221865 0.601210811897106 0.4729953778135048 0.6539640273311897 0.4076818729903537 0.6853647508038585
2 0.3926095257234727 0.19237339228295813 0.42777833601286175 0.00396905144694526 0.4579230305466238 0.0020850080385851344 0.4685992765273312 0.05295418006430863 0.4610631028938907 0.11889569935691313 0.4309184083601286 0.12266378617363338 0.4145900321543408 0.15720458199356913 0.42024216237942125 0.17478898713826363 0.41144995980707394 0.20556169614147912 0.4051698151125402 0.208701768488746 0.3970056270096463 0.19739750803858513
5 0.4711113344051447 0.2671071141479099 0.4956038987138264 0.2997638665594855 0.49120779742765275 0.360681270096463 0.4993719855305466 0.419086615755627 0.5069081591639871 0.48377210610932475 0.5069081591639871 0.5283611334405145 0.4943478697749196 0.5773462620578778 0.4905797829581994 0.599326768488746 0.48115956591639875 0.6338675643086816 0.46985530546623794 0.6533360128617363 0.4334304662379421 0.6696643890675241 0.4384545819935691 0.6533360128617363 0.4478747990353698 0.6313555064308681 0.4409666398713826 0.6062349276527331 0.4397106109324759 0.5917905948553055 0.4340584807073955 0.5735781752411575 0.41773010450160775 0.5654139871382636 0.40391378617363344 0.5597618569131833 0.39323754019292606 0.5534817122186495 0.3492765273311897 0.5007284967845659 0.34802049839228294 0.4856561495176849 0.3612088022508039 0.47121181672025725 0.383189308681672 0.4718398311897106 0.40328577170418006 0.42536676045016075 0.4070538585209003 0.4121784565916399 0.431546422829582 0.3481209807073955 0.4485028135048232 0.287203577170418
3 0.4076818729903537 0.398990152733119 0.4020297427652733 0.37449758842443726 0.38193327974276525 0.4096663987138264 0.3813052652733119 0.4423231511254019 0.39135349678456594 0.44106712218649513
2 0.41082194533762056 0.39271000803858513 0.4422226688102894 0.2941117363344051 0.41333400321543406 0.29097166398713825 0.3919815112540193 0.2664790996784565 0.3926095257234727 0.287203577170418 0.38570136655948556 0.31923231511254013 0.3970056270096463 0.3525170819935691 0.3970056270096463 0.36696141479099675 0.4045418006430868 0.37198553054662375
2 0.34236836816720256 0.9912077974276527 0.3555566720257235 0.8750251205787781 0.3706290192926045 0.8769091639871383 0.3605807877813505 1.0 0.3417403536977492 0.9993719855305466
0 0.37690916398713825 0.9987439710610932 0.39135349678456594 0.8185038183279743 0.3800492363344051 0.814735731511254 0.378165192926045 0.8555566720257235 0.3649768890675241 0.9981159565916399
0 0.34488042604501606 0.4818880627009646 0.34048432475884244 0.4718398311897106 0.3266680064308682 0.4705838022508039 0.3128516881028939 0.4730958601286174 0.2965233118971061 0.48628416398713825 0.28710309485530544 0.49633239549839225 0.2889871382636656 0.520824959807074 0.30845558681672025 0.5390373794212219 0.314735731511254 0.5566217845659164 0.34488042604501606 0.6489399115755627 0.3612088022508039 0.6885048231511254 0.3700010048231511 0.6991810691318328 0.3825612942122186 0.718021503215434 0.38884143890675243 0.718021503215434 0.3970056270096463 0.6841087218649518 0.40893790192926044 0.6709204180064309 0.4095659163987138 0.664640273311897 0.3844453376205788 0.6483118971061093 0.3762811495176849 0.6357516077170418 0.3813052652733119 0.6087469855305466 0.3813052652733119 0.5779742765273312 0.3813052652733119 0.5666700160771704 0.38632938102893893 0.5603898713826366 0.3875854099678457 0.5566217845659164 0.38632938102893893 0.5497136254019293 0.3442524115755627 0.5019845257234726
1 0.4152180466237942 0.6640122588424437 0.4340584807073955 0.649567926045016 0.4409666398713826 0.6357516077170418 0.4397106109324759 0.6150271302250804 0.4346864951768489 0.5968147106109325 0.43280245176848875 0.581114348874598 0.4101939308681672 0.5691820739549839 0.3944935691318328 0.5641579581993569 0.38884143890675243 0.5704381028938906 0.38570136655948556 0.5999547829581993 0.3825612942122186 0.624447347266881 0.3850733520900322 0.6420317524115755 0.40391378617363344 0.654592041800643
3 0.32980807877813506 0.7406300241157556 0.3555566720257235 0.7217895900321543 0.3517885852090032 0.7117413585209003 0.3674889469453376 0.7048331993569132 0.3599527733118971 0.6947849678456591 0.3417403536977492 0.6508239549839228 0.309711615755627 0.5534817122186495 0.3046875 0.5428054662379421 0.28396302250803857 0.5214529742765273 0.27454280546623794 0.5289891479099678 0.2827069935691318 0.535897307073955 0.2921272106109325 0.535897307073955 0.2971513263665595 0.5434334807073955 0.2940112540192926 0.5566217845659164 0.29024316720257237 0.5497136254019293 0.2582144292604502 0.5817423633440515 0.2600984726688103 0.586138464630225 0.26889067524115756 0.576090233118971 0.2776828778135048 0.6068629421221865 0.28207897909967844 0.6263313906752411 0.28207897909967844 0.639519694533762 0.2827069935691318 0.662756229903537 0.29024316720257237 0.697925040192926 0.3090836012861736 0.7098573151125402 0.3210158762057878 0.7192775321543408 0.3266680064308682 0.7318378215434084
1 0.4538112331081081 1.0 0.47690561655405406 0.9671663851351351 0.49604096283783783 0.9288956925675675 0.5 0.8926045185810811 0.5 0.8173828125 0.5197951858108109 0.8055057010135135 0.5369510135135135 0.744800464527027 0.5475084459459459 0.742161106418919 0.571262668918919 0.7250052787162162 0.5765413851351351 0.7091691300675675 0.5686233108108109 0.7025707347972974 0.5475084459459459 0.6992715371621622 0.5560863597972973 0.6867345861486487 0.5745618665540541 0.6689189189189189 0.5870988175675675 0.6478040540540541 0.5943570523648649 0.6286687077702703 0.6016152871621622 0.5989759290540541 0.6075538429054054 0.5686233108108109 0.6101932010135135 0.5349714949324325 0.5897381756756757 0.5145164695945946 0.595676731418919 0.5105574324324325 0.6154719172297297 0.4755859375 0.6108530405405406 0.45843010979729737 0.6022751266891891 0.43467588682432434 0.6022751266891891 0.4208192567567568 0.6049144847972973 0.401683910472973 0.6049144847972973 0.3713312922297297 0.6055743243243243 0.34031883445945943 0.5983160895270271 0.3317409206081081 0.5851192989864865 0.22154771959459463 0.5798405827702703 0.17535895270270274 0.573902027027027 0.07176414695945943 0.5719225084459459 0.001953125 0.998046875 0.001953125 0.998046875 1.0
1 0.3752903293918919 0.8477354307432432 0.34493771114864863 0.8272804054054054 0.30072846283783783 0.8351984797297297 0.29610958614864863 0.8391575168918919 0.26773648648648646 0.8200221706081081 0.2624577702702703 0.8127639358108107 0.2387035472972973 0.8154032939189189 0.2241870777027027 0.7751530827702703 0.2314453125 0.7593169341216216 0.20901076858108109 0.7368823902027027 0.1925147804054054 0.7797719594594594 0.17074007601351351 0.744140625 0.16480152027027026 0.7164273648648649 0.1634818412162162 0.7118084881756757 0.19053526182432431 0.6999313766891893 0.17997782939189189 0.646484375 0.15754328547297297 0.6827755489864865 0.14698585304054054 0.6629803631756757 0.15028505067567569 0.6260293496621622 0.18063766891891891 0.6398859797297298 0.18855574324324323 0.49472128378378377 0.17337943412162163 0.46766786317567566 0.1753589527027027 0.4478726773648649 0.19845333614864866 0.4326963682432433 0.2268264358108108 0.4181798986486487 0.24134290540540543 0.42807749155405406 0.23672402871621623 0.45249155405405406 0.24992081925675674 0.450512035472973 0.25190033783783783 0.43071684966216217 0.2730152027027027 0.41949957770270274 0.27697423986486486 0.38914695945945943 0.30402766047297297 0.3561549831081081 0.2974292652027027 0.33635979729729737 0.29676942567567566 0.32382284628378377 0.29676942567567566 0.31788429054054057 0.3363597972972973 0.3416385135135135 0.3198638091216216 0.26707664695945943 0.29940878378378377 0.3046875 0.29478990709459457 0.3046875 0.27961359797297297 0.19911317567567566 0.2822529560810811 0.19581397804054057 0.2974292652027027 0.20835092905405406 0.31326541385135137 0.19647381756756754 0.30996621621621623 0.15622360641891897 0.27697423986486486 0.1793179898648649 0.24332242398648646 0.11663323479729726 0.25453969594594594 0.10145692567567566 0.26179793074324326 0.10475612331081086 0.2683963260135135 0.09815772804054057 0.25058065878378377 0.08100190033783783 0.23408467060810811 0.11333403716216217 0.20043285472972971 0.10871516047297303 0.19647381756756757 0.10871516047297303 0.18937895569620253 0.09315664556962033 0.18443433544303797 0.09315664556962033 0.19036787974683544 0.107001582278481 0.18047863924050633 0.11590189873417722 0.1696004746835443 0.10452927215189878 0.1651503164556962 0.113429588607595 0.13993275316455694 0.12232990506329122 0.04647943037974683 0.18858781645569622 6.938893903907228e-18 0.2132357005900598 0.003212108013937301 0.999319468641115 0.33258928571428575 0.9959168118466899 0.3502831010452962 0.8686574477351916 0.3713795731707317 0.8700185104529616
1 0.3509636324041812 0.7781467770034843 0.341436193379791 0.8087706881533101 0.34075566202090596 0.8264645034843205 0.2999237804878049 0.8305476916376306 0.305368031358885 0.7917574041811847 0.2379954268292683 0.7563697735191638 0.21315070169712794 0.7338140502610966 0.19581225522193213 0.7016869288511749 0.18459326044386423 0.6455919549608355 0.19275252937336815 0.496175342689295 0.1968321638381201 0.493625571148825 0.20295161553524804 0.4722074902088773 0.21417061031331594 0.45639890665796345 0.22895928524804177 0.4558889523498695 0.2503773661879896 0.4538491351174935 0.26210631527415146 0.45435908942558745 0.27638503590078334 0.4579287695822454 0.2962732539164491 0.45435908942558745 0.305452431462141 0.4426301403394256 0.31361170039164493 0.4314111455613576 0.3182012891644909 0.41203288185378584 0.3233008322454308 0.393164572454308 0.33197005548302877 0.3773559889033943 0.3365596442558747 0.3574677708877284 0.3401293244125327 0.34216914164490864 0.32534064947780683 0.2641461325065274 0.3166714262402089 0.24782759464751958 0.31259179177545693 0.22334978785900783 0.31463160900783294 0.202951615535248 0.3182012891644909 0.18306339751958223 0.31565151762402094 0.15705572780678845 0.31004202023498695 0.1453267787206266 0.28964384791122716 0.13563764686684077 0.2865841220626632 0.11931910900783282 0.2865841220626632 0.10912002284595301 0.2264095137075718 0.05506486618798956 0.19275252937336815 0.0540449575718015 0.14328696148825065 0.06781372389033946 0.10504038838120106 0.08158249020887731 0.07648294712793734 0.09892093668407309 0.05557482049608356 0.1177892460835509 0.0 0.1325751035911602 0.0 0.001953125 0.4237618309399478 0.0020296181462140517 0.38857498368146215 0.19581225522193213 0.40234375000000006 0.21213079308093996 0.41458265339425593 0.20958102154046998 0.4258016481723238 0.17337426566579628 0.4212120593994778 0.15756568211488253 0.43243105417754574 0.12798833224543082 0.4614984497389034 0.12390869778067881 0.4711875815926893 0.26108640665796345 0.4451799118798956 0.2850542591383812 0.4400803687989556 0.2896438479112271 0.41713242493472585 0.2870940763707571 0.3957143439947781 0.26567599543080933 0.3875550750652742 0.2626162695822454 0.38245553198433424 0.3156515176240209 0.39112475522193213 0.35695781657963443 0.39163470953002616 0.36766685704960833 0.3952043896866841 0.37582612597911225 0.3783758975195823 0.4064233844647519 0.3773559889033943 0.4421201860313315 0.3793958061357703 0.44568986618798956 0.38959489229765015 0.44568986618798956 0.3819455776762402 0.4686378100522193 0.3676668570496084 0.4676179014360313 0.35848767950391647 0.4676179014360313 0.35032841057441255 0.4783269419060052 0.3457388218015666 0.4706776272845953 0.33095014686684077 0.4655780842036553 0.306472340078329 0.4716975359007832 0.29168366514360317 0.48393643929503916 0.28454430483028725 0.495155434073107 0.28352439621409925 0.5170834693211488 0.2682257669712794 0.5283024640992167 0.2789348074412533 0.5369716873368147 0.29219361945169714 0.5415612761096605 0.29270357375979117 0.5461508648825065 0.2901538022193212 0.5456409105744124 0.25292713772845954 0.5823576207571801 0.25853663511749353 0.5920467526109661 0.2677158126631854 0.5843974379895561 0.27638503590078334 0.6287634627937336 0.28454430483028725 0.699647111618799 0.28709407637075723 0.7037267460835509 0.30290265992167104 0.7123959693211488 0.3187112434725849 0.7210651925587467 0.3278904210182768 0.7460529536553524 0.33451982702349875 0.7414633648825064 0.3559379079634465 0.7282045528720626 0.3605274967362925 0.7251448270234986 0.3579777251958225 0.7164756037859008 0.36919671997389036 0.7098461977806788 0.37786594321148825 0.7200452839425587 0.3819455776762402 0.7225950554830287 0.39061480091383816 0.7246348727154046 0.39928402415143605 0.690467934073107 0.40387361292428203 0.6889380711488251 0.4156025620104439 0.7032167917754568 0.43090119125326376 0.7312642787206266 0.44823963772845954 0.7848094810704961 0.44059032310704965 0.7893990698433421 0.43702064295039167 0.8092872878590078 0.4365106886422977 0.8628324902088773 0.43039123694516973 0.9143378753263708 0.4115229275456919 0.9347360476501305 0.404383567232376 0.9638034432114883 0.403363658616188 0.98828125 0.44772968342036557 0.9959305646214099 0.44772968342036557 0.9989902904699739 0.3839853949086162 0.9984803361618799 0.38092566906005226 0.9949106560052219 0.39112475522193213 0.8674220789817233 0.40030393276762405 0.8562030842036553 0.40897315600522194 0.8368248204960835 0.41101297323759794 0.8276456429503917 0.40897315600522194 0.8194863740208878 0.3957143439947781 0.8194863740208878 0.3957143439947781 0.8169366024804178 0.3844953492167102 0.8128569680156658 0.38041571475195823 0.8052076533942558 0.3732763544386423 0.7776701207571801
1 0.45264623955431754 0.7829256615598885 0.43795699860724235 0.7350496169916434 0.45373433147632314 0.7089354108635098 0.47277594011142066 0.7034949512534818 0.4907294568245126 0.6452820334261838 0.502154422005571 0.6012143105849582 0.5010663300835655 0.5952298050139275 0.49780205431754876 0.5821727019498607 0.50977106545961 0.5342966573816156 0.5054186977715878 0.41895891364902504 0.4967139623955432 0.3602019498607242 0.4999782381615599 0.29872475626740946 0.47549616991643456 0.26390581476323116 0.4684235724233983 0.12245386490250698 0.47277594011142066 0.05281598189415038 0.4635271587743733 0.0022197075208912898 0.5435019150417828 0.0022197075208912898 0.5391495473537604 0.03540651114206128 0.5445900069637883 0.04791956824512533 0.5500304665738162 0.051727889972144836 0.5679839832869081 0.019085132311977726 0.570704213091922 0.07022545264623947 0.5489423746518106 0.07403377437325898 0.5424138231197771 0.08165041782729798 0.5407816852367688 0.09797179665738154 0.5473102367688023 0.12136577298050133 0.5413257311977716 0.12843837047353757 0.5271805362116991 0.1295264623955431 0.5347971796657381 0.20025243732590525 0.5424138231197771 0.20406075905292476 0.5500304665738162 0.20351671309192199 0.5598232938718664 0.17141800139275765 0.5701601671309192 0.19807625348189417 0.5772327646239555 0.19263579387186625 0.581041086350975 0.21820595403899723 0.5565590181058496 0.24051183844011137 0.563087569637883 0.2541129874651811 0.5576471100278552 0.2666260445682451 0.5609113857938719 0.2905640668523677 0.5549268802228412 0.30307712395543174 0.5576471100278552 0.3210306406685236 0.5598232938718664 0.32647110027855153 0.5668958913649025 0.32755919220055707 0.5788649025069638 0.31994254874651806 0.5864815459610028 0.33408774373259054 0.5897458217270195 0.3422484331476323 0.5924660515320335 0.34714484679665736 0.5772327646239555 0.3699947771587744 0.5652637534818942 0.396108983286908 0.5652637534818942 0.40372562674094703 0.5745125348189415 0.42113509749303624 0.5897458217270195 0.4271196030640668 0.5897458217270195 0.43636838440111414 0.5832172701949861 0.44235288997214484 0.5788649025069638 0.4467052576601671 0.573424442896936 0.4739075557103064 0.5717923050139276 0.5087264972144847 0.5712482590529249 0.5299442896935933 0.5652637534818942 0.5484418523676879 0.5663518454038997 0.5566025417827298 0.5777768105849582 0.568571552924791 0.5804970403899722 0.586525069637883 0.5756006267409471 0.5935976671309192 0.5756006267409471 0.599038126740947 0.5892017757660167 0.624608286908078 0.5853934540389972 0.6235201949860725 0.5663518454038997 0.6082869080779945 0.5478542827298051 0.6409296657381616 0.5315329038997215 0.6801009749303621 0.5141234331476323 0.7051270891364902 0.49834610027855153 0.7252567896935933 0.489641364902507 0.7464745821727019 0.489641364902507 0.7638840529247911 0.47604021587743733 0.7763971100278552 0.46407120473537605 0.7802054317548747
