3 0.2797227443609023 0.5763627819548872 0.48531484962406013 0.5734257518796992 0.5 0.497062969924812 0.4955944548872181 0.4045465225563909 0.3325892857142857 0.41042058270676685 0.3325892857142857 0.4647556390977443 0.2767857142857143 0.4632871240601504
3 0.3839873120300752 0.7378994360902256 0.4280427631578948 0.7393679511278195 0.43832236842105265 0.7129346804511278 0.4471334586466166 0.6953125 0.4471334586466166 0.6732847744360902 0.37517622180451127 0.6703477443609023 0.37370770676691734 0.692375469924812 0.3795817669172933 0.7099976503759399
4 0.596921992481203 0.2958764097744361 0.6424459586466166 0.29734492481203 0.6439144736842105 0.26356907894736836 0.6321663533834586 0.2650375939849624 0.6351033834586466 0.20189144736842102 0.595453477443609 0.20189144736842102
3 0.595453477443609 0.29881343984962405 0.5675516917293233 0.3399318609022556 0.6439144736842105 0.3399318609022556 0.6806273496240601 0.31496710526315785 0.6820958646616542 0.2958764097744361 0.6879699248120301 0.22685620300751874 0.7144031954887218 0.21804511278195482 0.7202772556390978 0.17545817669172925 0.6850328947368421 0.17986372180451127 0.6850328947368421 0.16811560150375937 0.6512570488721805 0.29881343984962405
3 0.5690202067669173 0.33112077067669166 0.5763627819548872 0.15930451127819545 0.6747532894736842 0.16224154135338342 0.6512570488721805 0.2855968045112782 0.6512570488721805 0.24741541353383456 0.6424459586466166 0.24741541353383456 0.6424459586466166 0.20042293233082709 0.5939849624060151 0.1930803571428571 0.5910479323308271 0.29147086466165406
3 0.4765037593984962 0.3414003759398496 0.4926574248120301 0.3414003759398496 0.4926574248120301 0.3046875 0.4750352443609023 0.307624530075188
3 0.17821140552995393 0.3600590437788018 0.17461117511520738 0.33935771889400923 0.19171226958525348 0.3357574884792627 0.20071284562211983 0.3456581221198156
3 0.06390408986175115 0.4689660138248848 0.06030385944700461 0.45366503456221197 0.07110455069124424 0.44466445852534564 0.08640552995391705 0.44736463133640547 0.09090581797235023 0.45996543778801846 0.0801051267281106 0.470766129032258
3 0.1549907483552632 0.3433902138157895 0.14471114309210528 0.335680509868421 0.14599609375000003 0.321546052631579 0.16013055098684212 0.321546052631579 0.1665553042763158 0.32797080592105265
3 0.37440303156146176 0.8410247093023255 0.38348733388704315 0.8332381644518272 0.38543397009966773 0.8248027408637874 0.38283845514950166 0.8150695598006645 0.37115863787375414 0.8118251661129569 0.35753218438538203 0.8163673172757475 0.356234426910299 0.828047134551495 0.36272321428571425 0.8384291943521595
3 0.3082174003322259 0.6483077242524917 0.3322259136212624 0.6515521179401993 0.3354703073089701 0.6230014534883721 0.31600394518272423 0.6145660299003323 0.3043241279069767 0.6197570598006645
3 0.2905753251445087 0.17033959537572252 0.3379922326589595 0.1816293352601156 0.3413791546242775 0.1601788294797688 0.2928332731213873 0.14324421965317913
2 0.28286687271062266 0.23994104853479847 0.32006925366300365 0.2488839285714285 0.3236464056776557 0.23743704212454209 0.28429773351648346 0.22599015567765568
2 0.31684981684981683 0.22026671245421248 0.32436183608058605 0.22348614926739918 0.32901213369963367 0.1991615155677655 0.31863839285714285 0.19665750915750912
1 0.468894675925926 0.8885995370370371 0.4529803240740741 0.8206018518518519 0.4703414351851852 0.7815393518518519 0.4587673611111111 0.7554976851851852 0.43995949074074076 0.7468171296296297 0.44864004629629634 0.7222222222222223 0.47902199074074076 0.7193287037037037 0.4905960648148148 0.6976273148148149 0.48336226851851855 0.6730324074074074 0.47468171296296297 0.6440972222222223 0.48770254629629634 0.6223958333333334 0.5122974537037037 0.609375 0.5311053240740742 0.6064814814814815 0.5441261574074074 0.6383101851851852 0.5354456018518519 0.6744791666666667 0.5151909722222223 0.6961805555555556 0.4992766203703704 0.7280092592592593 0.5224247685185186 0.7453703703703705 0.5499131944444444 0.7309027777777778 0.59765625 0.7526041666666667 0.6092303240740742 0.7844328703703703 0.6150173611111112 0.8263888888888888 0.5571469907407407 0.8755787037037037 0.5108506944444444 0.8885995370370371 0.4949363425925926 0.8929398148148149
1 0.6728877314814814 0.837962962962963 0.7524594907407407 0.8596643518518519 0.7785011574074074 0.8394097222222222 0.7958622685185186 0.7800925925925926 0.7944155092592593 0.7106481481481481 0.7524594907407407 0.6715856481481481 0.6830150462962963 0.6629050925925926 0.6714409722222223 0.7063078703703705 0.6555266203703705 0.7685185185185186 0.6468460648148149 0.7945601851851852
1 0.9911747685185186 0.5486111111111112 0.898582175925926 0.4907407407407408 0.9029224537037037 0.4487847222222222 0.9188368055555556 0.40393518518518523 0.9390914351851851 0.3836805555555556 0.9014756944444444 0.34895833333333337 0.9390914351851851 0.31134259259259267 0.9144965277777779 0.2925347222222223 0.98828125 0.3041087962962964 0.998046875 0.3051938657407408 0.998046875 0.5471643518518519
5 0.5545058139534884 0.7134811046511629 0.5802446705426356 0.6983406007751938 0.6196099806201549 0.6529190891472869 0.6074975775193798 0.6271802325581395 0.6150678294573644 0.5590479651162791 0.6453488372093024 0.5090843023255813 0.6816860465116279 0.45306443798449614 0.7407340116279071 0.35162306201550386 0.8058381782945736 0.2062742248062015 0.860343992248062 0.08666424418604646 0.9390746124031009 0.0033914728682169493 0.9042514534883721 0.0033914728682169493 0.8391472868217054 0.06849563953488369 0.799781976744186 0.1366279069767442 0.7240794573643412 0.32739825581395343 0.663517441860465 0.43792393410852715 0.6165818798449612 0.5121124031007751 0.5454215116279069 0.6332364341085271
0 0.7634447674418605 0.9920663759689923 0.998046875 0.7816353946441157 0.998046875 0.8209786821705426 0.8527737403100775 0.9587572674418604 0.8285489341085273 0.995094476744186 0.8023861434108527 1.0
2 0.8185679611650485 0.0866201456310679 0.3122724514563108 0.08851638349514557 0.3122724514563108 0.13402609223300976 0.3558859223300971 0.16626213592233008 0.35778216019417486 0.2041868932038835 0.32554611650485443 0.287621359223301 0.2895175970873787 0.30089502427184467 0.2534890776699029 0.30089502427184467 0.3122724514563108 0.333131067961165 0.31416868932038844 0.37864077669902907 0.28572512135922334 0.3994993932038835 0.24780036407766992 0.4146692961165048 0.22314927184466027 0.4336316747572816 0.18901699029126218 0.5265473300970873 0.17763956310679618 0.5967081310679612 0.23073422330097093 0.5910194174757282 0.264866504854369 0.5891231796116505 0.2838288834951457 0.6099817961165048 0.26865898058252435 0.4715564320388349 0.31985740291262144 0.4563865291262136 0.3274423543689321 0.3938106796116505 0.4620752427184467 0.40139563106796117 0.4620752427184467 0.29520631067961167 0.5587833737864079 0.29520631067961167 0.5663683252427185 0.14540351941747576 0.7521996359223302 0.16057342233009708 0.7275485436893203 0.24590412621359226 0.7047936893203883 0.2667627427184466 0.6877275485436893 0.316064927184466 0.649802791262136 0.3558859223300971 0.5701608009708738 0.35778216019417475 0.5474059466019419 0.3388197815533981 0.5511984223300972 0.316064927184466 0.511377427184466 0.3046875 0.5075849514563107 0.3615746359223301 0.471556432038835 0.3558859223300971 0.477245145631068 0.3994993932038835 0.5189623786407767 0.3938106796116505 0.505688713592233 0.46397148058252424 0.517066140776699 0.49620752427184467 0.5834344660194175 0.49620752427184467 0.6042930825242718 0.4051881067961165 0.6687651699029127 0.3596783980582524 0.723756067961165 0.30847997572815533
2 0.28849085365853655 0.6276676829268293 0.28753810975609756 0.5847942073170731 0.4799923780487805 0.5819359756097562 0.5247713414634146 0.5762195121951219 0.5352515243902439 0.6009908536585367 0.48666158536585363 0.616234756097561 0.4685594512195122 0.6391006097560976 0.4733231707317073 0.6648246951219512 0.47808689024390244 0.696265243902439 0.4580792682926829 0.7067454268292683 0.45426829268292684 0.6905487804878049 0.4533155487804878 0.6667301829268293 0.3780487804878049 0.6648246951219512 0.36375762195121947 0.6648246951219512 0.3723323170731707 0.6991234756097562 0.33041158536585363 0.696265243902439 0.33422256097560976 0.6610137195121951 0.3485137195121951 0.6352896341463414 0.3285060975609756 0.6067073170731707 0.3018292682926829 0.6124237804878049
2 0.32469512195121947 0.6915015243902439 0.28563262195121947 0.6867378048780488 0.29134908536585363 0.6667301829268293 0.30087652439024387 0.6524390243902439 0.32755335365853655 0.655297256097561
1 0.15510670731707313 0.6724466463414634 0.19131097560975607 0.6714939024390244 0.21227134146341461 0.6676829268292683 0.23037347560975607 0.6724466463414634 0.2627667682926829 0.6819740853658537 0.2865853658536585 0.6667301829268293 0.2999237804878049 0.6400533536585367 0.2846798780487805 0.6333841463414634 0.2741996951219512 0.6229039634146342 0.2608612804878048 0.6105182926829269 0.23418445121951217 0.6000381097560976 0.2084603658536585 0.6124237804878049 0.1960746951219512 0.6333841463414634 0.1817835365853658 0.6124237804878049 0.16368140243902435 0.6209984756097562 0.15605945121951215 0.650533536585366
2 0.0020276717557252133 0.44185353053435117 0.05122853053435117 0.45378101145038163 0.07508349236641221 0.4850906488549618 0.10192032442748095 0.4791269083969465 0.10639312977099236 0.46123568702290074 0.14813931297709926 0.4657084923664122 0.1973401717557252 0.4791269083969465 0.16453959923664124 0.6058563931297709 0.14068463740458015 0.6714575381679388 0.3702886450381679 0.7087309160305344 0.3866889312977099 0.7489861641221374 0.42247137404580154 0.751968034351145 0.45825381679389315 0.7817867366412213 0.4403625954198473 0.833969465648855 0.46570849236641215 0.9010615458015268 0.556655534351145 0.8980796755725191 0.6088382633587786 0.947280534351145 0.5656011450381679 0.9949904580152672 0.0005367366412213914 0.996481393129771
2 0.005009541984732857 0.42694417938931295 0.04526479007633588 0.32257872137404575 0.07508349236641221 0.27337786259541985 0.1272662213740458 0.17497614503816794 0.1541030534351145 0.12130248091603058 0.19435830152671757 0.009482347328244378 0.3173355995547086 0.001953125 0.30319656488549623 0.09297471374045807 0.24952290076335876 0.2823234732824428 0.1719942748091603 0.2897781488549618 0.13621183206106868 0.31363311068702293 0.12577528625954199 0.34345181297709926 0.16006679389312978 0.36283396946564883 0.1973401717557252 0.38519799618320605 0.21970419847328243 0.3896708015267175 0.2062857824427481 0.42694417938931295 0.19286736641221375 0.46719942748091603 0.12130248091603052 0.45378101145038163 0.09297471374045801 0.4358897900763359 0.0571922709923664 0.4314169847328244 0.048246660305343525 0.443344465648855
1 0.005009541984732857 0.4015982824427481 0.0005854258506802794 0.001953125 0.18392175572519082 0.001953125
2 0.31810591603053434 0.07657442748091603 0.8101145038167938 0.07657442748091603 0.8947809816316795 0.001953125 0.3285424618320611 0.001953125
2 0.5685830152671756 0.996481393129771 0.6073473282442747 0.9606989503816794 0.6252385496183206 0.9308802480916031 0.5641102099236641 0.890625 0.6192748091603053 0.8429150763358779 0.6729484732824427 0.8429150763358779 0.7460042938931297 0.8637881679389313 0.7862595419847327 0.8458969465648855 0.8116054389312977 0.7594227099236641 0.8071326335877862 0.6878578244274809 0.7415314885496183 0.6550572519083969 0.6729484732824427 0.6476025763358779 0.6461116412213741 0.7579317748091603 0.655057251908397 0.833969465648855 0.6237476145038168 0.8130963740458015 0.6162929389312977 0.7728411259541985 0.5849833015267176 0.7296040076335877 0.5670920801526718 0.7266221374045801 0.6013835877862594 0.6893487595419847 0.6237476145038168 0.662511927480916 0.6282204198473282 0.6312022900763359 0.6192748091603053 0.5984017175572519 0.6252385496183206 0.5685830152671756 0.6431297709923665 0.5372733778625953 0.6729484732824427 0.4865815839694656 0.6997853053435115 0.443344465648855 0.7296040076335877 0.3971254770992366 0.7489861641221374 0.3553792938931297 0.768368320610687 0.3166149809160306 0.7937142175572518 0.26741412213740456 0.8190601145038168 0.21224952290076338 0.8414241412213739 0.16901240458015265 0.8772065839694656 0.10042938931297707 0.9040434160305342 0.06911975190839692 0.9457895992366412 0.02737356870229013 0.9920085877862594 0.0035186068702290907 0.9979723282442747 0.11832061068702293 0.9949904580152671 0.27934160305343514 0.9025524809160304 0.27934160305343514 0.9234255725190839 0.3106512404580153 0.8831703244274809 0.3523974236641221 0.9159708969465647 0.38519799618320605 0.890625 0.4567628816793893 0.8891340648854962 0.5074546755725191 0.947280534351145 0.540255248091603 0.9920085877862594 0.5834923664122138 0.998046875 0.6059202903489642 0.9979723282442747 0.6774212786259541 0.9920085877862594 0.7624045801526718 0.9428077290076335 0.8190601145038168 0.8578244274809159 0.8861521946564885 0.7430224236641221 0.9979723282442748
2 0.8384422709923662 0.9994632633587786 0.998046875 0.8384077084056211 0.998046875 0.9994632633587786
