2 0.00420673076923081 0.48695280870445345 0.2588246457489879 0.4735102479757085 0.3125948886639676 0.43713626012145745 0.4043205971659919 0.41104187753036436 0.4264612854251012 0.39048266700404854 0.4312057186234818 0.3817845394736842 0.4248798076923077 0.3754586285425101 0.41380946356275305 0.3746678896761133 0.4019483805668016 0.3564808957489878 0.3987854251012146 0.33987537955465585 0.4090650303643725 0.3319679908906883 0.4051113360323887 0.32089764676113364 0.39641320850202433 0.31378099696356276 0.4288335020242915 0.27187183704453444 0.4533464068825911 0.2734533147773279 0.46204453441295545 0.2552663208502024 0.5213499493927125 0.2513126265182186 0.5063259109311741 0.10739815283400811 0.4739056174089069 0.045720521255060764 0.4027835984944331 0.001953125 0.0034159919028340646 0.001953125 0.0018345141700405465 0.001953125
2 0.23522649863760217 1.0 0.2999430668016195 0.5122564524291497 0.25803390688259115 0.4916972419028339 0.0018345141700405465 0.5067212803643725 0.0018345141700405465 0.997770116396761
0 0.4525556680161944 0.9961886386639676 0.4517649291497976 0.9305573127530364 0.447020495951417 0.9234406629554656 0.4486019736842105 0.9092073633603238 0.4525556680161944 0.8926018471659919 0.4715334008097166 0.690172697368421 0.4818130060728745 0.6743579200404859 0.5600961538461539 0.6696134868421053 0.586190536437247 0.6672412702429149 0.5964701417004049 0.6569616649797572 0.602796052631579 0.6348209767206479 0.5964701417004049 0.6205876771255061 0.5980516194331984 0.6118895495951417 0.5933071862348178 0.6000284665991903 0.5885627530364372 0.5889581224696356 0.5901442307692307 0.561282262145749 0.5909349696356275 0.5336064018218624 0.5940979251012146 0.5241175354251013 0.6273089574898786 0.5035583248987854 0.6367978238866396 0.4964416751012145 0.6573570344129555 0.5264897520242915 0.6684273785425101 0.5256990131578947 0.6668459008097166 0.5035583248987854 0.6668459008097166 0.4790454200404858 0.6668459008097166 0.4308103491902834 0.6636829453441295 0.4197400050607287 0.6320533906882592 0.41420483299595134 0.6043775303643725 0.41815852732793524 0.5774924089068826 0.4205307439271255 0.5585146761133604 0.4260659159919028 0.5482350708502024 0.4458343876518218 0.5379554655870445 0.4545325151821862 0.5347925101214575 0.43871773785425094 0.5150240384615384 0.43239182692307687 0.48497596153846156 0.4442529099190283 0.4778593117408907 0.46481212044534415 0.5237221659919028 0.4711380313765182 0.5379554655870445 0.475091725708502 0.5371647267206477 0.48774354757085014 0.5585146761133604 0.48932502530364375 0.5640498481781376 0.5375600961538463 0.5767016700404858 0.5565378289473684 0.5759109311740891 0.6490542763157895 0.4778593117408907 0.6593338815789473 0.46441675101214575 0.6656597925101215 0.44306680161943324 0.8680889423076923 0.4403842659883721 0.9973655523255814
2 0.9970997073578595 0.19331364966555176 0.5836120401337793 0.055484427257525115 0.586878135451505 0.041113607859531776 0.5940635451505016 0.027396007525083643 0.6208455267558528 0.0038801212374581784 0.7518812709030125 0.001953125 0.803746864548495 0.020210597826086918 0.842940008361204 0.014984845317725703 0.8638430183946488 0.007146216555183882 0.8716326557274248 0.001953125 0.9899142976588627 0.001953125 0.998046875 0.001953125 0.998046875 0.19200721153846145
2 0.5404995819397993 0.04242004598662208 0.43965344551282054 0.001953125 0.5326609531772575 0.001953125
2 0.5182901337792643 0.08879859949832769 0.4980403428093646 0.0489522366220736 0.5352738294314381 0.06201661789297652
0 0.9977529264214046 0.2057248118729097 0.5659751254180602 0.07442778010033446 0.539193143812709 0.06071017976588622 0.4888952759197325 0.04372648411371238 0.5182901337792643 0.09337113294314381 0.539193143812709 0.06201661789297652 0.5568300585284282 0.07181490384615385 0.5431124581939799 0.08487928511705678 0.5280884197324415 0.10382263795986624 0.5287416387959867 0.15085441053511706 0.52155622909699 0.1639187918060201 0.513064381270903 0.11558058110367886 0.4947742474916388 0.07442778010033446 0.47583089464882944 0.04242004598662208 0.40534012905922967 0.001953125 0.4314119983277592 0.001953125 0.5307012959866221 0.0489522366220736 0.5463785535117057 0.06071017976588622 0.5542171822742475 0.06658915133779264 0.5757734113712375 0.059403741638795915 0.6025553929765887 0.06985524665551834 0.998046875 0.19690769969434074
0 0.5483382107023411 0.38209395903010024 0.5222094481605352 0.19984584030100327 0.5326609531772575 0.2031119356187291 0.552257525083612 0.34094115802675584
1 0.5202497909698997 0.19004755434782605 0.5359270484949833 0.20180549749163879 0.5483382107023411 0.19331364966555176 0.5555236204013378 0.18024926839464883 0.5581364966555185 0.16065269648829428 0.5411528010033445 0.15281406772575246 0.5307012959866221 0.15999947742474918
1 0.5535639632107023 0.06005696070234112 0.5744669732441472 0.05417798913043481 0.5940635451505016 0.022823474080267525 0.6155860926395276 0.001953125 0.5372334866220736 0.0025736831103678748 0.5444188963210702 0.03588785535117056 0.5444188963210702 0.046992579431438086
1 0.8644962374581939 0.0038801212374581784 0.8292224080267558 0.013025188127090304 0.8044000836120401 0.013025188127090304 0.7653222137517213 0.001953125 0.8638430183946488 0.001953125
0 0.003553511705685658 0.5055523620401338 0.25961538461538464 0.4892218854515049 0.28835702341137126 0.49510085702341133 0.30272784280936454 0.5140442098662208 0.33865489130434784 0.5323343436454849 0.3667433110367893 0.5525841346153846 0.36739653010033446 0.5401729724080268 0.3275501672240803 0.515350647993311 0.3125261287625418 0.49706051421404673 0.31905831939799334 0.4898751045150501 0.3170986622073579 0.4755042851170568 0.3210179765886288 0.45656093227424743 0.33865489130434784 0.4441497700668896 0.34779995819397996 0.4389240175585284 0.3510660535117057 0.4336982650501672 0.373928720735786 0.4395772366220735 0.37850125418060204 0.4376175794314381 0.42292015050167225 0.45721415133779264 0.4405570652173913 0.4434965510033444 0.44774247491638797 0.4369643603678929 0.44904891304347827 0.42585963628762535 0.4510085702341137 0.42128710284280935 0.4307587792642141 0.41671456939799323 0.4301055602006689 0.4134484740802675 0.39809782608695654 0.42128710284280935 0.3817673494983278 0.41932744565217384 0.3157922240802676 0.4382707984949832 0.29684887123745823 0.45917380852842804 0.26614757525083615 0.4768107232441471 0.22238189799331104 0.4820364757525083 0.10676212374581945 0.4866090091973244 0.0015938545150502026 0.4931411998327758
2 0.24132525083612044 0.9993859740802675 0.4347964918256131 1.0 0.4523651215805471 0.7049534574468086 0.3912186550151976 0.7560077887537994 0.3716280395136778 0.734636208206687 0.37697093465045595 0.7079217325227963 0.3924059650455927 0.6895184270516717 0.4131838905775076 0.7037661474164134 0.420901405775076 0.7281060030395137 0.44999050151975684 0.7031724924012158 0.4581939799331104 0.6577524038461539 0.4529682274247492 0.6335832984949833 0.3693561872909699 0.5617292015050167 0.30157674772036475 0.5161711626139818 0.2855480623100304 0.643806990881459 0.27901785714285715 0.6883311170212766 0.29029730243161095 0.6895184270516717 0.3003894376899696 0.6503371960486322 0.3158244680851064 0.6580547112462006 0.3330404635258359 0.6408387158054711 0.32413563829787234 0.6164988601823709 0.3110752279635258 0.5903780395136778 0.2980148176291793 0.570787424012158 0.3045450227963526 0.5375427431610942 0.35916128419452886 0.5624762537993921 0.3751899696048632 0.5844414893617021 0.3698470744680851 0.6022511398176291 0.3609422492401216 0.6129369300911854 0.38825037993920974 0.6224354103343466 0.3965615501519757 0.6705214665653496 0.36865976443768994 0.6835818768996961 0.35203742401215804 0.7019851823708207 0.3211673632218845 0.7097026975683891 0.3229483282674772 0.6942676671732523 0.2796115121580547 0.6895184270516717 0.2748622720364742 0.7043598024316109 0.30513867781155013 0.7144519376899696 0.29742116261398177 0.7672872340425532 0.30513867781155013 0.7660999240121581 0.3152308130699088 0.7281060030395137 0.34194528875379937 0.7144519376899696 0.35322473404255317 0.7423537234042553 0.31998005319148937 0.7684745440729484 0.2689257218844985 0.7720364741641337 0.24132525083612044 0.9693378971571907 0.2628814799331104 0.9719507734113713 0.27790551839464883 0.9804426212374582 0.27790551839464883 0.9961198787625418
3 0.47611132218844987 0.6497435410334347 0.5710961246200608 0.6461816109422492 0.5758453647416414 0.5589143237082067 0.5663468844984803 0.5422919832826747 0.5615976443768997 0.539323708206687 0.5568484042553191 0.4936122720364742 0.5336958586626139 0.4912376519756839 0.5342895136778115 0.47877089665653494 0.46661284194528874 0.4740216565349544 0.4547397416413374 0.4692724164133739 0.4523651215805471 0.45086911094224924 0.4416793313069909 0.45086911094224924 0.425056990881459 0.46096124620060785 0.3734090045592705 0.44493256079027355 0.3550056990881459 0.4372150455927052 0.3508501139817629 0.4419642857142857 0.3288848784194529 0.45561835106382975 0.32354198328267475 0.4633358662613982 0.3205737082066869 0.47817724164133735 0.3193863981762918 0.4858947568389058 0.3211673632218845 0.4918313069908815 0.31879274316109424 0.4977678571428571 0.338383358662614 0.5120155775075987 0.36509783434650456 0.5286379179331306 0.38409479483282677 0.5333871580547113 0.4030917553191489 0.5428856382978724 0.4030917553191489 0.5553523936170213 0.40427906534954405 0.5672254939209727 0.4149648556231003 0.5838478343465046 0.4351491261398176 0.599876519756839 0.4618636018237082 0.6277783054711246
1 0.3852821048632219 0.5678191489361701 0.39537424012158057 0.5648508738601824 0.40071713525835867 0.5476348784194529 0.40071713525835867 0.5422919832826747 0.3716280395136778 0.5339808130699089 0.3716280395136778 0.5523841185410334 0.37459631458966564 0.5630699088145896
3 0.4844224924012158 0.40693863981762923 0.5437879939209727 0.38794167933130697 0.5366641337386018 0.3262015577507599 0.5301339285714286 0.3036426671732523 0.5087623480243161 0.309579217325228 0.507575037993921 0.3250142477203648 0.4654255319148936 0.3196713525835866 0.45711436170212766 0.37191299392097266 0.46839380699088146 0.37844319908814594 0.4654255319148936 0.4087196048632219
1 0.46245725683890576 0.41050056990881456 0.4351491261398176 0.41228153495440734 0.4303998860182371 0.39565919452887544 0.4363364361702128 0.37191299392097266 0.45652070668693007 0.37191299392097266 0.45592705167173253 0.3814114741641338 0.46305091185410335 0.3790368541033434
1 0.46661284194528874 0.46630414133738607 0.4784859422492401 0.4532437310030395 0.481454217325228 0.42831022036474165 0.46839380699088146 0.4205927051671733 0.4588953267477204 0.4253419452887538 0.4535524316109422 0.4324658054711247 0.4535524316109422 0.4407769756838906 0.46067629179331304 0.4603675911854104
1 0.5461626139817629 0.43840235562310026 0.5544737841945289 0.42296732522796354 0.5651595744680851 0.4188117401215805 0.5657532294832827 0.3974401595744681 0.5449753039513677 0.3974401595744681 0.5230100683890577 0.4021893996960486 0.5194481382978723 0.41584346504559266 0.5182608282674772 0.42237367021276595 0.5336958586626139 0.4324658054711247
1 0.5681278495440729 0.38972264437689974 0.5924677051671733 0.36657009878419455 0.6031534954407295 0.37013202887538 0.6144329407294833 0.36597644376899696 0.6251187310030395 0.3582589285714286 0.6257123860182371 0.3481667933130699 0.6399601063829787 0.34519851823708203 0.6482712765957447 0.3256079027355623 0.6577697568389058 0.31551576747720367 0.6672682370820668 0.30067439209726443 0.6708301671732523 0.28939494680851063 0.6209631458966566 0.28227108662613987 0.6239314209726444 0.26624240121580545 0.6405537613981763 0.2626804711246201 0.6251187310030395 0.2472454407294833 0.6215568009118541 0.2347786854103343 0.6049344604863222 0.23181041033434646 0.5859375 0.23418503039513683 0.5651595744680851 0.24783909574468088 0.5633786094224924 0.26683605623100304 0.5520991641337386 0.2929568768996961 0.5580357142857143 0.35647796352583583 0.5604103343465046 0.3689447188449848
1 0.9961531155015197 0.46689779635258355 0.9801244300911854 0.4864884118541033 0.9617211246200608 0.4853011018237082 0.9510353343465046 0.492424962006079 0.9290700987841946 0.48945668693009114 0.9082921732522796 0.49539323708206684 0.9029492781155015 0.518545782674772 0.8898888677811551 0.5179521276595744 0.8987936930091185 0.5316061930091185 0.8970127279635258 0.5589143237082067 0.8768284574468085 0.5624762537993921 0.8625807370820668 0.5523841185410334 0.8584251519756839 0.5446666033434651 0.8489266717325228 0.561288943768997 0.8269614361702128 0.5684128039513678 0.8121200607902735 0.5624762537993921 0.7765007598784195 0.5517904635258359 0.7693768996960486 0.539323708206687 0.7569101443768997 0.5232950227963526 0.7539418693009119 0.5132028875379939 0.7444433890577508 0.5066726823708207 0.7385068389057751 0.4936122720364742 0.7402878039513677 0.4769899316109423 0.7420687689969605 0.46155490121580545 0.7426624240121581 0.4437452507598785 0.7438497340425532 0.42356098024316113 0.7491926291793313 0.4188117401215805 0.7521609042553191 0.40456401975683887 0.7521609042553191 0.3903162993920972 0.7438497340425532 0.38200512917933127 0.7391004939209727 0.37191299392097266 0.7325702887537994 0.36597644376899696 0.7224781534954408 0.3594462386018237 0.711198708206687 0.35647796352583583 0.7046685030395137 0.34519851823708203 0.6945763677811551 0.3303571428571429 0.698731952887538 0.3196713525835866 0.6898271276595744 0.31136018237082064 0.6821096124620061 0.29948708206686936 0.6963573328267477 0.2698043313069909 0.7117923632218844 0.2650550911854104 0.7224781534954408 0.26149316109422494 0.7396941489361702 0.28227108662613987 0.755129179331307 0.279302811550152 0.7747197948328267 0.27752184650455924 0.8002469604863222 0.2698043313069909 0.8186502659574468 0.26624240121580545 0.8186502659574468 0.28820763677811556 0.8459583966565349 0.28227108662613987 0.8465520516717325 0.28880129179331304 0.8780157674772037 0.27752184650455924 0.8869205927051672 0.279302811550152 0.8845459726443768 0.30482997720364746 0.920165273556231 0.3125474924012158 0.9189779635258358 0.3368873480243161 0.9124477583586627 0.35054141337386024 0.9243208586626139 0.3641954787234043 0.9195716185410334 0.3861607142857143 0.9100731382978723 0.38972264437689974 0.9177906534954408 0.3986274696048633 0.929663753799392 0.4039703647416414 0.9367876139817629 0.40515767477203646 0.9409431990881458 0.3861607142857143 0.946286094224924 0.37666223404255317 0.9635020896656535 0.3754749240121581 0.9694386398176291 0.3909099544072948 0.9830927051671733 0.40040843465045595 0.9937784954407295 0.40634498480243164 0.9979340805471124 0.40693863981762923
2 0.4177665190735695 0.3698910081743869 0.433199931880109 0.3666978882833787 0.4544873978201635 0.3682944482288828 0.4576805177111717 0.3565863419618529 0.4598092643051771 0.33849199591280654 0.4630023841961853 0.3203976498637602 0.46353457084468663 0.31560797002724794 0.5007876362397821 0.31773671662125336 0.5039807561307902 0.3092217302452316 0.5093026226158038 0.3017711171662125 0.5295257152588556 0.2985779972752044 0.5268647820163488 0.25919618528610355 0.4645989441416894 0.25919618528610355 0.4576805177111717 0.2751617847411444 0.42947462534059944 0.2762261580381471 0.40392966621253407 0.3092217302452316 0.40978371934604907 0.31773671662125336 0.41297683923705725 0.3251873297002724 0.41297683923705725 0.3342345027247956 0.40552622615803813 0.33849199591280654 0.40392966621253407 0.346474795640327 0.4135090258855586 0.36403695504087197
2 0.547620061307902 0.2905951975476839 0.5364441416893733 0.2075740803814714 0.5598603542234333 0.1825613079019074 0.5635856607629428 0.16446696185286103 0.5646500340599455 0.15701634877384196 0.5348475817438693 0.1495657356948229 0.5311222752043597 0.10752299046321523 0.5577316076294278 0.07772053814713897 0.568375340599455 0.07878491144414168 0.998046875 0.2108691238709759 0.9978499659400545 0.4007578337874659 0.9749659400544959 0.3895819141689373 0.9691118869209809 0.37627724795640327 0.9675153269754768 0.37255194141689374 0.9446313010899183 0.37255194141689374 0.9307944482288828 0.39756471389645776 0.9164254087193461 0.3901141008174387 0.9244082084468666 0.3901141008174387 0.9297300749318801 0.36190820844686644 0.9169575953678474 0.35020010217983655 0.9233438351498637 0.33849199591280654 0.9254725817438693 0.3086895435967303 0.8887517029972752 0.3012389305177111 0.8908804495912807 0.2756939713896458 0.8759792234332425 0.2751617847411444 0.8514986376021798 0.28420895776566757 0.8509664509536785 0.28048365122615804 0.822228371934605 0.28314458446866486 0.8216961852861036 0.2645180517711172 0.7950868528610354 0.26930773160762944 0.7796534400544959 0.2740974114441417 0.7439969346049047 0.27941927792915533 0.7264347752043597 0.2623893051771117 0.7237738419618529 0.25919618528610355 0.694503576294278 0.2671789850136239 0.6817310967302452 0.29485269073569476 0.672683923705722 0.29378831743869205 0.6748126702997276 0.2895308242506812 0.6247871253405994 0.27941927792915533 0.6258514986376021 0.27090429155313345 0.6444780313351499 0.2661146117166212 0.6471389645776567 0.2639858651226158 0.6290446185286104 0.24642370572207084 0.6263836852861036 0.23844090599455037 0.6247871253405994 0.23418341280653954 0.5981777929155313 0.2299259196185286 0.5736972070844687 0.23684434604904636 0.5593281675749319 0.2522777588555858 0.5582637942779292 0.26877554495912803
1 0.7626234673024523 0.8531164850136239 0.7796534400544959 0.8430049386920981 0.7759281335149864 0.8233140326975477 0.7722028269754768 0.8052196866485013 0.7525119209809265 0.7940437670299727 0.7354819482288828 0.8057518732970027 0.7349497615803815 0.829700272479564 0.744529121253406 0.8440693119891008
1 0.6918426430517711 0.938266348773842 0.7179197888283378 0.9308157356948229 0.7344175749318801 0.9175110694822888 0.7434647479564033 0.897287976839237 0.7381428814713896 0.8696142711171662 0.7163232288828338 0.8499233651226158 0.6929070163487738 0.847262431880109 0.6716195504087193 0.8424727520435967 0.6556539509536785 0.8536486716621253 0.6599114441416893 0.8909017370572208 0.6678942438692098 0.9026098433242506 0.659379257493188 0.9111248297002725 0.6482033378746594 0.9281548024523161 0.6482033378746594 0.9451847752043596 0.6641689373297003 0.957425068119891
1 0.626915871934605 0.9270904291553134 0.6386239782016349 0.9159145095367848 0.6460745912806539 0.8983523501362398 0.651928644414169 0.8696142711171662 0.640220538147139 0.8541808583106267 0.6338342983651226 0.8461980585831063 0.6189330722070845 0.8430049386920981 0.6045640326975477 0.8600349114441417 0.5971134196185286 0.8733395776566757 0.5981777929155313 0.8930304836512262 0.60935371253406 0.9111248297002725 0.6221261920980926 0.9308157356948229
1 0.6029674727520437 0.9121892029972752 0.5928559264305178 0.9270904291553134 0.5715684604904633 0.9467813351498637 0.5518775544959128 0.9467813351498637 0.5481522479564033 0.9361376021798365 0.5407016348773842 0.9302835490463215 0.5273969686648502 0.9286869891008175 0.5119635558583107 0.9137857629427792 0.510899182561308 0.891433923705722 0.5305900885558583 0.8754683242506812 0.560924727520436 0.8669533378746594 0.5721006471389646 0.8637602179836512 0.5816800068119891 0.8760005108991825 0.5907271798365122 0.878129257493188
1 0.45821270435967304 0.9425238419618529 0.45821270435967304 0.9531675749318801 0.46832425068119893 0.9680688010899182 0.47896798365122617 0.9686009877384196 0.4896117166212534 0.9579572547683923 0.4970623297002725 0.9430560286103542 0.49919107629427795 0.9260260558583107 0.5034485694822889 0.9127213896457765 0.506641689373297 0.9004810967302452 0.5055773160762943 0.8930304836512262 0.49812670299727524 0.8877086171662125 0.48907952997275206 0.8818545640326976 0.47630705040871935 0.8770648841961852 0.4624701975476839 0.8791936307901907 0.4576805177111717 0.8871764305177112 0.45501958446866486 0.8983523501362398 0.4518264645776567 0.9127213896457765 0.4518264645776567 0.9254938692098093 0.4587448910081744 0.9329444822888283
2 0.4986588896457766 0.8807901907356949 0.5114313692098093 0.883983310626703 0.572632833787466 0.8563096049046321 0.5827443801089919 0.8690820844686649 0.6098858991825613 0.8424727520435967 0.6338342983651226 0.8398118188010899 0.6466067779291553 0.8552452316076294 0.6753448569482289 0.8360865122615804 0.713662295640327 0.8440693119891008 0.7397394414168937 0.8648245912806539 0.7455934945504087 0.8541808583106267 0.731224455040872 0.8270393392370572 0.7290957084468666 0.798833446866485 0.7663487738419619 0.7919150204359673 0.7801856267029973 0.8142668596730245 0.7865718664850136 0.8493911784741144 0.7732672002724795 0.8531164850136239 0.751979734332425 0.8573739782016349 0.742932561307902 0.8658889645776566 0.7477222411444142 0.8978201634877384 0.7376106948228883 0.9228329359673024 0.7115335490463215 0.9372019754768393 0.6934392029972752 0.9435882152588556 0.6609758174386922 0.963279121253406 0.6466067779291553 0.9510388283378747 0.6428814713896458 0.9302835490463215 0.6609758174386922 0.9020776566757494 0.6567183242506812 0.8685498978201635 0.6423492847411444 0.9212363760217983 0.6194652588555859 0.9387985354223434 0.6088215258855586 0.9153823228882834 0.57422939373297 0.9489100817438693 0.5454913147138964 0.9489100817438693 0.5407016348773842 0.9356054155313351 0.5263325953678474 0.9329444822888283 0.5071738760217984 0.9148501362397821 0.4986588896457766 0.9505066416893733 0.4795001702997275 0.9781803474114441 0.4688564373297003 0.9717941076294278 0.45821270435967304 0.9611503746594006 0.4576805177111717 1.0 0.998046875 1.0 0.9983821525885557 0.46781335149863756 0.9808199931880108 0.48750425749318804 0.9653865803814712 0.48910081743869216 0.9547428474114439 0.4938904972752043 0.9307944482288826 0.49069737738419605 0.9121679155313349 0.4965514305177112 0.8999276226158037 0.5604138283378747 0.877043596730245 0.5657356948228883 0.863738930517711 0.5620103882833788 0.8435158378746592 0.5731863079019074 0.8248893051771116 0.5742506811989101 0.7775246934604902 0.5566885217983651 0.7684775204359671 0.5487057220708447 0.7471900544959127 0.5146457765667575 0.731756641689373 0.5518988419618529 0.7216450953678473 0.5566885217983651 0.7046151226158037 0.5598816416893733 0.6764092302452314 0.5657356948228883 0.6567183242506811 0.572654121253406 0.6333021117166211 0.5848944141689373 0.6173365122615802 0.5795725476839237 0.6194652588555856 0.5401907356948229 0.6088215258855585 0.5423194822888283 0.6061605926430516 0.5620103882833788 0.5944524863760217 0.5731863079019074 0.5933881130790188 0.5859587874659401 0.602435286103542 0.6029887602179836 0.6279802452316074 0.6024565735694822 0.674280483651226 0.596070333787466 0.7035507493188009 0.5981990803814714 0.7019541893732968 0.6413061989100818 0.7003576294277927 0.6647224114441417 0.6673620572207082 0.6700442779291553 0.625851498637602 0.671108651226158 0.589130619891008 0.6695120912806539 0.5689075272479562 0.6716408378746594 0.48588641008174394 0.675366144414169 0.4784357970027248 0.688670810626703 0.46885643732970034 0.7706275544959128 0.45874489100817445 0.8690820844686649
