2 0.9957932692307692 0.48695280870445345 0.7411753542510121 0.4735102479757085 0.6874051113360324 0.43713626012145745 0.5956794028340081 0.41104187753036436 0.5735387145748988 0.39048266700404854 0.5687942813765182 0.3817845394736842 0.5751201923076923 0.3754586285425101 0.586190536437247 0.3746678896761133 0.5980516194331984 0.3564808957489878 0.6012145748987854 0.33987537955465585 0.5909349696356275 0.3319679908906883 0.5948886639676113 0.32089764676113364 0.6035867914979757 0.31378099696356276 0.5711664979757085 0.27187183704453444 0.5466535931174089 0.2734533147773279 0.5379554655870445 0.2552663208502024 0.4786500506072875 0.2513126265182186 0.4936740890688259 0.10739815283400811 0.5260943825910931 0.045720521255060764 0.5972164015055669 0.001953125 0.996584008097166 0.001953125 0.9981654858299595 0.001953125
2 0.7647735013623979 1.0 0.7000569331983806 0.5122564524291497 0.7419660931174088 0.4916972419028339 0.9981654858299595 0.5067212803643725 0.9981654858299595 0.997770116396761
0 0.5474443319838056 0.9961886386639676 0.5482350708502024 0.9305573127530364 0.552979504048583 0.9234406629554656 0.5513980263157895 0.9092073633603238 0.5474443319838056 0.8926018471659919 0.5284665991902834 0.690172697368421 0.5181869939271255 0.6743579200404859 0.43990384615384615 0.6696134868421053 0.41380946356275305 0.6672412702429149 0.4035298582995951 0.6569616649797572 0.397203947368421 0.6348209767206479 0.4035298582995951 0.6205876771255061 0.4019483805668016 0.6118895495951417 0.4066928137651822 0.6000284665991903 0.41143724696356276 0.5889581224696356 0.4098557692307693 0.561282262145749 0.4090650303643725 0.5336064018218624 0.4059020748987854 0.5241175354251013 0.3726910425101214 0.5035583248987854 0.36320217611336036 0.4964416751012145 0.34264296558704455 0.5264897520242915 0.3315726214574899 0.5256990131578947 0.3331540991902834 0.5035583248987854 0.3331540991902834 0.4790454200404858 0.3331540991902834 0.4308103491902834 0.3363170546558705 0.4197400050607287 0.36794660931174084 0.41420483299595134 0.3956224696356275 0.41815852732793524 0.4225075910931174 0.4205307439271255 0.44148532388663964 0.4260659159919028 0.4517649291497976 0.4458343876518218 0.46204453441295545 0.4545325151821862 0.46520748987854255 0.43871773785425094 0.48497596153846156 0.43239182692307687 0.5150240384615384 0.4442529099190283 0.5221406882591093 0.46481212044534415 0.4762778340080972 0.4711380313765182 0.46204453441295545 0.475091725708502 0.46283527327935226 0.48774354757085014 0.44148532388663964 0.48932502530364375 0.43595015182186236 0.5375600961538463 0.4232983299595142 0.5565378289473684 0.4240890688259109 0.6490542763157895 0.5221406882591093 0.6593338815789473 0.5355832489878543 0.6656597925101215 0.5569331983805668 0.8680889423076923 0.5596157340116279 0.9973655523255814
2 0.002900292642140534 0.19331364966555176 0.4163879598662207 0.055484427257525115 0.413121864548495 0.041113607859531776 0.40593645484949836 0.027396007525083643 0.3791544732441472 0.0038801212374581784 0.2481187290969875 0.001953125 0.19625313545150502 0.020210597826086918 0.15705999163879603 0.014984845317725703 0.13615698160535117 0.007146216555183882 0.12836734427257523 0.001953125 0.01008570234113726 0.001953125 0.001953125 0.001953125 0.001953125 0.19200721153846145
2 0.4595004180602007 0.04242004598662208 0.5603465544871795 0.001953125 0.4673390468227425 0.001953125
2 0.48170986622073575 0.08879859949832769 0.5019596571906354 0.0489522366220736 0.4647261705685619 0.06201661789297652
0 0.0022470735785954377 0.2057248118729097 0.43402487458193983 0.07442778010033446 0.460806856187291 0.06071017976588622 0.5111047240802675 0.04372648411371238 0.48170986622073575 0.09337113294314381 0.460806856187291 0.06201661789297652 0.44316994147157185 0.07181490384615385 0.4568875418060201 0.08487928511705678 0.47191158026755853 0.10382263795986624 0.4712583612040133 0.15085441053511706 0.47844377090301005 0.1639187918060201 0.48693561872909696 0.11558058110367886 0.5052257525083612 0.07442778010033446 0.5241691053511706 0.04242004598662208 0.5946598709407703 0.001953125 0.5685880016722408 0.001953125 0.4692987040133779 0.0489522366220736 0.4536214464882943 0.06071017976588622 0.44578281772575246 0.06658915133779264 0.4242265886287625 0.059403741638795915 0.39744460702341133 0.06985524665551834 0.001953125 0.19690769969434074
0 0.4516617892976589 0.38209395903010024 0.47779055183946484 0.19984584030100327 0.4673390468227425 0.2031119356187291 0.44774247491638797 0.34094115802675584
1 0.47975020903010035 0.19004755434782605 0.4640729515050167 0.20180549749163879 0.4516617892976589 0.19331364966555176 0.44447637959866215 0.18024926839464883 0.44186350334448155 0.16065269648829428 0.4588471989966555 0.15281406772575246 0.4692987040133779 0.15999947742474918
1 0.44643603678929766 0.06005696070234112 0.4255330267558528 0.05417798913043481 0.40593645484949836 0.022823474080267525 0.38441390736047243 0.001953125 0.4627665133779264 0.0025736831103678748 0.4555811036789298 0.03588785535117056 0.4555811036789298 0.046992579431438086
1 0.13550376254180607 0.0038801212374581784 0.17077759197324416 0.013025188127090304 0.19559991638795993 0.013025188127090304 0.23467778624827873 0.001953125 0.13615698160535117 0.001953125
0 0.9964464882943144 0.5055523620401338 0.7403846153846154 0.4892218854515049 0.7116429765886287 0.49510085702341133 0.6972721571906355 0.5140442098662208 0.6613451086956521 0.5323343436454849 0.6332566889632107 0.5525841346153846 0.6326034698996655 0.5401729724080268 0.6724498327759196 0.515350647993311 0.6874738712374582 0.49706051421404673 0.6809416806020067 0.4898751045150501 0.6829013377926421 0.4755042851170568 0.6789820234113713 0.45656093227424743 0.6613451086956521 0.4441497700668896 0.6522000418060201 0.4389240175585284 0.6489339464882943 0.4336982650501672 0.626071279264214 0.4395772366220735 0.6214987458193979 0.4376175794314381 0.5770798494983278 0.45721415133779264 0.5594429347826086 0.4434965510033444 0.552257525083612 0.4369643603678929 0.5509510869565217 0.42585963628762535 0.5489914297658862 0.42128710284280935 0.569241220735786 0.41671456939799323 0.5698944397993311 0.4134484740802675 0.6019021739130435 0.42128710284280935 0.6182326505016722 0.41932744565217384 0.6842077759197325 0.4382707984949832 0.7031511287625418 0.45917380852842804 0.7338524247491638 0.4768107232441471 0.777618102006689 0.4820364757525083 0.8932378762541806 0.4866090091973244 0.9984061454849498 0.4931411998327758
2 0.7586747491638796 0.9993859740802675 0.5652035081743869 1.0 0.5476348784194529 0.7049534574468086 0.6087813449848024 0.7560077887537994 0.6283719604863223 0.734636208206687 0.623029065349544 0.7079217325227963 0.6075940349544073 0.6895184270516717 0.5868161094224924 0.7037661474164134 0.579098594224924 0.7281060030395137 0.5500094984802432 0.7031724924012158 0.5418060200668896 0.6577524038461539 0.5470317725752508 0.6335832984949833 0.6306438127090301 0.5617292015050167 0.6984232522796352 0.5161711626139818 0.7144519376899696 0.643806990881459 0.7209821428571428 0.6883311170212766 0.7097026975683891 0.6895184270516717 0.6996105623100304 0.6503371960486322 0.6841755319148937 0.6580547112462006 0.6669595364741641 0.6408387158054711 0.6758643617021276 0.6164988601823709 0.6889247720364742 0.5903780395136778 0.7019851823708207 0.570787424012158 0.6954549772036474 0.5375427431610942 0.6408387158054711 0.5624762537993921 0.6248100303951367 0.5844414893617021 0.6301529255319149 0.6022511398176291 0.6390577507598785 0.6129369300911854 0.6117496200607903 0.6224354103343466 0.6034384498480243 0.6705214665653496 0.6313402355623101 0.6835818768996961 0.647962575987842 0.7019851823708207 0.6788326367781155 0.7097026975683891 0.6770516717325228 0.6942676671732523 0.7203884878419453 0.6895184270516717 0.7251377279635258 0.7043598024316109 0.6948613221884499 0.7144519376899696 0.7025788373860182 0.7672872340425532 0.6948613221884499 0.7660999240121581 0.6847691869300911 0.7281060030395137 0.6580547112462006 0.7144519376899696 0.6467752659574468 0.7423537234042553 0.6800199468085106 0.7684745440729484 0.7310742781155015 0.7720364741641337 0.7586747491638796 0.9693378971571907 0.7371185200668896 0.9719507734113713 0.7220944816053512 0.9804426212374582 0.7220944816053512 0.9961198787625418
3 0.5238886778115501 0.6497435410334347 0.42890387537993924 0.6461816109422492 0.4241546352583586 0.5589143237082067 0.43365311550151975 0.5422919832826747 0.43840235562310026 0.539323708206687 0.4431515957446809 0.4936122720364742 0.46630414133738607 0.4912376519756839 0.4657104863221885 0.47877089665653494 0.5333871580547113 0.4740216565349544 0.5452602583586625 0.4692724164133739 0.5476348784194529 0.45086911094224924 0.5583206686930091 0.45086911094224924 0.574943009118541 0.46096124620060785 0.6265909954407295 0.44493256079027355 0.6449943009118542 0.4372150455927052 0.6491498860182371 0.4419642857142857 0.6711151215805471 0.45561835106382975 0.6764580167173253 0.4633358662613982 0.6794262917933132 0.47817724164133735 0.6806136018237082 0.4858947568389058 0.6788326367781155 0.4918313069908815 0.6812072568389058 0.4977678571428571 0.6616166413373861 0.5120155775075987 0.6349021656534954 0.5286379179331306 0.6159052051671732 0.5333871580547113 0.5969082446808511 0.5428856382978724 0.5969082446808511 0.5553523936170213 0.595720934650456 0.5672254939209727 0.5850351443768997 0.5838478343465046 0.5648508738601824 0.599876519756839 0.5381363981762918 0.6277783054711246
1 0.6147178951367781 0.5678191489361701 0.6046257598784195 0.5648508738601824 0.5992828647416413 0.5476348784194529 0.5992828647416413 0.5422919832826747 0.6283719604863223 0.5339808130699089 0.6283719604863223 0.5523841185410334 0.6254036854103344 0.5630699088145896
3 0.5155775075987842 0.40693863981762923 0.45621200607902734 0.38794167933130697 0.4633358662613982 0.3262015577507599 0.4698660714285714 0.3036426671732523 0.4912376519756839 0.309579217325228 0.492424962006079 0.3250142477203648 0.5345744680851063 0.3196713525835866 0.5428856382978724 0.37191299392097266 0.5316061930091185 0.37844319908814594 0.5345744680851063 0.4087196048632219
1 0.5375427431610942 0.41050056990881456 0.5648508738601824 0.41228153495440734 0.5696001139817629 0.39565919452887544 0.5636635638297872 0.37191299392097266 0.5434792933130699 0.37191299392097266 0.5440729483282675 0.3814114741641338 0.5369490881458967 0.3790368541033434
1 0.5333871580547113 0.46630414133738607 0.5215140577507599 0.4532437310030395 0.518545782674772 0.42831022036474165 0.5316061930091185 0.4205927051671733 0.5411046732522796 0.4253419452887538 0.5464475683890577 0.4324658054711247 0.5464475683890577 0.4407769756838906 0.539323708206687 0.4603675911854104
1 0.4538373860182371 0.43840235562310026 0.44552621580547114 0.42296732522796354 0.43484042553191493 0.4188117401215805 0.43424677051671734 0.3974401595744681 0.45502469604863227 0.3974401595744681 0.4769899316109423 0.4021893996960486 0.4805518617021277 0.41584346504559266 0.4817391717325228 0.42237367021276595 0.46630414133738607 0.4324658054711247
1 0.4318721504559271 0.38972264437689974 0.4075322948328267 0.36657009878419455 0.3968465045592705 0.37013202887538 0.3855670592705167 0.36597644376899696 0.3748812689969605 0.3582589285714286 0.3742876139817629 0.3481667933130699 0.36003989361702127 0.34519851823708203 0.3517287234042553 0.3256079027355623 0.3422302431610942 0.31551576747720367 0.33273176291793316 0.30067439209726443 0.3291698328267477 0.28939494680851063 0.3790368541033434 0.28227108662613987 0.3760685790273556 0.26624240121580545 0.3594462386018237 0.2626804711246201 0.3748812689969605 0.2472454407294833 0.37844319908814594 0.2347786854103343 0.39506553951367784 0.23181041033434646 0.4140625 0.23418503039513683 0.43484042553191493 0.24783909574468088 0.4366213905775076 0.26683605623100304 0.4479008358662614 0.2929568768996961 0.4419642857142857 0.35647796352583583 0.43958966565349544 0.3689447188449848
1 0.003846884498480252 0.46689779635258355 0.01987556990881456 0.4864884118541033 0.03827887537993924 0.4853011018237082 0.04896466565349544 0.492424962006079 0.07092990121580545 0.48945668693009114 0.09170782674772038 0.49539323708206684 0.09705072188449848 0.518545782674772 0.11011113221884494 0.5179521276595744 0.10120630699088151 0.5316061930091185 0.10298727203647418 0.5589143237082067 0.12317154255319152 0.5624762537993921 0.13741926291793316 0.5523841185410334 0.14157484802431608 0.5446666033434651 0.1510733282674772 0.561288943768997 0.17303856382978722 0.5684128039513678 0.18787993920972645 0.5624762537993921 0.2234992401215805 0.5517904635258359 0.2306231003039514 0.539323708206687 0.24308985562310026 0.5232950227963526 0.2460581306990881 0.5132028875379939 0.25555661094224924 0.5066726823708207 0.26149316109422494 0.4936122720364742 0.25971219604863227 0.4769899316109423 0.2579312310030395 0.46155490121580545 0.2573375759878419 0.4437452507598785 0.25615026595744683 0.42356098024316113 0.25080737082066873 0.4188117401215805 0.24783909574468088 0.40456401975683887 0.24783909574468088 0.3903162993920972 0.25615026595744683 0.38200512917933127 0.26089950607902734 0.37191299392097266 0.26742971124620063 0.36597644376899696 0.27752184650455924 0.3594462386018237 0.28880129179331304 0.35647796352583583 0.29533149696048633 0.34519851823708203 0.30542363221884494 0.3303571428571429 0.301268047112462 0.3196713525835866 0.31017287234042556 0.31136018237082064 0.3178903875379939 0.29948708206686936 0.3036426671732523 0.2698043313069909 0.28820763677811556 0.2650550911854104 0.27752184650455924 0.26149316109422494 0.26030585106382975 0.28227108662613987 0.24487082066869303 0.279302811550152 0.2252802051671733 0.27752184650455924 0.19975303951367784 0.2698043313069909 0.18134973404255317 0.26624240121580545 0.18134973404255317 0.28820763677811556 0.15404160334346506 0.28227108662613987 0.15344794832826747 0.28880129179331304 0.12198423252279633 0.27752184650455924 0.11307940729483279 0.279302811550152 0.11545402735562316 0.30482997720364746 0.07983472644376899 0.3125474924012158 0.08102203647416417 0.3368873480243161 0.08755224164133735 0.35054141337386024 0.07567914133738607 0.3641954787234043 0.08042838145896658 0.3861607142857143 0.08992686170212771 0.38972264437689974 0.08220934650455924 0.3986274696048633 0.07033624620060797 0.4039703647416414 0.06321238601823709 0.40515767477203646 0.05905680091185417 0.3861607142857143 0.053713905775075954 0.37666223404255317 0.03649791033434646 0.3754749240121581 0.030561360182370878 0.3909099544072948 0.016907294832826714 0.40040843465045595 0.006221504559270508 0.40634498480243164 0.002065919452887588 0.40693863981762923
2 0.5822334809264305 0.3698910081743869 0.566800068119891 0.3666978882833787 0.5455126021798364 0.3682944482288828 0.5423194822888283 0.3565863419618529 0.5401907356948229 0.33849199591280654 0.5369976158038148 0.3203976498637602 0.5364654291553134 0.31560797002724794 0.49921236376021794 0.31773671662125336 0.4960192438692098 0.3092217302452316 0.49069737738419617 0.3017711171662125 0.4704742847411444 0.2985779972752044 0.4731352179836512 0.25919618528610355 0.5354010558583107 0.25919618528610355 0.5423194822888283 0.2751617847411444 0.5705253746594006 0.2762261580381471 0.596070333787466 0.3092217302452316 0.5902162806539509 0.31773671662125336 0.5870231607629428 0.3251873297002724 0.5870231607629428 0.3342345027247956 0.5944737738419619 0.33849199591280654 0.596070333787466 0.346474795640327 0.5864909741144414 0.36403695504087197
2 0.452379938692098 0.2905951975476839 0.46355585831062673 0.2075740803814714 0.4401396457765667 0.1825613079019074 0.4364143392370572 0.16446696185286103 0.4353499659400545 0.15701634877384196 0.46515241825613074 0.1495657356948229 0.46887772479564027 0.10752299046321523 0.44226839237057225 0.07772053814713897 0.43162465940054495 0.07878491144414168 0.001953125 0.2108691238709759 0.002150034059945516 0.4007578337874659 0.025034059945504117 0.3895819141689373 0.030888113079019064 0.37627724795640327 0.03248467302452318 0.37255194141689374 0.05536869891008167 0.37255194141689374 0.0692055517711172 0.39756471389645776 0.08357459128065392 0.3901141008174387 0.07559179155313345 0.3901141008174387 0.07026992506811991 0.36190820844686644 0.08304240463215262 0.35020010217983655 0.07665616485013627 0.33849199591280654 0.07452741825613074 0.3086895435967303 0.11124829700272476 0.3012389305177111 0.10911955040871935 0.2756939713896458 0.12402077656675747 0.2751617847411444 0.1485013623978202 0.28420895776566757 0.1490335490463215 0.28048365122615804 0.17777162806539504 0.28314458446866486 0.17830381471389645 0.2645180517711172 0.20491314713896458 0.26930773160762944 0.22034655994550412 0.2740974114441417 0.2560030653950953 0.27941927792915533 0.27356522479564027 0.2623893051771117 0.2762261580381471 0.25919618528610355 0.30549642370572205 0.2671789850136239 0.31826890326975477 0.29485269073569476 0.32731607629427795 0.29378831743869205 0.3251873297002724 0.2895308242506812 0.37521287465940056 0.27941927792915533 0.37414850136239786 0.27090429155313345 0.3555219686648501 0.2661146117166212 0.35286103542234326 0.2639858651226158 0.3709553814713896 0.24642370572207084 0.37361631471389645 0.23844090599455037 0.37521287465940056 0.23418341280653954 0.4018222070844687 0.2299259196185286 0.4263027929155313 0.23684434604904636 0.44067183242506813 0.2522777588555858 0.44173620572207084 0.26877554495912803
1 0.23737653269754766 0.8531164850136239 0.22034655994550412 0.8430049386920981 0.22407186648501365 0.8233140326975477 0.22779717302452318 0.8052196866485013 0.24748807901907355 0.7940437670299727 0.2645180517711172 0.8057518732970027 0.2650502384196185 0.829700272479564 0.255470878746594 0.8440693119891008
1 0.3081573569482289 0.938266348773842 0.28208021117166215 0.9308157356948229 0.2655824250681199 0.9175110694822888 0.25653525204359673 0.897287976839237 0.2618571185286104 0.8696142711171662 0.28367677111716616 0.8499233651226158 0.30709298365122617 0.847262431880109 0.32838044959128065 0.8424727520435967 0.3443460490463215 0.8536486716621253 0.34008855585831066 0.8909017370572208 0.3321057561307902 0.9026098433242506 0.34062074250681196 0.9111248297002725 0.35179666212534055 0.9281548024523161 0.35179666212534055 0.9451847752043596 0.3358310626702997 0.957425068119891
1 0.37308412806539504 0.9270904291553134 0.36137602179836514 0.9159145095367848 0.3539254087193461 0.8983523501362398 0.348071355585831 0.8696142711171662 0.359779461852861 0.8541808583106267 0.3661657016348774 0.8461980585831063 0.3810669277929155 0.8430049386920981 0.39543596730245234 0.8600349114441417 0.4028865803814714 0.8733395776566757 0.4018222070844687 0.8930304836512262 0.39064628746594 0.9111248297002725 0.3778738079019074 0.9308157356948229
1 0.39703252724795635 0.9121892029972752 0.40714407356948223 0.9270904291553134 0.4284315395095367 0.9467813351498637 0.4481224455040872 0.9467813351498637 0.45184775204359673 0.9361376021798365 0.4592983651226158 0.9302835490463215 0.4726030313351498 0.9286869891008175 0.48803644414168934 0.9137857629427792 0.48910081743869205 0.891433923705722 0.4694099114441417 0.8754683242506812 0.439075272479564 0.8669533378746594 0.4278993528610354 0.8637602179836512 0.41831999318801094 0.8760005108991825 0.40927282016348776 0.878129257493188
1 0.5417872956403269 0.9425238419618529 0.5417872956403269 0.9531675749318801 0.5316757493188011 0.9680688010899182 0.5210320163487738 0.9686009877384196 0.5103882833787465 0.9579572547683923 0.5029376702997275 0.9430560286103542 0.500808923705722 0.9260260558583107 0.4965514305177111 0.9127213896457765 0.493358310626703 0.9004810967302452 0.4944226839237057 0.8930304836512262 0.5018732970027248 0.8877086171662125 0.5109204700272479 0.8818545640326976 0.5236929495912807 0.8770648841961852 0.5375298024523161 0.8791936307901907 0.5423194822888283 0.8871764305177112 0.5449804155313351 0.8983523501362398 0.5481735354223434 0.9127213896457765 0.5481735354223434 0.9254938692098093 0.5412551089918256 0.9329444822888283
2 0.5013411103542234 0.8807901907356949 0.48856863079019075 0.883983310626703 0.427367166212534 0.8563096049046321 0.4172556198910081 0.8690820844686649 0.3901141008174387 0.8424727520435967 0.3661657016348774 0.8398118188010899 0.35339322207084467 0.8552452316076294 0.3246551430517711 0.8360865122615804 0.286337704359673 0.8440693119891008 0.26026055858310626 0.8648245912806539 0.2544065054495913 0.8541808583106267 0.26877554495912803 0.8270393392370572 0.27090429155313345 0.798833446866485 0.23365122615803813 0.7919150204359673 0.2198143732970027 0.8142668596730245 0.21342813351498635 0.8493911784741144 0.22673279972752047 0.8531164850136239 0.24802026566757496 0.8573739782016349 0.257067438692098 0.8658889645776566 0.2522777588555858 0.8978201634877384 0.2623893051771117 0.9228329359673024 0.2884664509536785 0.9372019754768393 0.30656079700272476 0.9435882152588556 0.33902418256130784 0.963279121253406 0.35339322207084467 0.9510388283378747 0.3571185286103542 0.9302835490463215 0.33902418256130784 0.9020776566757494 0.3432816757493188 0.8685498978201635 0.3576507152588556 0.9212363760217983 0.3805347411444141 0.9387985354223434 0.3911784741144414 0.9153823228882834 0.42577060626703 0.9489100817438693 0.45450868528610355 0.9489100817438693 0.4592983651226158 0.9356054155313351 0.4736674046321526 0.9329444822888283 0.4928261239782016 0.9148501362397821 0.5013411103542234 0.9505066416893733 0.5204998297002725 0.9781803474114441 0.5311435626702997 0.9717941076294278 0.5417872956403269 0.9611503746594006 0.5423194822888283 1.0 0.001953125 1.0 0.0016178474114443286 0.46781335149863756 0.01918000681198917 0.48750425749318804 0.03461341961852882 0.48910081743869216 0.045257152588556115 0.4938904972752043 0.06920555177111742 0.49069737738419605 0.08783208446866508 0.4965514305177112 0.10007237738419628 0.5604138283378747 0.12295640326975499 0.5657356948228883 0.136261069482289 0.5620103882833788 0.15648416212534078 0.5731863079019074 0.17511069482288844 0.5742506811989101 0.22247530653950975 0.5566885217983651 0.23152247956403293 0.5487057220708447 0.2528099455040873 0.5146457765667575 0.26824335831062696 0.5518988419618529 0.27835490463215273 0.5566885217983651 0.2953848773841963 0.5598816416893733 0.32359076975476864 0.5657356948228883 0.3432816757493189 0.572654121253406 0.3666978882833789 0.5848944141689373 0.38266348773841985 0.5795725476839237 0.38053474114441443 0.5401907356948229 0.3911784741144415 0.5423194822888283 0.39383940735694845 0.5620103882833788 0.40554751362397834 0.5731863079019074 0.40661188692098116 0.5859587874659401 0.397564713896458 0.6029887602179836 0.37201975476839255 0.6024565735694822 0.32571951634877405 0.596070333787466 0.2964492506811991 0.5981990803814714 0.2980458106267032 0.6413061989100818 0.29964237057220733 0.6647224114441417 0.3326379427792918 0.6700442779291553 0.37414850136239797 0.671108651226158 0.410869380108992 0.6695120912806539 0.43109247275204376 0.6716408378746594 0.5141135899182561 0.675366144414169 0.5215642029972751 0.688670810626703 0.5311435626702996 0.7706275544959128 0.5412551089918256 0.8690820844686649
