3 0.4309797932330828 0.6248237781954887 0.4926574248120301 0.6688792293233083 0.5704887218045113 0.6688792293233083 0.6130756578947368 0.4632871240601504 0.5440554511278196 0.43391682330827064 0.5323073308270677 0.4691611842105263 0.47797227443609025 0.4441964285714285
3 0.3414003759398496 0.7658012218045113 0.4471334586466166 0.8039826127819549 0.4559445488721805 0.7569901315789473 0.4691611842105263 0.6967810150375939 0.38251879699248126 0.6600681390977443 0.3531484962406015 0.689438439849624
3 0.32671522556390975 0.5792998120300752 0.3693021616541353 0.592516447368421 0.3810502819548872 0.5425869360902256 0.33846334586466165 0.5279017857142858
3 0.31203007518797 0.6674107142857143 0.33846334586466165 0.6835643796992481 0.35461701127819556 0.6556625939849624 0.32671522556390975 0.6395089285714286
3 0.8406954887218044 0.04622885338345861 0.8289473684210525 0.002173402255639001 0.8463492716165343 0.001953125 0.9376174812030075 0.0036419172932330435
5 0.09762687969924816 0.9978265977443609 0.29881343984962405 0.7085291353383458 0.3208411654135339 0.6233552631578947 0.307624530075188 0.6116071428571428 0.307624530075188 0.5778312969924813 0.32671522556390975 0.5323073308270676 0.3810502819548872 0.27091165413533835 0.39867246240601506 0.2444783834586466 0.005110432330827086 0.15489896616541354 0.0021760537411237117 1.0
5 0.10937500000000006 0.9963580827067668 0.2973449248120301 0.7144031954887218 0.3369948308270677 0.7525845864661653 0.3516799812030076 0.798108552631579 0.3913298872180452 0.8127937030075187 0.3839873120300752 0.8524436090225563 0.42951127819548873 0.8465695488721804 0.5088110902255639 0.7569901315789473 0.5881109022556391 0.6688792293233083 0.6556625939849624 0.3795817669172932 0.6659421992481203 0.35461701127819545 0.3913298872180452 0.2841282894736842 0.404546522556391 0.24594689849624063 0.698249530075188 0.31496710526315785 0.9141212406015037 0.3854558270676691 0.998046875 0.43759144843643194 0.998046875 1.0
5 0.005110432330827086 0.06091400375939848 0.2518209586466166 0.13580827067669177 0.2650375939849624 0.07266212406015038 0.36195958646616544 0.1137805451127819 0.3883928571428572 0.07559915413533835 0.3681763001253133 0.001953125 0.0021734022556391674 0.00804746240601506
2 0.5616776315789473 0.10790648496240596 0.786360432330827 0.16371005639097747 0.7437734962406014 0.010984492481203034 0.5323073308270677 0.002173402255639001 0.5440554511278196 0.062382518796992414 0.5660831766917294 0.08000469924812026
5 0.4559445488721805 0.0814732142857143 0.4660652875085441 0.001953125 0.5381813909774437 0.08294172932330823 0.5337758458646616 0.10203242481203001
2 0.36195958646616544 0.6483200187969924 0.33405780075187974 0.6380404135338347 0.3296522556390977 0.6204182330827068 0.31790413533834594 0.596921992481203 0.33405780075187974 0.5866423872180451 0.37811325187969924 0.598390507518797 0.3810502819548872 0.5748942669172932 0.39720394736842113 0.5234962406015038 0.3560855263157895 0.5190906954887218 0.3414003759398496 0.5 0.3604910714285714 0.3927984022556391 0.3810502819548872 0.2929393796992481 0.4647556390977444 0.30615601503759393 0.41776315789473684 0.5469924812030076 0.39867246240601506 0.6336348684210527
2 0.5234962406015038 0.41776315789473684 0.5088110902255639 0.3693021616541353 0.5205592105263158 0.3355263157894737 0.5778312969924813 0.3399318609022556 0.6453829887218046 0.3575540413533834 0.6453829887218046 0.3883928571428571 0.6248237781954887 0.4486019736842105 0.5763627819548872 0.4412593984962405
2 0.4740705818965517 0.42153825431034486 0.47541756465517243 0.39863954741379315 0.4841729525862069 0.3683324353448276 0.49158135775862066 0.3407192887931034 0.5023572198275862 0.3488011853448276 0.4976427801724138 0.3797817887931034 0.48821390086206895 0.42962015086206895
2 0.40806842672413796 0.644463900862069 0.41749730603448276 0.6471578663793103 0.47609105603448276 0.3380253232758621 0.46935614224137934 0.3366783405172413
2 0.46688988095238093 0.7907366071428572 0.5766369047619048 0.6716889880952381 0.4854910714285714 0.6716889880952381 0.47154017857142855 0.6633184523809523 0.4659598214285714 0.6837797619047619 0.470610119047619 0.7479538690476191
0 0.0033482142857143016 0.14099702380952372 0.6469494047619049 0.2935267857142858 0.9427083333333333 0.3902529761904763 0.998046875 0.4148478835978836 0.998046875 0.37909226190476186 0.8162202380952381 0.2879464285714286 0.6674107142857144 0.21726190476190466 0.5018601190476191 0.15215773809523814 0.37165178571428575 0.12239583333333326 0.2749255952380953 0.08891369047619047 0.26562500000000006 0.1372767857142858 0.0 0.07455977182539686
0 0.37165178571428575 0.11123511904761907 0.46651785714285715 0.13355654761904767 0.4423363095238095 0.08891369047619047 0.4479166666666667 0.0647321428571428 0.4568850977891156 0.001953125 0.384672619047619 0.001953125 0.4069940476190476 0.05729166666666652
5 0.4813988095238095 0.14099702380952372 0.9966517857142858 0.3604910714285714 0.9966517857142858 0.001953125 0.9445684523809523 0.0033482142857141906 0.8497023809523809 0.049851190476190466 0.8199404761904763 0.04613095238095233 0.8218005952380953 0.005208333333333259 0.7752976190476191 0.008928571428571397 0.7566964285714286 0.021949404761904656 0.7901785714285714 0.09821428571428559 0.8106398809523809 0.18005952380952372 0.46093749999999994 0.09821428571428559
