3 0.5690202067669172 0.6248237781954887 0.5073425751879699 0.6688792293233083 0.42951127819548873 0.6688792293233083 0.38692434210526316 0.4632871240601504 0.4559445488721804 0.43391682330827064 0.4676926691729323 0.4691611842105263 0.5220277255639098 0.4441964285714285
3 0.6585996240601504 0.7658012218045113 0.5528665413533834 0.8039826127819549 0.5440554511278195 0.7569901315789473 0.5308388157894737 0.6967810150375939 0.6174812030075187 0.6600681390977443 0.6468515037593985 0.689438439849624
3 0.6732847744360902 0.5792998120300752 0.6306978383458647 0.592516447368421 0.6189497180451128 0.5425869360902256 0.6615366541353384 0.5279017857142858
3 0.68796992481203 0.6674107142857143 0.6615366541353384 0.6835643796992481 0.6453829887218044 0.6556625939849624 0.6732847744360902 0.6395089285714286
3 0.15930451127819556 0.04622885338345861 0.17105263157894746 0.002173402255639001 0.15365072838346572 0.001953125 0.062382518796992525 0.0036419172932330435
5 0.9023731203007519 0.9978265977443609 0.701186560150376 0.7085291353383458 0.6791588345864661 0.6233552631578947 0.692375469924812 0.6116071428571428 0.692375469924812 0.5778312969924813 0.6732847744360902 0.5323073308270676 0.6189497180451128 0.27091165413533835 0.6013275375939849 0.2444783834586466 0.9948895676691729 0.15489896616541354 0.9978239462588763 1.0
5 0.890625 0.9963580827067668 0.7026550751879699 0.7144031954887218 0.6630051691729323 0.7525845864661653 0.6483200187969924 0.798108552631579 0.6086701127819548 0.8127937030075187 0.6160126879699248 0.8524436090225563 0.5704887218045113 0.8465695488721804 0.4911889097744361 0.7569901315789473 0.4118890977443609 0.6688792293233083 0.3443374060150376 0.3795817669172932 0.33405780075187974 0.35461701127819545 0.6086701127819548 0.2841282894736842 0.595453477443609 0.24594689849624063 0.301750469924812 0.31496710526315785 0.08587875939849632 0.3854558270676691 0.001953125 0.43759144843643194 0.001953125 1.0
5 0.9948895676691729 0.06091400375939848 0.7481790413533834 0.13580827067669177 0.7349624060150376 0.07266212406015038 0.6380404135338346 0.1137805451127819 0.6116071428571428 0.07559915413533835 0.6318236998746867 0.001953125 0.9978265977443608 0.00804746240601506
2 0.43832236842105265 0.10790648496240596 0.21363956766917302 0.16371005639097747 0.2562265037593986 0.010984492481203034 0.4676926691729323 0.002173402255639001 0.4559445488721804 0.062382518796992414 0.43391682330827064 0.08000469924812026
5 0.5440554511278195 0.0814732142857143 0.533934712491456 0.001953125 0.46181860902255634 0.08294172932330823 0.46622415413533835 0.10203242481203001
2 0.6380404135338346 0.6483200187969924 0.6659421992481203 0.6380404135338347 0.6703477443609023 0.6204182330827068 0.6820958646616541 0.596921992481203 0.6659421992481203 0.5866423872180451 0.6218867481203008 0.598390507518797 0.6189497180451128 0.5748942669172932 0.6027960526315789 0.5234962406015038 0.6439144736842105 0.5190906954887218 0.6585996240601504 0.5 0.6395089285714286 0.3927984022556391 0.6189497180451128 0.2929393796992481 0.5352443609022556 0.30615601503759393 0.5822368421052632 0.5469924812030076 0.6013275375939849 0.6336348684210527
2 0.4765037593984962 0.41776315789473684 0.4911889097744361 0.3693021616541353 0.4794407894736842 0.3355263157894737 0.42216870300751874 0.3399318609022556 0.35461701127819545 0.3575540413533834 0.35461701127819545 0.3883928571428571 0.37517622180451127 0.4486019736842105 0.4236372180451128 0.4412593984962405
2 0.5259294181034483 0.42153825431034486 0.5245824353448276 0.39863954741379315 0.5158270474137931 0.3683324353448276 0.5084186422413793 0.3407192887931034 0.4976427801724138 0.3488011853448276 0.5023572198275862 0.3797817887931034 0.511786099137931 0.42962015086206895
2 0.5919315732758621 0.644463900862069 0.5825026939655172 0.6471578663793103 0.5239089439655172 0.3380253232758621 0.5306438577586207 0.3366783405172413
2 0.5331101190476191 0.7907366071428572 0.42336309523809523 0.6716889880952381 0.5145089285714286 0.6716889880952381 0.5284598214285714 0.6633184523809523 0.5340401785714286 0.6837797619047619 0.5293898809523809 0.7479538690476191
0 0.9966517857142857 0.14099702380952372 0.3530505952380951 0.2935267857142858 0.05729166666666674 0.3902529761904763 0.001953125 0.4148478835978836 0.001953125 0.37909226190476186 0.18377976190476186 0.2879464285714286 0.3325892857142856 0.21726190476190466 0.49813988095238093 0.15215773809523814 0.6283482142857142 0.12239583333333326 0.7250744047619047 0.08891369047619047 0.734375 0.1372767857142858 1.0 0.07455977182539686
0 0.6283482142857142 0.11123511904761907 0.5334821428571428 0.13355654761904767 0.5576636904761905 0.08891369047619047 0.5520833333333333 0.0647321428571428 0.5431149022108843 0.001953125 0.6153273809523809 0.001953125 0.5930059523809523 0.05729166666666652
5 0.5186011904761905 0.14099702380952372 0.0033482142857141906 0.3604910714285714 0.0033482142857141906 0.001953125 0.05543154761904767 0.0033482142857141906 0.15029761904761907 0.049851190476190466 0.18005952380952372 0.04613095238095233 0.17819940476190466 0.005208333333333259 0.22470238095238093 0.008928571428571397 0.2433035714285714 0.021949404761904656 0.2098214285714286 0.09821428571428559 0.18936011904761907 0.18005952380952372 0.5390625 0.09821428571428559
