1 0.37575954861111116 0.2688802083333333 0.39420572916666674 0.2732204861111111 0.38986545138888884 0.294921875 0.37575954861111116 0.29166666666666663
1 0.4213324652777777 0.2981770833333333 0.4126519097222221 0.28190104166666663 0.4224175347222221 0.265625 0.4419487847222221 0.2808159722222222
1 0.46256510416666663 0.31119791666666663 0.45388454861111116 0.3036024305555555 0.4669053819444444 0.29166666666666663 0.4853515625 0.3003472222222222 0.4907769097222222 0.30902777777777773 0.4745008680555556 0.32096354166666663
1 0.4907769097222222 0.35026041666666663 0.4658203125 0.3372395833333333 0.47884114583333326 0.3274739583333333 0.49294704861111105 0.3263888888888889 0.5103081597222222 0.33072916666666663
1 0.34212239583333326 0.30143229166666663 0.33669704861111116 0.3231336805555555 0.3095703125 0.30902777777777773 0.31174045138888884 0.2905815972222222
1 0.26725260416666674 0.6453993055555556 0.4278428819444444 0.7864583333333333 0.35080295138888884 0.8244357638888888 0.23253038194444442 0.8385416666666666 0.14029947916666674 0.8700086805555555 0.03938802083333326 0.9329427083333333 0.002495659722222099 0.9947916666666666 0.001953125 0.991807725694445 0.001953125 0.9405381944444444 0.0361328125 0.8504774305555555 0.08604600694444442 0.790798611111111 0.11317274305555558 0.7593315972222222 0.1435546875 0.7680121527777778 0.13161892361111116 0.7300347222222222 0.17176649305555558 0.6812065972222222 0.1630859375 0.7180989583333333 0.1782769097222221 0.75390625 0.22819010416666674 0.7788628472222222 0.26833767361111116 0.7582465277777778 0.28352864583333326 0.732204861111111 0.24555121527777768 0.7018229166666666 0.22927517361111116 0.6822916666666666 0.23795572916666674 0.6508246527777778
1 0.43869357638888884 0.470703125 0.5200737847222222 0.4207899305555555 0.5547960069444444 0.3980034722222222 0.5656467013888888 0.3708767361111111 0.5591362847222222 0.3426649305555555 0.5428602430555556 0.3198784722222222 0.49837239583333326 0.2775607638888889 0.41482204861111116 0.22981770833333334 0.3377821180555556 0.1875 0.3399522569444444 0.2092013888888889 0.4180772569444444 0.24392361111111113 0.44954427083333326 0.26236979166666663 0.4452039930555556 0.27213541666666663 0.46256510416666663 0.2840711805555555 0.4799262152777778 0.2775607638888889 0.5276692708333333 0.3198784722222222 0.5396050347222222 0.3448350694444444 0.5482855902777778 0.37955729166666663 0.5200737847222222 0.40668402777777773 0.4603949652777778 0.43598090277777773 0.4267578125 0.4587673611111111
1 0.4462890625 0.4446614583333333 0.3193359375 0.4403211805555555 0.2911241319444444 0.4273003472222222 0.27810329861111116 0.38932291666666663 0.27267795138888884 0.3513454861111111 0.2802734375 0.32855902777777773 0.2650824652777777 0.3177083333333333 0.27376302083333326 0.3003472222222222 0.2889539930555556 0.2970920138888889 0.3008897569444444 0.30902777777777773 0.3041449652777777 0.3274739583333333 0.2889539930555556 0.3524305555555555 0.29654947916666674 0.3958333333333333 0.3106553819444444 0.421875 0.36599392361111116 0.42838541666666663 0.4213324652777777 0.4294704861111111
1 0.3529730902777777 0.4207899305555555 0.4224175347222221 0.4077690972222222 0.44845920138888884 0.4077690972222222 0.4755859375 0.392578125 0.47341579861111105 0.3708767361111111 0.5211588541666666 0.36328125 0.5352647569444444 0.3665364583333333 0.5363498263888888 0.3784722222222222 0.5146484375 0.38932291666666663 0.4951171875 0.40885416666666663 0.4549696180555556 0.4294704861111111 0.3931206597222221 0.4251302083333333
1 0.3084852430555556 0.17122395833333334 0.3638237847222221 0.2927517361111111 0.35514322916666674 0.29926215277777773 0.30305989583333326 0.20703125 0.30305989583333326 0.22547743055555555 0.2813585069444444 0.19509548611111113 0.2607421875 0.1527777777777778 0.27810329861111116 0.15711805555555558
1 0.22384982638888884 0.08116319444444446 0.2596571180555556 0.06922743055555557 0.24900674412393164 1.3877787807814457e-17 0.21408420138888884 0.0008680555555555677
1 0.2520616319444444 0.3068576388888889 0.2368706597222221 0.3122829861111111 0.2314453125 0.3556857638888889 0.2271050347222221 0.40234375 0.21842447916666674 0.3958333333333333 0.21950954861111116 0.3415798611111111 0.23036024305555558 0.2938368055555555 0.25857204861111116 0.2938368055555555
1 0.4180772569444444 0.44791666666666663 0.4159071180555556 0.46744791666666663 0.39963107638888884 0.4761284722222222 0.4018012152777777 0.5325520833333333 0.4018012152777777 0.5390625 0.37575954861111116 0.5444878472222222 0.33561197916666674 0.5412326388888888 0.30631510416666674 0.536892361111111 0.3106553819444444 0.5499131944444444 0.26291232638888884 0.5499131944444444 0.25857204861111116 0.4837239583333333 0.2596571180555556 0.4370659722222222 0.30305989583333326 0.4446614583333333 0.3334418402777777 0.44140625 0.38444010416666674 0.4446614583333333
1 0.4321831597222221 0.47721354166666663 0.41916232638888884 0.5010850694444444 0.4376085069444444 0.5575086805555556 0.43435329861111116 0.568359375 0.4126519097222221 0.5531684027777778 0.4083116319444444 0.5065104166666666 0.4126519097222221 0.4717881944444444 0.4224175347222221 0.46527777777777773
0 0.2715928819444444 0.0008680555555555677 0.24989149305555558 0.0019531250000000126 0.2661675347222221 0.09852430555555557 0.2889539930555556 0.15711805555555558 0.3193359375 0.17881944444444445 0.3236762152777777 0.20052083333333334 0.3301866319444444 0.19292534722222224 0.34103732638888884 0.1896701388888889 0.37033420138888884 0.20486111111111113 0.4419487847222221 0.2384982638888889 0.5016276041666666 0.2732204861111111 0.5482855902777778 0.3198784722222222 0.5645616319444444 0.3470052083333333 0.5699869791666666 0.3665364583333333 0.5493706597222222 0.40885416666666663 0.5146484375 0.42621527777777773 0.44845920138888884 0.46744791666666663 0.4321831597222221 0.4934895833333333 0.43435329861111116 0.5325520833333333 0.44954427083333326 0.5509982638888888 0.47884114583333326 0.5716145833333333 0.5504557291666666 0.587890625 0.6611328125 0.5824652777777778 0.7349175347222222 0.5824652777777778 0.7891710069444444 0.5889756944444444 0.824978298611111 0.5944010416666666 0.8564453125 0.6128472222222222 0.8748914930555555 0.6399739583333333 0.8694661458333333 0.673611111111111 0.8553602430555555 0.693142361111111 0.785915798611111 0.6974826388888888 0.6719835069444444 0.6888020833333333 0.5819227430555556 0.6920572916666666 0.5211588541666666 0.7137586805555556 0.4799262152777778 0.7387152777777778 0.43001302083333326 0.7842881944444444 0.3931206597222221 0.8081597222222222 0.33127170138888884 0.829861111111111 0.2075737847222221 0.8472222222222222 0.11208767361111116 0.8851996527777778 0.03396267361111116 0.9427083333333333 0.01334635416666674 0.9850260416666666 0.006335136217948678 0.998046875 0.04698350694444442 0.9969618055555555 0.05240885416666674 0.9741753472222222 0.07411024305555558 0.9503038194444444 0.0849609375 0.9361979166666666 0.12185329861111116 0.919921875 0.1533203125 0.8993055555555555 0.22276475694444442 0.8776041666666666 0.32150607638888884 0.8483072916666666 0.38118489583333326 0.8407118055555555 0.4310980902777777 0.822265625 0.4647352430555556 0.7875434027777778 0.5189887152777778 0.741970486111111 0.5645616319444444 0.7191840277777778 0.6036241319444444 0.7083333333333333 0.678493923611111 0.7083333333333333 0.7739800347222222 0.7170138888888888 0.8564453125 0.7202690972222222 0.9074435763888888 0.6877170138888888 0.9106987847222222 0.6421440972222222 0.9074435763888888 0.6117621527777778 0.893337673611111 0.5998263888888888 0.8629557291666666 0.5824652777777778 0.8130425347222222 0.5672743055555556 0.7349175347222222 0.5575086805555556 0.6112196180555556 0.5618489583333333 0.5374348958333333 0.5640190972222222 0.48318142361111105 0.5444878472222222 0.4549696180555556 0.5141059027777778 0.46365017361111105 0.4880642361111111 0.48860677083333326 0.4641927083333333 0.551540798611111 0.4294704861111111 0.5764973958333333 0.40668402777777773 0.5873480902777778 0.3838975694444444 0.590603298611111 0.3611111111111111 0.5819227430555556 0.333984375 0.5645616319444444 0.3068576388888889 0.5374348958333333 0.2786458333333333 0.4842664930555556 0.236328125 0.38118489583333326 0.1875 0.31608072916666674 0.14626736111111113 0.2889539930555556 0.10503472222222224 0.27701822916666674 0.05186631944444446 0.27376302083333326 0.019314236111111122
3 0.4213324652777777 0.3350694444444444 0.42892795138888884 0.3654513888888889 0.3681640625 0.37521701388888884 0.36165364583333326 0.3394097222222222 0.4083116319444444 0.3318142361111111
3 0.34212239583333326 0.3665364583333333 0.3486328125 0.3806423611111111 0.30740017361111116 0.3882378472222222 0.2987196180555556 0.3687065972222222 0.2954644097222221 0.3470052083333333 0.3182508680555556 0.3459201388888889 0.3377821180555556 0.3426649305555555
0 0.27267795138888884 0.39691840277777773 0.22384982638888884 0.4207899305555555 0.22601996527777768 0.4273003472222222 0.24338107638888884 0.42838541666666663 0.25423177083333326 0.4197048611111111 0.26833767361111116 0.41427951388888884
0 0.41048177083333326 0.294921875 0.36490885416666674 0.29926215277777773 0.36056857638888884 0.31879340277777773 0.33669704861111116 0.3253038194444444 0.33669704861111116 0.34375 0.35080295138888884 0.37738715277777773 0.3638237847222221 0.3784722222222222 0.35622829861111116 0.3567708333333333 0.3540581597222221 0.34375 0.3583984375 0.3350694444444444 0.3725043402777777 0.3296440972222222 0.37141927083333326 0.3220486111111111 0.38118489583333326 0.3198784722222222 0.39529079861111116 0.31879340277777773 0.3985460069444444 0.3263888888888889 0.4061414930555556 0.3263888888888889 0.4115668402777777 0.3220486111111111 0.41048177083333326 0.3177083333333333 0.42350260416666674 0.3166232638888889 0.4267578125 0.32855902777777773 0.4473741319444444 0.3372395833333333 0.4571397569444444 0.3198784722222222 0.43435329861111116 0.3079427083333333
