3 0.7481150072674418 0.21498001453488372 0.8219249636627907 0.49205123546511625 0.7549282340116279 0.7691224563953488 0.7401662427325582 0.7668513808139535 0.5880041787790697 0.8190861191860466 0.40631813226744196 0.7770712209302325 0.4051825944767441 0.7452761627906976 0.3529478561046512 0.7486827761627907 0.34727016715116277 0.7486827761627907 0.276866824127907 0.3784974563953488 0.3177461845930233 0.1627452761627907 0.34727016715116277 0.1627452761627907 0.37338753633720934 0.13322129360465115 0.42562227470930225 0.16501635174418605 0.4460619549418605 0.16501635174418605 0.4540107194767442 0.22065770348837208 0.5255496002906976 0.2240643168604651 0.5755132630813954 0.2058957122093023 0.5970884811046512 0.21043786337209303 0.6118504723837209 0.16728742732558138 0.6311546148255814 0.17182957848837208 0.6107149345930233 0.21270893895348836 0.6391033793604651 0.2195221656976744 0.6822538154069767 0.20021802325581395 0.7151844113372093 0.21498001453488372
0 0.0020666787790698526 0.6339934593023255 0.08723201308139539 0.9905523255813954 0.08937331291528239 0.998046875 0.001953125 0.996295969948764
0 0.17921057412790697 0.9224200581395349 0.13492460029069775 0.9621638808139535 0.1436235079721635 0.998046875 0.22690316133720934 0.998046875
0 0.32455941133720934 0.649890988372093 0.19397256540697672 0.8804051598837209 0.26210483284883723 0.9973655523255814 0.2736873183139543 0.998046875 0.29844204215116277 0.9791969476744186 0.3268304869186046 0.9269622093023255 0.413131359011628 0.9224200581395349 0.40631813226744196 0.8928960755813954 0.40631813226744196 0.8667787063953488 0.40972474563953487 0.8531522529069767 0.5017033066860466 0.8463390261627907 0.5085165334302326 0.8520167151162791 0.5130586845930233 0.9201489825581396 0.41767351017441856 0.9212845203488372 0.41767351017441856 0.932639898255814 0.48807685319767447 0.9871457122093024 0.5073809956395349 0.9723837209302325 0.5403115915697675 0.9564861918604651 0.5448537427325582 0.9712481831395349 0.5834620276162791 0.9235555959302325 0.6470521438953488 0.9178779069767442 0.6550009084302326 0.8020530523255814 0.6300190770348837 0.8054596656976745 0.6277480014534884 0.8315770348837209 0.5187363735465116 0.8338481104651163 0.5130586845930233 0.8088662790697675 0.4051825944767441 0.7816133720930233 0.3972338299418604 0.7793422965116279 0.3972338299418604 0.7543604651162791 0.3484057049418604 0.7543604651162791 0.34159247819767435 0.7566315406976745
1 0.7537926962209303 0.003769985465116271 0.7571993095930233 0.21725109011627905 0.8026208212209303 0.4114280523255814 0.8003497456395349 0.003769985465116271
1 0.8048918968023256 0.5624545784883721 0.8264671148255814 0.8395257994186046 0.918445675872093 0.995094476744186 0.7833166787790697 0.9939589389534884 0.7662836119186047 0.7577670784883721 0.7662836119186047 0.7350563226744186
1 0.22122547238372092 0.4852380087209302 0.17580396075581406 0.5329305959302325 0.1553642805232559 0.5794876453488372 0.12016260901162801 0.5374727470930233 0.09404523982558144 0.5238462936046512 0.05316587936046513 0.5567768895348837 0.03499727470930225 0.6192314680232558 0.025912972383720922 0.6680595930232558 0.031590661337209336 0.7361918604651163 0.0656567950581396 0.7691224563953488 0.10312954215116277 0.7623092296511628 0.1122138444767441 0.750953851744186 0.13833121366279066 0.7498183139534884 0.1496865915697675 0.7327852470930233 0.17353288517441856 0.7055323401162791 0.20532794331395354 0.7089389534883721 0.2473428415697675 0.6953125 0.2609692950581396 0.6419422238372093 0.2723246729651162 0.5840297965116279 0.27913789970930225 0.5545058139534884 0.276866824127907 0.5272529069767442 0.2643759084302325 0.4863735465116279
1 0.024777434593023284 0.23655523255813954 0.001953125 0.23199037063953484 0.001953125 0.13889898255813954 0.01115098110465118 0.14344113372093023 0.031590661337209336 0.17750726744186046
1 0.04294603924418616 0.28424781976744184 0.001953125 0.27424954800056717 0.001953125 0.30241642441860467 0.0440815770348838 0.32285610465116277 0.05316587936046513 0.32399164244186046 0.056572492732558044 0.29333212209302323
1 0.0054732921511627675 0.36032885174418605 0.057708030523255904 0.36941315406976744 0.07360555959302328 0.38190406976744184 0.06906340843023251 0.40234375 0.017964207848837233 0.3978015988372093 0.001953125 0.38560267857142844 0.001953125 0.36032885174418605
1 0.01228651889534882 0.4613917151162791 0.07247002180232565 0.4523074127906977 0.09518077761627908 0.4647983284883721 0.09518077761627908 0.48069585755813954 0.0770121729651162 0.4909156976744186 0.031590661337209336 0.4784247819767442
1 0.1394667514534883 0.7748001453488372 0.08609647529069775 0.8440679505813954 0.10994276889534882 0.8440679505813954 0.15422874273255804 0.8077307412790697 0.16217750726744196 0.7748001453488372
1 0.5959529433139535 0.11505268895348836 0.6050372456395349 0.061682412790697666 0.618663699127907 0.0378361191860465 0.6368323037790697 0.03215843023255813 0.6652207485465117 0.051462572674418595 0.6765761264534884 0.08212209302325581 0.6686273619186046 0.11505268895348836 0.6504587572674418 0.14571220930232556 0.6300190770348837 0.15025436046511628 0.6027661700581396 0.1309502180232558
0 0.5709711119186046 0.003769985465116271 0.47672147529069764 0.0866642441860465 0.4506041061046512 0.12073037790697673 0.43357103924418616 0.15933866279069767 0.41426689680232565 0.14798328488372092 0.4188090479651162 0.13435683139534882 0.43357103924418616 0.11505268895348836 0.4483330305232558 0.08552870639534883 0.4562817950581396 0.06281795058139535 0.4426553415697675 0.01853197674418604 0.43584211482558144 0.002634447674418597 0.45287518168604657 0.0014989098837209225 0.4653660973837209 0.045784883720930224 0.47104378633720934 0.05373364825581394 0.4948900799418605 0.04010719476744185 0.5051099200581396 0.024209665697674413 0.5304200251057083 -3.469446951953614e-18 0.5573446584302326 0.003769985465116271
2 0.8094340479651163 0.0003633720930232482 0.8701171874999988 5.421010862427522e-20 0.9933911700581395 0.0014989098837209225 0.9979333212209303 0.9973655523255814 0.9229878270348837 0.9973655523255814 0.8310092659883721 0.838390261627907 0.8082985101744187 0.5567768895348837 0.8253315770348837 0.4909156976744186 0.8060274345930233 0.41824127906976744
2 0.7503860828488372 0.0003633720930232482 0.7526571584302326 0.2115734011627907 0.716319949127907 0.2115734011627907 0.6799827398255814 0.19681140988372092 0.6311546148255814 0.21725109011627905 0.6163926235465117 0.20930232558139533 0.6356967659883721 0.16160973837209303 0.6447810683139535 0.15593204941860464 0.6708984375 0.12527252906976744 0.6799827398255814 0.08325763081395347 0.6697628997093024 0.045784883720930224 0.6391033793604651 0.026480741279069762 0.6197992369186046 0.03442950581395348 0.6016306322674418 0.056004723837209294 0.5914107921511628 0.12413699127906977 0.5970884811046512 0.15025436046511628 0.6050372456395349 0.16160973837209303 0.5925463299418605 0.2058957122093023 0.5721066497093024 0.19908248546511628 0.5323628270348837 0.21611555232558138 0.5028388444767442 0.21611555232558138 0.47445039970930236 0.21838662790697674 0.472179324127907 0.21838662790697674 0.4562817950581396 0.19226925872093023 0.45287518168604657 0.17296511627906977 0.4460619549418605 0.15138989825581395 0.4381131904069767 0.15252543604651161 0.44946856831395354 0.1309502180232558 0.4596884084302326 0.10937499999999999 0.472179324127907 0.0912063953488372 0.585905817093741 0.0
2 0.2294921874999999 0.0 0.003406613372092915 0.0 0.003406613372092915 0.1264080668604651 0.038721838662790664 0.1763717296511628 0.030773074127906974 0.23996184593023262 0.003406613372092915 0.2365552325581396 0.022824309593023062 0.2445039970930233 0.028501998546511476 0.27970566860465135 0.06370367005813937 0.2899255087209303 0.05802598110465096 0.3319404069767444 0.037586300872093026 0.3387536337209303 0.04439952761627908 0.3660065406976745 0.07733012354651148 0.37509084302325596 0.07278797238372092 0.4148346656976745 0.054619367732558044 0.4216478924418606 0.06256813226744173 0.45117187500000017 0.10004087936046491 0.45684956395348847 0.1023119549418604 0.4897801598837212 0.06824582122093015 0.5000000000000002 0.08414335029069753 0.5329305959302328 0.10798964389534882 0.5170330668604655 0.15795330668604646 0.5726744186046515 0.1783929869186046 0.5181686046511631 0.21586573401162779 0.48069585755813954 0.2689180595930233 0.4784247819767442 0.283680050872093 0.5590479651162791 0.27346021075581406 0.6487554505813954 0.25415606831395354 0.6941769622093024 0.17807503633720934 0.7134811046511628 0.14060228924418616 0.7589026162790697 0.16785519622093015 0.7713935319767442 0.1610419694767441 0.8111373546511628 0.15195766715116277 0.8202216569767442 0.18148164970930225 0.8633720930232558 0.18943041424418616 0.8747274709302325 0.3234238735465117 0.639671148255814 0.2995775799418604 0.48864462209302323 0.27346021075581406 0.3796329941860465 0.28140897529069775 0.33307594476744184 0.29730650436046513 0.2683502906976744 0.30443768168604646 0.23541969476744182 0.3169285973837209 0.1570675872093023 0.35099473110465096 0.15593204941860464 0.38051871366279066 0.12300145348837208 0.41004269622093015 0.13776344476744184 0.4543286700581395 0.061682412790697666 0.43161791424418594 0.0
3 0.01228651889534882 0.24563953488372092 0.017964207848837233 0.2785701308139535 0.001953125 0.27369719255561176 0.001953125 0.24563953488372092 0.001953125 0.24904614825581395
3 0.03499727470930225 0.3296693313953488 0.001953125 0.3096425739957717 0.01115098110465118 0.353515625 0.03840388808139539 0.3614643895348837
3 0.05316587936046513 0.4068859011627907 0.015693132267441956 0.4034792877906977 0.0281840479651162 0.451171875 0.057708030523255904 0.45344295058139533
3 0.03613281250000011 0.48864462209302323 0.05316587936046513 0.548828125 0.0770121729651162 0.5329305959302325 0.0633857194767441 0.49432231104651164
3 0.12697583575581406 0.7589026162790697 0.12470476017441856 0.7816133720930233 0.10880723110465118 0.799781976744186 0.10540061773255804 0.7702579941860466
3 0.147415515988372 0.8270348837209303 0.2599234049877601 0.998046875 0.22803869912790697 0.998046875 0.13038244912790697 0.8327125726744186
3 0.7696902252906976 0.9542151162790697 0.7117777979651163 0.9542151162790697 0.7117777979651163 0.998046875 0.7799100654069767 0.9973655523255814 0.7799100654069767 0.991687863372093
2 0.7606059229651163 0.7668513808139535 0.7310819404069767 0.7804778343023255 0.6595430595930233 0.799781976744186 0.6538653706395349 0.9246911337209303 0.5891397165697675 0.9303688226744186 0.5448537427325582 0.981468023255814 0.531227289244186 0.9928234011627907 0.5140644466362128 0.998046875 0.43129996366279066 0.9678415697674418 0.4074536700581396 0.936046511627907 0.33023710029069775 0.9337754360465116 0.28481558866279066 0.9973655523255814 0.7026934956395349 0.9973655523255814 0.7049645712209303 0.9519440406976745 0.7742323764534884 0.942859738372093
2 0.1258402979651162 0.8372547238372093 0.17239734738372092 0.9201489825581396 0.1281113735465117 0.9530795784883721 0.14060228924418616 0.995094476744186 0.09518077761627908 0.9962300145348837 0.031590661337209336 0.7452761627906976 0.05997910610465118 0.7702579941860466 0.10199400436046513 0.7702579941860466 0.10199400436046513 0.799781976744186 0.10540061773255804 0.8077307412790697 0.0792832485465117 0.8429324127906976 0.0792832485465117 0.8531522529069767 0.1122138444767441 0.848610101744186
2 0.001953125 0.6226380813953488 0.0281840479651162 0.7259720203488372 0.02023528343023251 0.6726017441860465 0.047488190406976716 0.552234738372093 0.032726199127906974 0.48864462209302323 0.01115098110465118 0.46934047965116277 0.006608829941860406 0.4557140261627907 0.017964207848837233 0.44890079941860467 0.01115098110465118 0.40234375 0.001953125 0.4002997819767442 0.001953125 0.5931140988372093 0.001953125 0.5579124273255814
