3 0.7481150072674418 0.7850199854651163 0.8219249636627907 0.5079487645348837 0.7549282340116279 0.23087754360465118 0.7401662427325582 0.23314861918604646 0.5880041787790697 0.18091388081395343 0.40631813226744196 0.2229287790697675 0.4051825944767441 0.25472383720930236 0.3529478561046512 0.25131722383720934 0.34727016715116277 0.25131722383720934 0.276866824127907 0.6215025436046512 0.3177461845930233 0.8372547238372093 0.34727016715116277 0.8372547238372093 0.37338753633720934 0.8667787063953488 0.42562227470930225 0.834983648255814 0.4460619549418605 0.834983648255814 0.4540107194767442 0.7793422965116279 0.5255496002906976 0.7759356831395349 0.5755132630813954 0.7941042877906976 0.5970884811046512 0.789562136627907 0.6118504723837209 0.8327125726744187 0.6311546148255814 0.8281704215116279 0.6107149345930233 0.7872910610465116 0.6391033793604651 0.7804778343023255 0.6822538154069767 0.799781976744186 0.7151844113372093 0.7850199854651163
0 0.0020666787790698526 0.36600654069767447 0.08723201308139539 0.009447674418604612 0.08937331291528239 0.001953125 0.001953125 0.0037040300512359847
0 0.17921057412790697 0.07757994186046513 0.13492460029069775 0.03783611918604646 0.1436235079721635 0.001953125 0.22690316133720934 0.001953125
0 0.32455941133720934 0.350109011627907 0.19397256540697672 0.11959484011627908 0.26210483284883723 0.0026344476744185608 0.2736873183139543 0.001953125 0.29844204215116277 0.02080305232558144 0.3268304869186046 0.07303779069767447 0.413131359011628 0.07757994186046513 0.40631813226744196 0.10710392441860461 0.40631813226744196 0.13322129360465118 0.40972474563953487 0.14684774709302328 0.5017033066860466 0.15366097383720934 0.5085165334302326 0.14798328488372092 0.5130586845930233 0.0798510174418604 0.41767351017441856 0.07871547965116277 0.41767351017441856 0.06736010174418605 0.48807685319767447 0.012854287790697638 0.5073809956395349 0.02761627906976749 0.5403115915697675 0.04351380813953487 0.5448537427325582 0.02875181686046513 0.5834620276162791 0.07644440406976749 0.6470521438953488 0.0821220930232558 0.6550009084302326 0.19794694767441856 0.6300190770348837 0.19454033430232553 0.6277480014534884 0.16842296511627908 0.5187363735465116 0.1661518895348837 0.5130586845930233 0.1911337209302325 0.4051825944767441 0.21838662790697672 0.3972338299418604 0.2206577034883721 0.3972338299418604 0.24563953488372092 0.3484057049418604 0.24563953488372092 0.34159247819767435 0.24336845930232553
1 0.7537926962209303 0.9962300145348837 0.7571993095930233 0.7827489098837209 0.8026208212209303 0.5885719476744187 0.8003497456395349 0.9962300145348837
1 0.8048918968023256 0.4375454215116279 0.8264671148255814 0.1604742005813954 0.918445675872093 0.004905523255813948 0.7833166787790697 0.006041061046511587 0.7662836119186047 0.2422329215116279 0.7662836119186047 0.26494367732558144
1 0.22122547238372092 0.5147619912790697 0.17580396075581406 0.4670694040697675 0.1553642805232559 0.42051235465116277 0.12016260901162801 0.4625272529069767 0.09404523982558144 0.4761537063953488 0.05316587936046513 0.4432231104651163 0.03499727470930225 0.3807685319767442 0.025912972383720922 0.3319404069767442 0.031590661337209336 0.2638081395348837 0.0656567950581396 0.23087754360465118 0.10312954215116277 0.23769077034883723 0.1122138444767441 0.24904614825581395 0.13833121366279066 0.2501816860465116 0.1496865915697675 0.2672147529069767 0.17353288517441856 0.2944676598837209 0.20532794331395354 0.2910610465116279 0.2473428415697675 0.3046875 0.2609692950581396 0.35805777616279066 0.2723246729651162 0.4159702034883721 0.27913789970930225 0.4454941860465116 0.276866824127907 0.4727470930232558 0.2643759084302325 0.5136264534883721
1 0.024777434593023284 0.7634447674418605 0.001953125 0.7680096293604651 0.001953125 0.8611010174418605 0.01115098110465118 0.8565588662790697 0.031590661337209336 0.8224927325581395
1 0.04294603924418616 0.7157521802325582 0.001953125 0.7257504519994329 0.001953125 0.6975835755813953 0.0440815770348838 0.6771438953488372 0.05316587936046513 0.6760083575581395 0.056572492732558044 0.7066678779069768
1 0.0054732921511627675 0.639671148255814 0.057708030523255904 0.6305868459302326 0.07360555959302328 0.6180959302325582 0.06906340843023251 0.59765625 0.017964207848837233 0.6021984011627908 0.001953125 0.6143973214285716 0.001953125 0.639671148255814
1 0.01228651889534882 0.5386082848837209 0.07247002180232565 0.5476925872093024 0.09518077761627908 0.5352016715116279 0.09518077761627908 0.5193041424418605 0.0770121729651162 0.5090843023255813 0.031590661337209336 0.5215752180232558
1 0.1394667514534883 0.22519985465116277 0.08609647529069775 0.1559320494186046 0.10994276889534882 0.1559320494186046 0.15422874273255804 0.19226925872093026 0.16217750726744196 0.22519985465116277
1 0.5959529433139535 0.8849473110465116 0.6050372456395349 0.9383175872093024 0.618663699127907 0.9621638808139535 0.6368323037790697 0.9678415697674418 0.6652207485465117 0.9485374273255814 0.6765761264534884 0.9178779069767442 0.6686273619186046 0.8849473110465116 0.6504587572674418 0.8542877906976745 0.6300190770348837 0.8497456395348837 0.6027661700581396 0.8690497819767442
0 0.5709711119186046 0.9962300145348837 0.47672147529069764 0.9133357558139535 0.4506041061046512 0.8792696220930233 0.43357103924418616 0.8406613372093024 0.41426689680232565 0.8520167151162791 0.4188090479651162 0.8656431686046512 0.43357103924418616 0.8849473110465116 0.4483330305232558 0.9144712936046512 0.4562817950581396 0.9371820494186046 0.4426553415697675 0.981468023255814 0.43584211482558144 0.9973655523255814 0.45287518168604657 0.9985010901162791 0.4653660973837209 0.9542151162790697 0.47104378633720934 0.946266351744186 0.4948900799418605 0.9598928052325582 0.5051099200581396 0.9757903343023255 0.5304200251057083 1.0 0.5573446584302326 0.9962300145348837
2 0.8094340479651163 0.9996366279069767 0.8701171874999988 1.0 0.9933911700581395 0.9985010901162791 0.9979333212209303 0.0026344476744185608 0.9229878270348837 0.0026344476744185608 0.8310092659883721 0.16160973837209303 0.8082985101744187 0.4432231104651163 0.8253315770348837 0.5090843023255813 0.8060274345930233 0.5817587209302326
2 0.7503860828488372 0.9996366279069767 0.7526571584302326 0.7884265988372093 0.716319949127907 0.7884265988372093 0.6799827398255814 0.8031885901162791 0.6311546148255814 0.7827489098837209 0.6163926235465117 0.7906976744186047 0.6356967659883721 0.838390261627907 0.6447810683139535 0.8440679505813954 0.6708984375 0.8747274709302326 0.6799827398255814 0.9167423691860466 0.6697628997093024 0.9542151162790697 0.6391033793604651 0.9735192587209303 0.6197992369186046 0.9655704941860466 0.6016306322674418 0.9439952761627907 0.5914107921511628 0.8758630087209303 0.5970884811046512 0.8497456395348837 0.6050372456395349 0.838390261627907 0.5925463299418605 0.7941042877906976 0.5721066497093024 0.8009175145348837 0.5323628270348837 0.7838844476744187 0.5028388444767442 0.7838844476744187 0.47445039970930236 0.7816133720930233 0.472179324127907 0.7816133720930233 0.4562817950581396 0.8077307412790697 0.45287518168604657 0.8270348837209303 0.4460619549418605 0.848610101744186 0.4381131904069767 0.8474745639534884 0.44946856831395354 0.8690497819767442 0.4596884084302326 0.890625 0.472179324127907 0.9087936046511628 0.585905817093741 1.0
2 0.2294921874999999 1.0 0.003406613372092915 1.0 0.003406613372092915 0.8735919331395349 0.038721838662790664 0.8236282703488372 0.030773074127906974 0.7600381540697674 0.003406613372092915 0.7634447674418604 0.022824309593023062 0.7554960029069767 0.028501998546511476 0.7202943313953487 0.06370367005813937 0.7100744912790697 0.05802598110465096 0.6680595930232556 0.037586300872093026 0.6612463662790697 0.04439952761627908 0.6339934593023255 0.07733012354651148 0.624909156976744 0.07278797238372092 0.5851653343023255 0.054619367732558044 0.5783521075581395 0.06256813226744173 0.5488281249999998 0.10004087936046491 0.5431504360465116 0.1023119549418604 0.5102198401162787 0.06824582122093015 0.4999999999999998 0.08414335029069753 0.46706940406976716 0.10798964389534882 0.48296693313953454 0.15795330668604646 0.4273255813953485 0.1783929869186046 0.4818313953488369 0.21586573401162779 0.5193041424418605 0.2689180595930233 0.5215752180232558 0.283680050872093 0.4409520348837209 0.27346021075581406 0.3512445494186046 0.25415606831395354 0.30582303779069764 0.17807503633720934 0.28651889534883723 0.14060228924418616 0.24109738372093026 0.16785519622093015 0.2286064680232558 0.1610419694767441 0.18886264534883723 0.15195766715116277 0.1797783430232558 0.18148164970930225 0.1366279069767442 0.18943041424418616 0.1252725290697675 0.3234238735465117 0.36032885174418605 0.2995775799418604 0.5113553779069768 0.27346021075581406 0.6203670058139534 0.28140897529069775 0.6669240552325582 0.29730650436046513 0.7316497093023255 0.30443768168604646 0.7645803052325582 0.3169285973837209 0.8429324127906976 0.35099473110465096 0.8440679505813954 0.38051871366279066 0.8769985465116279 0.41004269622093015 0.8622365552325582 0.4543286700581395 0.9383175872093024 0.43161791424418594 1.0
3 0.01228651889534882 0.7543604651162791 0.017964207848837233 0.7214298691860466 0.001953125 0.7263028074443882 0.001953125 0.7543604651162791 0.001953125 0.750953851744186
3 0.03499727470930225 0.6703306686046512 0.001953125 0.6903574260042282 0.01115098110465118 0.646484375 0.03840388808139539 0.6385356104651163
3 0.05316587936046513 0.5931140988372092 0.015693132267441956 0.5965207122093024 0.0281840479651162 0.548828125 0.057708030523255904 0.5465570494186047
3 0.03613281250000011 0.5113553779069768 0.05316587936046513 0.451171875 0.0770121729651162 0.4670694040697675 0.0633857194767441 0.5056776889534884
3 0.12697583575581406 0.24109738372093026 0.12470476017441856 0.21838662790697672 0.10880723110465118 0.20021802325581395 0.10540061773255804 0.22974200581395343
3 0.147415515988372 0.17296511627906974 0.2599234049877601 0.001953125 0.22803869912790697 0.001953125 0.13038244912790697 0.16728742732558144
3 0.7696902252906976 0.04578488372093026 0.7117777979651163 0.04578488372093026 0.7117777979651163 0.001953125 0.7799100654069767 0.0026344476744185608 0.7799100654069767 0.008312136627906974
2 0.7606059229651163 0.23314861918604646 0.7310819404069767 0.21952216569767447 0.6595430595930233 0.20021802325581395 0.6538653706395349 0.07530886627906974 0.5891397165697675 0.06963117732558144 0.5448537427325582 0.01853197674418605 0.531227289244186 0.007176598837209336 0.5140644466362128 0.001953125 0.43129996366279066 0.032158430232558155 0.4074536700581396 0.06395348837209303 0.33023710029069775 0.06622456395348841 0.28481558866279066 0.0026344476744185608 0.7026934956395349 0.0026344476744185608 0.7049645712209303 0.048055959302325535 0.7742323764534884 0.057140261627906974
2 0.1258402979651162 0.16274527616279066 0.17239734738372092 0.0798510174418604 0.1281113735465117 0.0469204215116279 0.14060228924418616 0.004905523255813948 0.09518077761627908 0.00376998546511631 0.031590661337209336 0.25472383720930236 0.05997910610465118 0.22974200581395343 0.10199400436046513 0.22974200581395343 0.10199400436046513 0.20021802325581395 0.10540061773255804 0.19226925872093026 0.0792832485465117 0.15706758720930236 0.0792832485465117 0.14684774709302328 0.1122138444767441 0.15138989825581395
2 0.001953125 0.3773619186046512 0.0281840479651162 0.27402797965116277 0.02023528343023251 0.32739825581395354 0.047488190406976716 0.447765261627907 0.032726199127906974 0.5113553779069768 0.01115098110465118 0.5306595203488372 0.006608829941860406 0.5442859738372092 0.017964207848837233 0.5510992005813953 0.01115098110465118 0.59765625 0.001953125 0.5997002180232558 0.001953125 0.40688590116279066 0.001953125 0.44208757267441856
