4 0.7099976503759399 0.002173402255639125 0.701186560150376 0.18133223684210528 0.6718162593984962 0.39426691729323304 0.6776903195488722 0.5866423872180452 0.7217457706766917 0.7320253759398496 0.7804863721804511 0.8656602443609023 0.8715343045112782 0.9376174812030076 0.9317434210526315 0.8715343045112782 0.9655192669172932 0.7790178571428572 0.9434915413533834 0.6541940789473685 0.9478970864661653 0.49412593984962405 0.9537711466165413 0.4486019736842105 0.993421052631579 0.4397908834586466 1.0 0.4358435150375939 0.9992963456328098 0.0
4 0.5675516917293233 0.5132166353383459 0.5646146616541353 0.5396499060150376 0.5396499060150376 0.5499295112781956 0.5 0.5528665413533835 0.5088110902255639 0.5220277255639099 0.5234962406015038 0.5146851503759399
5 0.7026550751879699 0.002173402255639125 0.42216870300751874 0.0007048872180451396 0.41923167293233077 0.24594689849624063 0.45741306390977443 0.2180451127819549 0.5205592105263158 0.22391917293233085 0.505874060150376 0.2518209586466165 0.48237781954887216 0.2811912593984962 0.49265742481203 0.29881343984962405 0.5734257518796992 0.3311207706766917 0.5866423872180451 0.32818374060150374 0.6248237781954887 0.29734492481203006 0.6483200187969924 0.22391917293233085 0.6600681390977443 0.18426926691729326 0.6585996240601504 0.15489896616541357 0.6688792293233082 0.11524906015037596 0.6747532894736842 0.10643796992481204 0.6865014097744361 0.08734727443609024 0.6967810150375939 0.047697368421052655
1 0.690906954887218 0.10790648496240603 0.6953125 0.13580827067669177 0.693843984962406 0.16811560150375943 0.690906954887218 0.1974859022556391 0.68796992481203 0.23566729323308272 0.6820958646616541 0.2958764097744361 0.6776903195488722 0.3208411654135338 0.6556625939849624 0.33699483082706766 0.6248237781954887 0.37517622180451127 0.6027960526315789 0.36783364661654133 0.5572720864661654 0.34727443609022557 0.5088110902255639 0.34874295112781956 0.4720982142857143 0.3340578007518797 0.4471334586466166 0.2958764097744361 0.43097979323308266 0.2547579887218045 0.45007048872180455 0.24154135338345867 0.5088110902255639 0.2312617481203008 0.48678336466165417 0.26063204887218044 0.47797227443609025 0.2958764097744361 0.5044055451127819 0.31790413533834583 0.5558035714285714 0.3325892857142857 0.6204182330827067 0.3296522556390977 0.6468515037593985 0.26944313909774437 0.6674107142857143 0.16371005639097747 0.6776903195488722 0.1211231203007519
0 0.3810502819548872 0.0036419172932331094 0.3883928571428571 0.5778312969924813 0.4324483082706767 0.6409774436090225 0.4515390037593985 0.6351033834586467 0.4471334586466166 0.602796052631579 0.4368538533834586 0.5792998120300752 0.4118890977443609 0.5190906954887219 0.407483552631579 0.46475563909774437 0.41482612781954886 0.4412593984962406 0.4368538533834586 0.4383223684210526 0.4353853383458647 0.41629464285714285 0.42951127819548873 0.40601503759398494 0.41482612781954886 0.4089520676691729 0.41482612781954886 0.25769501879699247 0.41482612781954886 0.0036419172932331094
5 0.4632871240601504 0.6512570488721805 0.5073425751879699 0.7144031954887218 0.5528665413533834 0.7599271616541353 0.49412593984962405 0.7349624060150376 0.41776315789473684 0.6776903195488722 0.3883928571428571 0.6292293233082707 0.38986137218045114 0.599859022556391 0.42657424812030076 0.6409774436090225
2 0.5792998120300752 0.3707706766917293 0.6145441729323308 0.3810502819548872 0.6512570488721804 0.36636513157894735 0.6630051691729323 0.36636513157894735 0.6718162593984962 0.5660831766917294 0.6571311090225563 0.605733082706767 0.595453477443609 0.5939849624060151 0.5851738721804511 0.6086701127819549 0.5939849624060151 0.5528665413533835 0.5881109022556391 0.43097979323308266
1 0.5778312969924811 0.5734257518796992 0.45447603383458646 0.5719572368421053 0.47797227443609025 0.605733082706767 0.5763627819548872 0.6086701127819549
2 0.6791588345864661 0.6145441729323309 0.4911889097744361 0.6218867481203008 0.4720982142857143 0.6395089285714286 0.5220277255639098 0.7173402255639098 0.5690202067669172 0.7628641917293233 0.5367128759398496 0.7716752819548872 0.44272791353383456 0.705592105263158 0.5073425751879699 0.7848919172932332 0.5044055451127819 0.9185267857142857 0.5484609962406015 0.9258693609022557 0.5866423872180451 0.8627232142857143 0.6424459586466165 0.8788768796992481 0.6703477443609023 0.9273378759398496 0.6776903195488722 0.9567081766917294 0.692375469924812 0.9772673872180451 0.692375469924812 0.998046875 1.0 0.9949989821904993 1.0 0.9949989821904598 0.9992951127819548 0.45741306390977443 0.9640507518796992 0.4618186090225564 0.9493656015037594 0.504405545112782 0.9508341165413534 0.6189497180451128 0.9640507518796992 0.6938439849624061 0.9684562969924811 0.7995770676691729 0.9434915413533834 0.8685972744360902 0.889156484962406 0.9376174812030076 0.7951715225563909 0.900904605263158 0.7423049812030075 0.8127937030075189 0.6953125 0.698249530075188
2 0.11231203007518797 0.110843515037594 0.20189144736842113 0.17398966165413537 0.24300986842105254 0.23566729323308272 0.27825422932330823 0.210702537593985 0.29147086466165417 0.26944313909774437 0.3414003759398496 0.31056156015037595 0.36342810150375937 0.33846334586466165 0.37517622180451127 0.42951127819548873 0.37517622180451127 0.48090930451127817 0.3369948308270677 0.4353853383458646 0.3120300751879699 0.4471334586466165 0.3002819548872181 0.5264332706766918 0.2606320488721804 0.5323073308270677 0.2371358082706766 0.5279017857142857 0.22979323308270672 0.501468515037594 0.21363956766917302 0.44272791353383456 0.1769266917293234 0.4383223684210526 0.1607730263157895 0.41482612781954886 0.14461936090225558 0.35608552631578944 0.11084351503759404 0.12846569548872183
1 0.08734727443609025 0.0007048872180451396 0.10937500000000011 0.1005639097744361 0.1651785714285715 0.12846569548872183 0.20776550751879708 0.17398966165413537 0.23566729323308266 0.21657659774436092 0.24741541353383456 0.22685620300751883 0.2723801691729323 0.20482847744360905 0.29000234962406013 0.2180451127819549 0.3046875 0.26944313909774437 0.3516799812030075 0.3046875 0.37077067669172936 0.3428688909774436 0.3795817669172932 0.401609492481203 0.37077067669172936 0.0036419172932331094
1 0.3766447368421052 0.501468515037594 0.33405780075187974 0.44419642857142855 0.3120300751879699 0.46475563909774437 0.3134985902255639 0.5234962406015038 0.2562265037593986 0.5469924812030076 0.2165765977443609 0.5323073308270677 0.18573778195488722 0.5895794172932332 0.17545817669172925 0.6351033834586467 0.20776550751879708 0.6527255639097744 0.20629699248120292 0.698249530075188 0.1651785714285715 0.698249530075188 0.13874530075187963 0.7144031954887218 0.19014332706766923 0.7613956766917294 0.2327302631578948 0.7731437969924813 0.2518209586466166 0.698249530075188 0.29147086466165417 0.6527255639097744 0.3693021616541353 0.6424459586466166
1 0.4397908834586466 0.7643327067669173 0.4118890977443609 0.7261513157894737 0.4236372180451128 0.7114661654135339 0.44272791353383456 0.7246828007518797
1 0.22979323308270672 0.8700657894736842 0.3237781954887218 0.9082471804511278 0.3355263157894737 0.9625822368421053 0.31915802125506065 0.998046875 0.05797697368421051 0.997826597744361 0.09615836466165406 0.9420230263157895 0.1725211466165414 0.896499060150376
2 0.3722391917293233 0.6541940789473685 0.29881343984962405 0.6615366541353384 0.2562265037593986 0.7070606203007519 0.23860432330827075 0.790765977443609 0.1813322368421052 0.7658012218045113 0.13140272556390975 0.7202772556390977 0.15196193609022546 0.6850328947368421 0.18867481203007508 0.689438439849624 0.1930803571428571 0.6497885338345865 0.15636748120300747 0.6409774436090225 0.20335996240601506 0.5279017857142857 0.21951362781954897 0.5146851503759399 0.20776550751879708 0.4515390037593985 0.16664708646616544 0.4471334586466165 0.13874530075187963 0.36783364661654133 0.1255286654135338 0.6086701127819549 0.10203242481203001 0.7099976503759399 0.05210291353383456 0.8142622180451128 0.001953125 0.8945018796992484 0.001953125 0.997826597744361 0.05063439849624063 0.996358082706767 0.08294172932330823 0.9390859962406015 0.16371005639097735 0.892093515037594 0.22391917293233077 0.8597861842105263 0.32671522556390975 0.9023731203007519 0.3458059210526315 0.9596452067669173 0.3325892857142857 0.997826597744361 0.4368538533834586 0.987546992481203 0.4559445488721804 0.9141212406015038 0.48972039473684204 0.9082471804511278 0.5044055451127819 0.8245418233082707 0.4720982142857143 0.7584586466165414 0.45741306390977443 0.7393679511278196 0.4530075187969924 0.7790178571428572 0.41776315789473684 0.7599271616541353 0.40307800751879697 0.7305568609022557 0.4118890977443609 0.701186560150376
1 0.49265742481203 0.9390859962406015 0.5132166353383458 0.9478970864661654 0.5381813909774436 0.9846099624060151 0.5455239661654135 0.9948895676691729 0.4632871240601504 0.996358082706767
2 0.009515977443608992 0.01245300751879702 0.04622885338345861 0.20189144736842107 0.07266212406015049 0.33993186090225563 0.0814732142857143 0.5190906954887219 0.04622885338345861 0.6497885338345865 0.001953125 0.7494089226973688 0.001953125 0.0
0 0.05944548872180444 0.002173402255639125 0.08000469924812037 0.062382518796992505 0.10203242481203001 0.18720629699248123 0.1255286654135338 0.3428688909774436 0.1255286654135338 0.4603500939849624 0.12112312030075179 0.6072015977443609 0.08294172932330823 0.7305568609022557 0.001953125 0.8637961776922142 0.001953125 0.7702067669172933 0.07266212406015049 0.599859022556391 0.08734727443609025 0.4236372180451128 0.05944548872180444 0.2811912593984962 0.03594924812030087 0.14755639097744364 0.02273261278195482 0.01245300751879702
1 0.6306978383458647 0.884750939849624 0.592516447368421 0.8744713345864662 0.5513980263157895 0.9302749060150376 0.5558035714285714 0.987546992481203 0.6644736842105263 0.9919525375939849 0.685032894736842 0.990484022556391 0.6571311090225563 0.9376174812030076
3 0.43832236842105265 0.3604910714285714 0.5646146616541353 0.35608552631578944 0.5587406015037594 0.501468515037594 0.5132166353383458 0.50734257518797 0.49265742481203 0.5528665413533835 0.48237781954887216 0.5631461466165414 0.44566494360902253 0.5587406015037595 0.44566494360902253 0.505874060150376 0.44566494360902253 0.45300751879699247 0.44566494360902253 0.43244830827067665 0.5044055451127819 0.42657424812030076 0.502937030075188 0.4133576127819549 0.44272791353383456 0.41482612781954886
