1 0.4278428819444444 0.998046875 0.44954427083333337 0.9698350694444444 0.4755859375 0.9676649305555556 0.4853515625 0.9307725694444444 0.5396050347222222 0.7029079861111112 0.5840928819444444 0.71484375 0.6188151041666667 0.7311197916666667 0.6199001736111112 0.7159288194444444 0.6481119791666667 0.71484375 0.6730685763888888 0.7528211805555556 0.7338324652777779 0.7918836805555556 0.7674696180555556 0.6974826388888888 0.7913411458333333 0.5954861111111112 0.8184678819444444 0.41536458333333337 0.8434244791666667 0.275390625 0.998046875 0.29327212655895696 0.998046875 0.7756076388888888 0.998046875 1.0 0.4755859375 1.0 0.42458767361111116 1.0
1 0.6763237847222223 0.6736111111111112 0.6806640625 0.6410590277777778 0.6980251736111112 0.6529947916666667 0.6969401041666667 0.6790364583333334
1 0.7229817708333333 0.6909722222222223 0.7273220486111112 0.6540798611111112 0.7511935763888888 0.65625 0.7555338541666667 0.6833767361111112
1 0.6264105902777779 0.6236979166666667 0.6285807291666667 0.5922309027777778 0.6481119791666667 0.6063368055555556 0.6426866319444444 0.6280381944444444
1 0.5699869791666667 0.5944010416666667 0.5678168402777779 0.568359375 0.5884331597222223 0.5651041666666667 0.5916883680555556 0.5900607638888888
1 0.6806640625 0.6063368055555556 0.6860894097222223 0.5846354166666667 0.7034505208333333 0.5933159722222223 0.6947699652777779 0.6161024305555556
1 0.7218967013888888 0.6019965277777778 0.7284071180555556 0.5716145833333334 0.7522786458333333 0.5716145833333334 0.7435980902777779 0.6041666666666667
1 0.7598741319444444 0.587890625 0.7598741319444444 0.5618489583333334 0.7783203125 0.5596788194444444 0.7772352430555556 0.5824652777777778
1 0.5689019097222223 0.5303819444444444 0.5634765625 0.48697916666666674 0.5851779513888888 0.4761284722222222 0.5895182291666667 0.5184461805555556
1 0.6199001736111112 0.51953125 0.6253255208333333 0.47395833333333337 0.6546223958333333 0.4663628472222222 0.6622178819444444 0.5043402777777778 0.6578776041666667 0.5423177083333334
1 0.6860894097222223 0.5108506944444444 0.6915147569444444 0.47287326388888895 0.7121310763888888 0.47287326388888895 0.7175564236111112 0.4989149305555556 0.7132161458333333 0.5227864583333334 0.7023654513888888 0.5227864583333334
1 0.7381727430555556 0.5119357638888888 0.7284071180555556 0.4858940972222222 0.7414279513888888 0.4696180555555556 0.7544487847222223 0.47721354166666674 0.7544487847222223 0.5075954861111112 0.7511935763888888 0.51953125
1 0.7685546875 0.5217013888888888 0.7804904513888888 0.4663628472222222 0.7989366319444444 0.46853298611111116 0.7967664930555556 0.49674479166666674 0.7837456597222223 0.5 0.7837456597222223 0.5162760416666667 0.7902560763888888 0.5227864583333334 0.7837456597222223 0.5336371527777778
1 0.5754123263888888 0.4403211805555556 0.5602213541666667 0.39474826388888895 0.6025390625 0.33615451388888895 0.6133897569444444 0.36002604166666674 0.5927734375 0.38498263888888895 0.5992838541666667 0.41536458333333337 0.6003689236111112 0.4273003472222222
1 0.6318359375 0.4327256944444444 0.6253255208333333 0.39908854166666674 0.6470269097222223 0.3838975694444444 0.6513671875 0.40559895833333337 0.6405164930555556 0.4175347222222222
1 0.6947699652777779 0.41861979166666674 0.6882595486111112 0.3817274305555556 0.7067057291666667 0.3687065972222222 0.7186414930555556 0.38498263888888895 0.7186414930555556 0.4110243055555556
1 0.7544487847222223 0.4110243055555556 0.7425130208333333 0.39040798611111116 0.7631293402777779 0.36979166666666674 0.7707248263888888 0.37521701388888895 0.7652994791666667 0.4012586805555556
1 0.7945963541666667 0.40017361111111116 0.7945963541666667 0.38064236111111116 0.8021918402777779 0.36979166666666674 0.8152126736111112 0.37630208333333337 0.8130425347222223 0.39908854166666674
1 0.9953342013888888 0.22330729166666674 0.9551866319444444 0.2222222222222222 0.9475911458333333 0.17556423611111116 0.9584418402777779 0.12890625 0.9736328125 0.13107638888888895 0.9942491319444444 0.16471354166666674 0.998046875 0.14735243055555558 0.9964192708333333 0.001953125000000111 0.9530164930555556 0.00520833333333337 0.9356553819444444 0.001953125000000111 0.6904296875 0.003038194444444531 0.6806640625 0.15169270833333337 0.6828342013888888 0.19401041666666674 0.6817491319444444 0.2113715277777778 0.8097873263888888 0.2124565972222222 0.8618706597222223 0.2265625 0.9291449652777779 0.24283854166666674 0.9855685763888888 0.24392361111111116 0.998046875 0.2446168499228395
1 0.2260199652777778 0.11805555555555558 0.2271050347222222 0.09201388888888895 0.24880642361111116 0.09418402777777779 0.24880642361111116 0.11588541666666674
1 0.26833767361111116 0.12348090277777779 0.2694227430555556 0.09309895833333337 0.2943793402777778 0.09635416666666674 0.2943793402777778 0.119140625
1 0.3149956597222222 0.119140625 0.3193359375 0.09418402777777779 0.3377821180555556 0.10611979166666674 0.33669704861111116 0.11697048611111116
1 0.35514322916666674 0.12239583333333337 0.3529730902777778 0.10286458333333337 0.37033420138888895 0.10177951388888895 0.3681640625 0.12131076388888895
1 0.39963107638888895 0.12022569444444453 0.3963758680555556 0.09309895833333337 0.4126519097222222 0.08767361111111116 0.43001302083333337 0.10611979166666674
1 0.5254991319444444 0.11697048611111116 0.5254991319444444 0.09852430555555558 0.5406901041666667 0.09526909722222221 0.5439453125 0.109375
1 0.5732421875 0.12022569444444453 0.5699869791666667 0.08875868055555558 0.5895182291666667 0.09743923611111116 0.5906032986111112 0.12131076388888895
1 0.6090494791666667 0.12565104166666674 0.6199001736111112 0.10069444444444453 0.6329210069444444 0.10069444444444453 0.6274956597222223 0.12348090277777779
1 0.8369140625 0.26888020833333337 0.7468532986111112 0.24392361111111116 0.6936848958333333 0.24500868055555558 0.6416015625 0.24934895833333337 0.6340060763888888 0.2862413194444444 0.6437717013888888 0.3003472222222222 0.6524522569444444 0.2840711805555556 0.6535373263888888 0.2645399305555556 0.7088758680555556 0.26779513888888895 0.6991102430555556 0.275390625 0.7088758680555556 0.2905815972222222 0.7186414930555556 0.29166666666666674 0.7164713541666667 0.26888020833333337 0.7544487847222223 0.2710503472222222 0.7739800347222223 0.28298611111111116 0.7804904513888888 0.2938368055555556 0.8011067708333333 0.2862413194444444 0.8238932291666667 0.2862413194444444 0.8206380208333333 0.30251736111111116 0.8347439236111112 0.31662326388888895 0.8423394097222223 0.2840711805555556
3 0.6155598958333333 0.7105034722222223 0.6155598958333333 0.6920572916666667 0.6394314236111112 0.6909722222222223 0.6416015625 0.6746961805555556 0.6296657986111112 0.6616753472222223 0.6296657986111112 0.6519097222222223 0.6177300347222223 0.6497395833333334 0.5992838541666667 0.6453993055555556 0.5830078125 0.6432291666666667 0.5764973958333333 0.6312934027777778 0.5537109375 0.6312934027777778 0.5493706597222223 0.6877170138888888 0.5526258680555556 0.7061631944444444 0.5927734375 0.71484375 0.6253255208333333 0.7300347222222223
3 0.5157335069444444 0.6974826388888888 0.3432074652777778 0.7604166666666666 0.27376302083333337 0.7799479166666666 0.25423177083333337 0.7853732638888888 0.2564019097222222 0.7983940972222222 0.31174045138888895 0.783203125 0.4169921875 0.7430555555555556 0.5092230902777778 0.7115885416666667
3 0.35080295138888895 0.5314670138888888 0.46907552083333337 0.4858940972222222 0.44845920138888895 0.35026041666666674 0.3301866319444444 0.40451388888888895
3 0.22276475694444453 0.5857204861111112 0.25206163194444453 0.568359375 0.2412109375 0.5151909722222223 0.22493489583333337 0.4793836805555556 0.20540364583333337 0.5054253472222223
3 0.5450303819444444 0.5835503472222223 0.5580512152777779 0.568359375 0.5634765625 0.509765625 0.5439453125 0.5130208333333334
1 0.28678385416666674 0.7235243055555556 0.28352864583333337 0.6844618055555556 0.30631510416666674 0.6736111111111112 0.3247612847222222 0.6985677083333334 0.32150607638888895 0.7105034722222223 0.3095703125 0.7224392361111112
1 0.3529730902777778 0.7072482638888888 0.34212239583333337 0.6692708333333334 0.35514322916666674 0.6595052083333334 0.3681640625 0.6692708333333334 0.3725043402777778 0.6877170138888888 0.3670789930555556 0.7061631944444444
1 0.3963758680555556 0.6898871527777778 0.39963107638888895 0.6497395833333334 0.4083116319444444 0.6443142361111112 0.42350260416666674 0.6638454861111112 0.4213324652777778 0.6833767361111112
1 0.4452039930555556 0.685546875 0.4419487847222222 0.6421440972222223 0.45822482638888895 0.6280381944444444 0.4842664930555556 0.6529947916666667 0.47341579861111116 0.6736111111111112 0.46907552083333337 0.6812065972222223
1 0.5103081597222222 0.6703559027777778 0.5005425347222222 0.6421440972222223 0.5222439236111112 0.6193576388888888 0.536349826388889 0.6204427083333334 0.5341796875 0.6595052083333334 0.5298394097222222 0.6703559027777778
1 0.3822699652777778 0.5694444444444444 0.3670789930555556 0.5477430555555556 0.36056857638888895 0.5314670138888888 0.38118489583333337 0.5238715277777778 0.4061414930555556 0.5412326388888888 0.40505642361111116 0.5640190972222223
1 0.44954427083333337 0.5651041666666667 0.4354383680555556 0.5368923611111112 0.44303385416666674 0.5119357638888888 0.4658203125 0.5238715277777778 0.46907552083333337 0.5412326388888888 0.4669053819444444 0.5618489583333334
1 0.5124782986111112 0.5520833333333334 0.5005425347222222 0.5260416666666667 0.5016276041666667 0.5 0.5189887152777778 0.48806423611111116 0.536349826388889 0.5119357638888888 0.5374348958333334 0.5303819444444444
1 0.29220920138888895 0.5911458333333334 0.2705078125 0.5987413194444444 0.27159288194444453 0.5770399305555556 0.2802734375 0.5499131944444444 0.29763454861111116 0.55859375
1 0.2705078125 0.5173611111111112 0.2596571180555556 0.4891493055555556 0.26725260416666674 0.4717881944444444 0.2846137152777778 0.47721354166666674 0.2856987847222222 0.49782986111111116
1 0.3399522569444444 0.4750434027777778 0.3280164930555556 0.48697916666666674 0.32150607638888895 0.47395833333333337 0.31282552083333337 0.46310763888888895 0.3182508680555556 0.43923611111111116 0.33235677083333337 0.4370659722222222
1 0.2314453125 0.03776041666666674 0.2314453125 0.01063368055555558 0.25423177083333337 0.02473958333333337 0.24989149305555558 0.04535590277777779
1 0.2759331597222222 0.04318576388888895 0.2856987847222222 0.01931423611111116 0.3008897569444444 0.03993055555555558
1 0.3095703125 0.03993055555555558 0.31282552083333337 0.01822916666666674 0.3377821180555556 0.02365451388888895 0.3345269097222222 0.04210069444444453
1 0.3529730902777778 0.04427083333333337 0.3594835069444444 0.01605902777777779 0.38552517361111116 0.01931423611111116 0.38118489583333337 0.04318576388888895
1 0.39095052083333337 0.04752604166666674 0.3974609375 0.01280381944444453 0.4213324652777778 0.02473958333333337 0.4072265625 0.05403645833333337
1 0.44411892361111116 0.04318576388888895 0.44303385416666674 0.01822916666666674 0.45930989583333337 0.02039930555555558 0.46365017361111116 0.04318576388888895
1 0.4365234375 0.11697048611111116 0.44954427083333337 0.09526909722222221 0.4658203125 0.10503472222222221 0.4669053819444444 0.12022569444444453
1 0.48752170138888895 0.04535590277777779 0.4940321180555556 0.02256944444444453 0.5103081597222222 0.03016493055555558 0.4994574652777778 0.04861111111111116
1 0.526584201388889 0.05186631944444453 0.5341796875 0.02582465277777779 0.5482855902777779 0.02799479166666674 0.5417751736111112 0.05186631944444453
1 0.5710720486111112 0.05186631944444453 0.5689019097222223 0.03016493055555558 0.5884331597222223 0.02799479166666674 0.5873480902777779 0.04752604166666674
1 0.6155598958333333 0.05403645833333337 0.6188151041666667 0.02799479166666674 0.6394314236111112 0.02690972222222221 0.6405164930555556 0.04535590277777779
5 0.17610677083333337 0.275390625 0.1869574652777778 0.12565104166666674 0.6784939236111112 0.12782118055555558 0.6752387152777779 0.18532986111111116 0.48752170138888895 0.18641493055555558 0.41373697916666674 0.19618055555555558 0.2856987847222222 0.24717881944444453 0.20865885416666674 0.275390625
5 0.1880425347222222 0.08984375 0.6817491319444444 0.09635416666666674 0.6850043402777779 0.05512152777777779 0.6850043402777779 0.04752604166666674 0.6090494791666667 0.05837673611111116 0.5591362847222223 0.05729166666666674 0.44845920138888895 0.04752604166666674 0.4169921875 0.05186631944444453 0.3974609375 0.05946180555555558 0.38444010416666674 0.05078125 0.3627387152777778 0.04861111111111116 0.28244357638888895 0.04535590277777779 0.22384982638888895 0.04861111111111116 0.18044704861111116 0.04752604166666674
5 0.1869574652777778 0.12131076388888895 0.2162543402777778 0.12348090277777779 0.2260199652777778 0.08875868055555558 0.18153211805555558 0.08984375
5 0.22493489583333337 0.12673611111111116 0.22819010416666674 0.119140625 0.24989149305555558 0.11697048611111116 0.25206163194444453 0.09418402777777779 0.2661675347222222 0.09309895833333337 0.26833767361111116 0.11697048611111116 0.2650824652777778 0.12348090277777779
5 0.27810329861111116 0.12565104166666674 0.27701822916666674 0.12239583333333337 0.2987196180555556 0.11805555555555558 0.29654947916666674 0.09635416666666674 0.3193359375 0.09526909722222221 0.3149956597222222 0.11588541666666674 0.31174045138888895 0.12456597222222221
5 0.3182508680555556 0.12456597222222221 0.3193359375 0.12239583333333337 0.33669704861111116 0.11697048611111116 0.3432074652777778 0.10611979166666674 0.3280164930555556 0.09743923611111116 0.33561197916666674 0.09309895833333337 0.36056857638888895 0.09309895833333337 0.3540581597222222 0.10286458333333337 0.35622829861111116 0.11588541666666674 0.3540581597222222 0.12565104166666674
5 0.3681640625 0.12456597222222221 0.39963107638888895 0.12456597222222221 0.3985460069444444 0.11588541666666674 0.39420572916666674 0.09418402777777779 0.3670789930555556 0.09201388888888895 0.3638237847222222 0.09852430555555558 0.3790147569444444 0.10177951388888895 0.3735894097222222 0.11371527777777779
5 0.40505642361111116 0.12456597222222221 0.4072265625 0.119140625 0.4278428819444444 0.11046006944444453 0.4321831597222222 0.10177951388888895 0.4267578125 0.09743923611111116 0.44411892361111116 0.09418402777777779 0.4408637152777778 0.10720486111111116 0.43435329861111116 0.11697048611111116 0.46256510416666674 0.12239583333333337 0.4614800347222222 0.12456597222222221
5 0.1771918402777778 0.04318576388888895 0.2271050347222222 0.04752604166666674 0.2314453125 0.03776041666666674 0.22927517361111116 0.01280381944444453 0.6839192708333333 0.02473958333333337 0.684955018939394 0.001953125 0.1771918402777778 0.001953125
5 0.25748697916666674 0.04535590277777779 0.27810329861111116 0.04427083333333337 0.28678385416666674 0.021484375 0.25423177083333337 0.01714409722222221
5 0.30197482638888895 0.03993055555555558 0.2889539930555556 0.01714409722222221 0.31174045138888895 0.01822916666666674
5 0.33561197916666674 0.04644097222222221 0.35622829861111116 0.04644097222222221 0.3540581597222222 0.02690972222222221 0.35622829861111116 0.01931423611111116 0.34212239583333337 0.02039930555555558
5 0.41482204861111116 0.05186631944444453 0.4419487847222222 0.04535590277777779 0.43977864583333337 0.01931423611111116 0.4224175347222222 0.02256944444444453
5 0.4658203125 0.04644097222222221 0.4842664930555556 0.04752604166666674 0.4940321180555556 0.02256944444444453 0.4614800347222222 0.01931423611111116
5 0.5016276041666667 0.05295138888888895 0.5287543402777778 0.05078125 0.5341796875 0.02365451388888895 0.5124782986111112 0.02365451388888895
5 0.5461154513888888 0.05403645833333337 0.5732421875 0.05186631944444453 0.5656467013888888 0.02473958333333337 0.5526258680555556 0.02690972222222221 0.5515407986111112 0.03884548611111116
5 0.5754123263888888 0.05512152777777779 0.5754123263888888 0.05078125 0.5916883680555556 0.04752604166666674 0.5916883680555556 0.03125 0.5981987847222223 0.02473958333333337 0.6144748263888888 0.02582465277777779 0.6144748263888888 0.03776041666666674 0.6133897569444444 0.04969618055555558 0.6101345486111112 0.05403645833333337 0.6057942708333333 0.05620659722222221
5 0.6199001736111112 0.05620659722222221 0.6459418402777779 0.04535590277777779 0.6426866319444444 0.03342013888888895 0.6459418402777779 0.02582465277777779 0.6860894097222223 0.02690972222222221 0.6850043402777779 0.04644097222222221 0.6741536458333333 0.04752604166666674 0.6481119791666667 0.05078125
5 0.4701605902777778 0.12673611111111116 0.5808376736111112 0.12565104166666674 0.5699869791666667 0.11805555555555558 0.5699869791666667 0.09418402777777779 0.5461154513888888 0.09526909722222221 0.5461154513888888 0.10503472222222221 0.5461154513888888 0.11046006944444453 0.5330946180555556 0.11697048611111116 0.5244140625 0.12348090277777779 0.5211588541666667 0.11371527777777779 0.5233289930555556 0.10286458333333337 0.5211588541666667 0.09743923611111116 0.45822482638888895 0.09309895833333337 0.4647352430555556 0.099609375 0.46799045138888895 0.11154513888888895
5 0.6318359375 0.12348090277777779 0.6795789930555556 0.12456597222222221 0.6850043402777779 0.09635416666666674 0.6372612847222223 0.09743923611111116
1 0.46799045138888895 0.43923611111111116 0.48860677083333337 0.4370659722222222 0.4962022569444444 0.4066840277777778 0.47341579861111116 0.38064236111111116 0.45388454861111116 0.4012586805555556
1 0.5059678819444444 0.4359809027777778 0.5417751736111112 0.431640625 0.5461154513888888 0.40234375 0.5276692708333334 0.3828125 0.5113932291666667 0.3882378472222222 0.5016276041666667 0.40234375
5 0.003580729166666685 0.9991319444444444 0.42024739583333337 0.998046875 0.4452039930555556 0.96875 0.46256510416666674 0.9644097222222222 0.47775607638888895 0.9611545138888888 0.5374348958333334 0.705078125 0.48318142361111116 0.7235243055555556 0.37033420138888895 0.763671875 0.3193359375 0.7842881944444444 0.27376302083333337 0.79296875 0.26182725694444453 0.8049045138888888 0.23795572916666674 0.8244357638888888 0.22384982638888895 0.8428819444444444 0.2064887152777778 0.8493923611111112 0.1826171875 0.8559027777777778 0.1674262152777778 0.87109375 0.16091579861111116 0.8862847222222222 0.15223524305555558 0.8895399305555556 0.1381293402777778 0.8743489583333333 0.10340711805555558 0.8634982638888888 0.07085503472222221 0.8678385416666666 0.0 0.8938881867851307 0.0 0.986111111111111
1 0.26182725694444453 0.4175347222222222 0.28244357638888895 0.40993923611111116 0.2802734375 0.3980034722222222 0.27376302083333337 0.3784722222222222 0.26182725694444453 0.37630208333333337 0.2564019097222222 0.3936631944444444
1 0.3095703125 0.3882378472222222 0.30305989583333337 0.3687065972222222 0.31174045138888895 0.3578559027777778 0.32584635416666674 0.36111111111111116 0.32584635416666674 0.3817274305555556
1 0.37033420138888895 0.36328125 0.3497178819444444 0.3480902777777778 0.36599392361111116 0.33181423611111116 0.3540581597222222 0.32096354166666674 0.3779296875 0.314453125 0.3866102430555556 0.33181423611111116
1 0.42458767361111116 0.3328993055555556 0.4159071180555556 0.30251736111111116 0.4278428819444444 0.2960069444444444 0.4408637152777778 0.2905815972222222 0.4560546875 0.3155381944444444 0.43977864583333337 0.3231336805555556
3 0.4669053819444444 0.32638888888888895 0.46256510416666674 0.29709201388888895 0.4669053819444444 0.28515625 0.4864366319444444 0.28515625 0.4940321180555556 0.28298611111111116 0.5005425347222222 0.3198784722222222 0.48209635416666674 0.32747395833333337
5 0.5450303819444444 0.38932291666666674 0.5634765625 0.38498263888888895 0.5797526041666667 0.35568576388888895 0.5949435763888888 0.3253038194444444 0.6177300347222223 0.29166666666666674 0.6340060763888888 0.2612847222222222 0.6350911458333333 0.24717881944444453 0.6036241319444444 0.24609375 0.5992838541666667 0.2764756944444444 0.5830078125 0.30685763888888895 0.5569661458333333 0.3090277777777778 0.5309244791666667 0.31228298611111116 0.5157335069444444 0.32638888888888895 0.5037977430555556 0.3350694444444444 0.507052951388889 0.3589409722222222 0.5254991319444444 0.353515625 0.5320095486111112 0.34700520833333337 0.5330946180555556 0.353515625
1 0.5906032986111112 0.23958333333333337 0.5048828125 0.22873263888888895 0.47775607638888895 0.22330729166666674 0.4256727430555556 0.22981770833333337 0.3963758680555556 0.24717881944444453 0.3236762152777778 0.2743055555555556 0.2607421875 0.3101128472222222 0.2119140625 0.3350694444444444 0.1923828125 0.3426649305555556 0.2075737847222222 0.3643663194444444 0.23470052083333337 0.34157986111111116 0.2455512152777778 0.3589409722222222 0.2661675347222222 0.3524305555555556 0.2650824652777778 0.33615451388888895 0.2661675347222222 0.32747395833333337 0.2802734375 0.32421875 0.2791883680555556 0.33615451388888895 0.2846137152777778 0.3383246527777778 0.29763454861111116 0.3285590277777778 0.2889539930555556 0.32204861111111116 0.2943793402777778 0.314453125 0.3052300347222222 0.3198784722222222 0.31174045138888895 0.32096354166666674 0.31716579861111116 0.3101128472222222 0.3095703125 0.3036024305555556 0.3247612847222222 0.2992621527777778 0.32693142361111116 0.314453125 0.3432074652777778 0.30685763888888895 0.3442925347222222 0.29275173611111116 0.36165364583333337 0.2764756944444444 0.3681640625 0.29275173611111116 0.37467447916666674 0.28841145833333337 0.37467447916666674 0.2743055555555556 0.39095052083333337 0.265625 0.3866102430555556 0.2743055555555556 0.3963758680555556 0.2808159722222222 0.4083116319444444 0.2808159722222222 0.41373697916666674 0.26345486111111116 0.41482204861111116 0.255859375 0.43435329861111116 0.25260416666666674 0.43435329861111116 0.265625 0.4549696180555556 0.26345486111111116 0.46907552083333337 0.2612847222222222 0.47233072916666674 0.24826388888888895 0.48752170138888895 0.24717881944444453 0.49837239583333337 0.27322048611111116 0.5081380208333334 0.27213541666666674 0.5103081597222222 0.2515190972222222 0.5309244791666667 0.24826388888888895 0.5482855902777779 0.2515190972222222 0.5732421875 0.2547743055555556 0.5667317708333333 0.265625 0.5797526041666667 0.2808159722222222 0.5916883680555556 0.2699652777777778 0.5981987847222223 0.2547743055555556
5 0.9975043402777779 0.2862413194444444 0.9964192708333333 0.2504340277777778 0.8976779513888888 0.24717881944444453 0.8455946180555556 0.2309027777777778 0.7663845486111112 0.21571180555555558 0.6752387152777779 0.2211371527777778 0.5797526041666667 0.21462673611111116 0.4658203125 0.21571180555555558 0.4224175347222222 0.216796875 0.36599392361111116 0.24500868055555558 0.2987196180555556 0.27322048611111116 0.2357855902777778 0.3036024305555556 0.2162543402777778 0.3133680555555556 0.22384982638888895 0.3198784722222222 0.23904079861111116 0.32096354166666674 0.27810329861111116 0.29817708333333337 0.33669704861111116 0.26779513888888895 0.39095052083333337 0.24717881944444453 0.44303385416666674 0.22439236111111116 0.5276692708333334 0.22547743055555558 0.5960286458333333 0.236328125 0.6090494791666667 0.24283854166666674 0.6437717013888888 0.24500868055555558 0.6925998263888888 0.24283854166666674 0.7587890625 0.2417534722222222 0.8521050347222223 0.2710503472222222 0.9541015625 0.27756076388888895
5 0.6057942708333333 0.4370659722222222 0.6329210069444444 0.4370659722222222 0.6285807291666667 0.4066840277777778 0.6253255208333333 0.3980034722222222 0.6426866319444444 0.3817274305555556 0.6199001736111112 0.3589409722222222 0.5981987847222223 0.37955729166666674 0.5960286458333333 0.39474826388888895 0.6003689236111112 0.4164496527777778
5 0.5710720486111112 0.4761284722222222 0.6307508680555556 0.46853298611111116 0.6502821180555556 0.46744791666666674 0.6611328125 0.4652777777777778 0.6958550347222223 0.470703125 0.7349175347222223 0.46744791666666674 0.7870008680555556 0.46744791666666674 0.8087022569444444 0.4609375 0.8195529513888888 0.40234375 0.8043619791666667 0.4012586805555556 0.7826605902777779 0.40017361111111116 0.7620442708333333 0.4034288194444444 0.7587890625 0.4131944444444444 0.7522786458333333 0.412109375 0.7435980902777779 0.3969184027777778 0.7262369791666667 0.4034288194444444 0.7197265625 0.4110243055555556 0.7077907986111112 0.41427951388888895 0.6969401041666667 0.41970486111111116 0.6925998263888888 0.412109375 0.6654730902777779 0.40993923611111116 0.6535373263888888 0.40993923611111116 0.6437717013888888 0.421875 0.6361762152777779 0.4305555555555556 0.6361762152777779 0.43923611111111116 0.6199001736111112 0.4424913194444444 0.6090494791666667 0.4424913194444444 0.6003689236111112 0.431640625 0.5840928819444444 0.43923611111111116 0.5775824652777779 0.4424913194444444
5 0.6524522569444444 0.3817274305555556 0.6871744791666667 0.3817274305555556 0.6882595486111112 0.40559895833333337 0.6698133680555556 0.40885416666666674 0.6557074652777779 0.4077690972222222
5 0.7229817708333333 0.40234375 0.7392578125 0.39474826388888895 0.7490234375 0.3828125 0.7652994791666667 0.36979166666666674 0.7099609375 0.36545138888888895 0.7186414930555556 0.38498263888888895
5 0.7696397569444444 0.3969184027777778 0.7902560763888888 0.3980034722222222 0.7935112847222223 0.3828125 0.7989366319444444 0.36979166666666674 0.7750651041666667 0.36979166666666674
5 0.6036241319444444 0.3328993055555556 0.6177300347222223 0.3578559027777778 0.6426866319444444 0.37630208333333337 0.6763237847222223 0.3784722222222222 0.7012803819444444 0.37087673611111116 0.7110460069444444 0.36545138888888895 0.7305772569444444 0.36111111111111116 0.7631293402777779 0.36653645833333337 0.7837456597222223 0.36653645833333337 0.8054470486111112 0.36653645833333337 0.8238932291666667 0.36979166666666674 0.8347439236111112 0.32747395833333337 0.8314887152777779 0.3101128472222222 0.8162977430555556 0.3057725694444444 0.8195529513888888 0.29709201388888895 0.8021918402777779 0.294921875 0.7815755208333333 0.2992621527777778 0.7707248263888888 0.2894965277777778 0.7511935763888888 0.2797309027777778 0.7392578125 0.2764756944444444 0.7251519097222223 0.275390625 0.7218967013888888 0.28732638888888895 0.7143012152777779 0.29709201388888895 0.6991102430555556 0.294921875 0.7001953125 0.28298611111111116 0.6882595486111112 0.27756076388888895 0.6763237847222223 0.275390625 0.6654730902777779 0.2743055555555556 0.6557074652777779 0.2905815972222222 0.6513671875 0.30143229166666674 0.6361762152777779 0.30143229166666674 0.6361762152777779 0.28841145833333337 0.6285807291666667 0.2862413194444444 0.6188151041666667 0.29275173611111116 0.6144748263888888 0.3046875 0.6057942708333333 0.3101128472222222
5 0.5884331597222223 0.5162760416666667 0.6199001736111112 0.5162760416666667 0.6209852430555556 0.4761284722222222 0.5927734375 0.47829861111111116
5 0.6622178819444444 0.5412326388888888 0.6817491319444444 0.5358072916666667 0.6860894097222223 0.4891493055555556 0.6915147569444444 0.47395833333333337 0.6578776041666667 0.4717881944444444 0.6665581597222223 0.5065104166666667 0.6622178819444444 0.5184461805555556
5 0.7132161458333333 0.5238715277777778 0.7403428819444444 0.5227864583333334 0.7338324652777779 0.5065104166666667 0.7273220486111112 0.48697916666666674 0.7370876736111112 0.470703125 0.7153862847222223 0.470703125 0.7186414930555556 0.4913194444444444
5 0.7587890625 0.5184461805555556 0.7685546875 0.5238715277777778 0.7772352430555556 0.4717881944444444 0.7522786458333333 0.470703125 0.7598741319444444 0.490234375
5 0.5656467013888888 0.5661892361111112 0.7566189236111112 0.5629340277777778 0.7772352430555556 0.5553385416666667 0.7956814236111112 0.5520833333333334 0.7978515625 0.5303819444444444 0.7880859375 0.5336371527777778 0.7815755208333333 0.5368923611111112 0.7718098958333333 0.5271267361111112 0.7631293402777779 0.5238715277777778 0.7468532986111112 0.5227864583333334 0.7327473958333333 0.5227864583333334 0.7175564236111112 0.5260416666666667 0.7077907986111112 0.5282118055555556 0.6904296875 0.5206163194444444 0.6839192708333333 0.5368923611111112 0.6763237847222223 0.5434027777777778 0.6643880208333333 0.5444878472222223 0.6502821180555556 0.5477430555555556 0.6166449652777779 0.5162760416666667 0.5895182291666667 0.51953125 0.5764973958333333 0.529296875 0.5689019097222223 0.5455729166666667
5 0.5927734375 0.6345486111111112 0.5949435763888888 0.5868055555555556 0.5938585069444444 0.568359375 0.7577039930555556 0.5629340277777778 0.7577039930555556 0.5716145833333334 0.7381727430555556 0.5705295138888888 0.7284071180555556 0.5705295138888888 0.7240668402777779 0.5802951388888888 0.7175564236111112 0.5987413194444444 0.7077907986111112 0.5965711805555556 0.6936848958333333 0.5868055555555556 0.6860894097222223 0.5846354166666667 0.6806640625 0.5965711805555556 0.6763237847222223 0.6041666666666667 0.6535373263888888 0.6052517361111112 0.6405164930555556 0.59765625 0.6318359375 0.5911458333333334 0.6253255208333333 0.5900607638888888 0.6231553819444444 0.6019965277777778 0.6209852430555556 0.6226128472222223 0.6166449652777779 0.646484375 0.6047092013888888 0.646484375
5 0.5580512152777779 0.6258680555555556 0.5591362847222223 0.59765625 0.5808376736111112 0.5954861111111112 0.5916883680555556 0.5954861111111112 0.5927734375 0.6280381944444444 0.5884331597222223 0.6323784722222223 0.5764973958333333 0.6312934027777778
5 0.6242404513888888 0.71484375 0.6459418402777779 0.7105034722222223 0.6719835069444444 0.7430555555555556 0.6817491319444444 0.7549913194444444 0.7327473958333333 0.7864583333333333 0.7598741319444444 0.7105034722222223 0.7685546875 0.6942274305555556 0.7587890625 0.6866319444444444 0.7392578125 0.6898871527777778 0.7294921875 0.6898871527777778 0.7208116319444444 0.6963975694444444 0.7186414930555556 0.6888020833333334 0.7197265625 0.6833767361111112 0.7012803819444444 0.6790364583333334 0.6969401041666667 0.6801215277777778 0.6871744791666667 0.6801215277777778 0.6784939236111112 0.67578125 0.6730685763888888 0.6725260416666667 0.6752387152777779 0.6595052083333334 0.6752387152777779 0.6453993055555556 0.6448567708333333 0.6302083333333334 0.6220703125 0.6258680555555556 0.6166449652777779 0.6432291666666667 0.6264105902777779 0.6519097222222223 0.6340060763888888 0.6551649305555556 0.6340060763888888 0.666015625 0.6416015625 0.6725260416666667 0.6448567708333333 0.6801215277777778 0.6416015625 0.6963975694444444 0.6264105902777779 0.6963975694444444 0.6199001736111112 0.7039930555555556
5 0.6481119791666667 0.6258680555555556 0.6730685763888888 0.6410590277777778 0.6774088541666667 0.6388888888888888 0.6958550347222223 0.6410590277777778 0.6991102430555556 0.6508246527777778 0.7012803819444444 0.6736111111111112 0.7186414930555556 0.6801215277777778 0.7262369791666667 0.6616753472222223 0.7273220486111112 0.6508246527777778 0.7457682291666667 0.6519097222222223 0.7544487847222223 0.6551649305555556 0.7555338541666667 0.6768663194444444 0.7587890625 0.685546875 0.7674696180555556 0.6888020833333334 0.7783203125 0.6410590277777778 0.7891710069444444 0.587890625 0.7642144097222223 0.5889756944444444 0.7577039930555556 0.5900607638888888 0.7577039930555556 0.5792100694444444 0.7479383680555556 0.6019965277777778 0.7446831597222223 0.6095920138888888 0.7284071180555556 0.6063368055555556 0.7164713541666667 0.6063368055555556 0.7023654513888888 0.6009114583333334 0.6980251736111112 0.6182725694444444 0.6806640625 0.6117621527777778 0.6654730902777779 0.607421875 0.6481119791666667 0.6095920138888888
5 0.7804904513888888 0.5813802083333334 0.7935112847222223 0.5813802083333334 0.7935112847222223 0.5564236111111112 0.7804904513888888 0.5596788194444444
5 0.3182508680555556 0.6128472222222223 0.36490885416666674 0.6258680555555556 0.3833550347222222 0.6161024305555556 0.40505642361111116 0.6204427083333334 0.42892795138888895 0.6312934027777778 0.4462890625 0.6161024305555556 0.45822482638888895 0.6009114583333334 0.4669053819444444 0.5954861111111112 0.46799045138888895 0.6171875 0.49294704861111116 0.6161024305555556 0.5113932291666667 0.6030815972222223 0.516818576388889 0.5770399305555556 0.516818576388889 0.5499131944444444 0.5406901041666667 0.5314670138888888 0.5417751736111112 0.578125 0.5428602430555556 0.5954861111111112 0.5504557291666667 0.578125 0.5526258680555556 0.6171875 0.5493706597222223 0.6356336805555556 0.5547960069444444 0.6529947916666667 0.5504557291666667 0.666015625 0.5396050347222222 0.6616753472222223 0.5374348958333334 0.646484375 0.5341796875 0.6312934027777778 0.5352647569444444 0.6226128472222223 0.5233289930555556 0.6193576388888888 0.5092230902777778 0.6302083333333334 0.5048828125 0.6356336805555556 0.5027126736111112 0.6497395833333334 0.5048828125 0.666015625 0.5016276041666667 0.67578125 0.48860677083333337 0.685546875 0.47775607638888895 0.6768663194444444 0.4853515625 0.6584201388888888 0.48752170138888895 0.646484375 0.4603949652777778 0.6247829861111112 0.4517144097222222 0.6334635416666667 0.44411892361111116 0.6378038194444444 0.43869357638888895 0.6443142361111112 0.44303385416666674 0.6692708333333334 0.4419487847222222 0.6822916666666667 0.4354383680555556 0.705078125 0.42024739583333337 0.7007378472222223 0.42024739583333337 0.6822916666666667 0.4267578125 0.6703559027777778 0.4213324652777778 0.6529947916666667 0.41048177083333337 0.6453993055555556 0.3974609375 0.6432291666666667 0.39420572916666674 0.646484375 0.3920355902777778 0.6595052083333334 0.37575954861111116 0.6616753472222223 0.3670789930555556 0.6616753472222223 0.34212239583333337 0.6410590277777778 0.3236762152777778 0.6280381944444444
3 0.30197482638888895 0.6052517361111112 0.31282552083333337 0.59765625 0.30631510416666674 0.5531684027777778 0.30305989583333337 0.5347222222222223 0.2900390625 0.5390625 0.29220920138888895 0.5509982638888888 0.2998046875 0.5596788194444444 0.2987196180555556 0.568359375 0.2954644097222222 0.5889756944444444
3 0.4159071180555556 0.5965711805555556 0.43435329861111116 0.5933159722222223 0.4256727430555556 0.5705295138888888 0.4159071180555556 0.568359375 0.41482204861111116 0.5802951388888888
5 0.5472005208333333 0.5119357638888888 0.5547960069444444 0.49674479166666674 0.5482855902777779 0.48046875 0.5450303819444444 0.4598524305555556 0.5461154513888888 0.44357638888888895 0.5439453125 0.4359809027777778 0.5254991319444444 0.4359809027777778 0.5276692708333334 0.45334201388888895 0.5233289930555556 0.4717881944444444 0.5179036458333334 0.48697916666666674
