5 0.9964192708333333 0.9351128472222222 0.951931423611111 0.8949652777777778 0.9161241319444444 0.8233506944444444 0.8694661458333333 0.6888020833333334 0.8694661458333333 0.587890625 0.8759765625 0.44900173611111116 0.8477647569444444 0.2960069444444444 0.7967664930555555 0.20811631944444453 0.7327473958333333 0.18424479166666674 0.6611328125 0.17122395833333337 0.6643880208333333 0.20052083333333337 0.7772352430555555 0.2265625 0.8141276041666666 0.2808159722222222 0.8412543402777778 0.3741319444444444 0.8564453125 0.509765625 0.8553602430555555 0.5509982638888888 0.8477647569444444 0.6486545138888888 0.8531901041666666 0.7289496527777778 0.903103298611111 0.8461371527777778 0.9465060763888888 0.9231770833333333 0.9996744791666666 0.9633246527777778
5 0.649197048611111 0.14192708333333337 0.649197048611111 0.09418402777777779 0.658962673611111 0.09526909722222221 0.6567925347222222 0.07248263888888895 0.6383463541666666 0.02365451388888895 0.629665798611111 0.004123263888888951 0.6209852430555556 0.00954861111111116 0.6274956597222222 0.05186631944444453 0.6242404513888888 0.11805555555555558 0.6481119791666666 0.12999131944444453
3 0.7045355902777778 0.30143229166666674 0.6231553819444444 0.4793836805555556 0.5526258680555556 0.41427951388888895 0.5472005208333333 0.40885416666666674 0.6253255208333333 0.2309027777777778 0.6839192708333333 0.26779513888888895 0.7023654513888888 0.28841145833333337
5 0.5743272569444444 0.4663628472222222 0.5819227430555556 0.4457465277777778 0.5634765625 0.42404513888888895 0.5472005208333333 0.4110243055555556 0.5656467013888888 0.35134548611111116 0.5504557291666666 0.333984375 0.5287543402777778 0.38064236111111116 0.5168185763888888 0.40017361111111116 0.5276692708333333 0.41536458333333337 0.5233289930555556 0.4273003472222222 0.5330946180555556 0.4359809027777778 0.5504557291666666 0.4327256944444444 0.5558810763888888 0.4403211805555556 0.561306423611111 0.45876736111111116
1 0.9996744791666666 0.3090277777777778 0.9334852430555555 0.3046875 0.8824869791666666 0.2894965277777778 0.8629557291666666 0.21788194444444453 0.8477647569444444 0.18967013888888895 0.8173828125 0.20052083333333337 0.7848307291666666 0.17881944444444453 0.7577039930555555 0.1332465277777778 0.7555338541666666 0.08984375 0.7609592013888888 0.04535590277777779 0.8013338783914727 0.001953125 0.9975043402777777 0.001953125 1.0 0.004448784722222321 0.9996744791666666 0.26236979166666674
5 0.9020182291666666 0.8580729166666666 0.854275173611111 0.8135850694444444 0.834743923611111 0.7962239583333333 0.8510199652777778 0.7853732638888888 0.8466796875 0.7669270833333333 0.8304036458333333 0.7842881944444444 0.8108723958333333 0.7756076388888888 0.7935112847222222 0.7506510416666666 0.7804904513888888 0.7430555555555556 0.7837456597222222 0.7625868055555556 0.795681423611111 0.7918836805555556 0.8184678819444444 0.8092447916666666 0.8325737847222222 0.8342013888888888 0.8531901041666666 0.8537326388888888 0.8553602430555555 0.8689236111111112 0.8759765625 0.8743489583333333 0.8889973958333333 0.8656684027777778
5 0.9953342013888888 0.8960503472222222 0.9758029513888888 0.9123263888888888 0.9454210069444444 0.8776041666666666 0.932400173611111 0.8396267361111112 0.9671223958333333 0.8548177083333333 0.9877387152777777 0.8559027777777778 1.0 0.8559027777777778 1.0 0.8938802083333333
1 0.9953342013888888 0.6139322916666667 0.9801432291666666 0.578125 0.9877387152777777 0.5542534722222223 0.9584418402777777 0.5434027777777778 0.951931423611111 0.4945746527777778 0.9541015625 0.45768229166666674 0.9671223958333333 0.43923611111111116 0.9964192708333333 0.4403211805555556 0.9975043402777777 0.4273003472222222 0.961697048611111 0.42404513888888895 0.9432508680555555 0.3914930555555556 0.9692925347222222 0.35568576388888895 0.9985894097222222 0.353515625 0.9996744791666666 0.48372395833333337 0.9985894097222222 0.587890625 0.9985894097222222 0.6030815972222223
5 0.9063585069444444 0.9796006944444444 0.9074435763888888 0.9557291666666666 0.8727213541666666 0.9351128472222222 0.873806423611111 0.9112413194444444 0.8716362847222222 0.8960503472222222 0.8401692708333333 0.8982204861111112 0.8412543402777778 0.9112413194444444 0.8662109375 0.91015625 0.8651258680555555 0.927517361111111 0.8390842013888888 0.927517361111111 0.8293185763888888 0.9329427083333333 0.844509548611111 0.9448784722222222 0.8618706597222222 0.94921875 0.8868272569444444 0.9546440972222222 0.8965928819444444 0.9720052083333334
5 0.844509548611111 0.5466579861111112 0.8423394097222222 0.48372395833333337 0.8260633680555555 0.4848090277777778 0.8076171875 0.502170138888889 0.8076171875 0.5162760416666667 0.8108723958333333 0.5379774305555556 0.8141276041666666 0.5542534722222223
0 0.619900173611111 0.5119357638888888 0.6155598958333333 0.48806423611111116 0.5949435763888888 0.48806423611111116 0.5960286458333333 0.5141059027777778 0.6079644097222222 0.529296875
0 0.5840928819444444 0.51953125 0.580837673611111 0.4891493055555556 0.571072048611111 0.48806423611111116 0.5526258680555556 0.49674479166666674 0.5406901041666666 0.49674479166666674 0.5396050347222222 0.5065104166666667 0.5461154513888888 0.5108506944444444 0.5580512152777778 0.5065104166666667 0.5656467013888888 0.5119357638888888 0.5754123263888888 0.5271267361111112
0 0.5287543402777778 0.48806423611111116 0.541775173611111 0.47287326388888895 0.5428602430555556 0.45876736111111116 0.5276692708333333 0.451171875 0.512478298611111 0.4620225694444444 0.512478298611111 0.4750434027777778 0.5157335069444444 0.48046875
1 0.6969401041666666 0.995876736111111 0.6633029513888888 0.9437934027777778 0.6383463541666666 0.9611545138888888 0.6188151041666666 0.98828125 0.6242404513888888 0.9969618055555556 0.6363932291666667 1.0 0.6752387152777778 0.998046875
1 0.5189887152777778 0.9991319444444444 0.5168185763888888 0.9166666666666666 0.48860677083333326 0.8841145833333333 0.4994574652777778 0.7799479166666666 0.4669053819444444 0.6833767361111112 0.4603949652777778 0.63671875 0.4560546875 0.5640190972222223 0.45822482638888884 0.49674479166666674 0.43435329861111116 0.3871527777777778 0.4126519097222221 0.3578559027777778 0.4224175347222221 0.3448350694444444 0.43001302083333326 0.33723958333333337 0.43001302083333326 0.29817708333333337 0.3887803819444444 0.2699652777777778 0.3638237847222221 0.2894965277777778 0.3627387152777777 0.31770833333333337 0.32693142361111116 0.2992621527777778 0.30305989583333326 0.2862413194444444 0.2802734375 0.25802951388888895 0.2520616319444444 0.24609375 0.22384982638888884 0.24826388888888895 0.2314453125 0.26888020833333337 0.23361545138888884 0.3057725694444444 0.23253038194444442 0.32638888888888895 0.20974392361111116 0.32638888888888895 0.1826171875 0.3036024305555556 0.15766059027777768 0.2862413194444444 0.1240234375 0.2808159722222222 0.08821614583333326 0.29275173611111116 0.08713107638888884 0.26779513888888895 0.0947265625 0.2265625 0.03070746527777768 0.16037326388888895 0.002495659722222099 0.1625434027777778 0.002495659722222099 0.41861979166666674 0.002495659722222099 0.8428819444444444 0.002495659722222099 0.998046875 0.10340711805555558 0.9991319444444444 0.23274739583333504 1.0 0.44845920138888884 0.9991319444444444 0.49012586805555614 1.0
5 0.7023654513888888 0.17447916666666674 0.698025173611111 0.14952256944444453 0.6806640625 0.1484375 0.6763237847222222 0.16037326388888895 0.6860894097222222 0.17013888888888895
5 0.795681423611111 0.4609375 0.7794053819444444 0.44357638888888895 0.7739800347222222 0.4717881944444444 0.7577039930555555 0.45768229166666674 0.7479383680555555 0.421875 0.746853298611111 0.3687065972222222 0.7631293402777778 0.3741319444444444 0.7772352430555555 0.39583333333333337 0.7924262152777778 0.38932291666666674 0.8162977430555555 0.4012586805555556 0.8130425347222222 0.4207899305555556 0.8195529513888888 0.4424913194444444 0.8076171875 0.4457465277777778
1 0.2271050347222221 0.3253038194444444 0.20648871527777768 0.32204861111111116 0.18478732638888884 0.30143229166666674 0.16417100694444442 0.2862413194444444 0.14572482638888884 0.2797309027777778 0.12510850694444442 0.2797309027777778 0.0903862847222221 0.2905815972222222 0.08713107638888884 0.27322048611111116 0.0903862847222221 0.25260416666666674 0.09581163194444442 0.23524305555555558 0.0947265625 0.2211371527777778 0.0317925347222221 0.15603298611111116 0.001953125 0.15901692708333337 0.0024846437887759976 0.001953125 0.001953125 0.0021802039521963135 0.36599392361111116 0.001953125000000111 0.37033420138888884 0.01280381944444453 0.39095052083333326 0.07573784722222221 0.37033420138888884 0.09526909722222221 0.2900390625 0.03667534722222221 0.2759331597222221 0.04535590277777779 0.2759331597222221 0.05295138888888895 0.29763454861111116 0.08550347222222221 0.28786892361111116 0.11588541666666674 0.2900390625 0.1625434027777778 0.26399739583333326 0.1636284722222222 0.2564019097222221 0.13541666666666674 0.24772135416666674 0.12456597222222221 0.24446614583333326 0.13758680555555558 0.24338107638888884 0.158203125 0.2412109375 0.16688368055555558 0.23578559027777768 0.17447916666666674 0.2271050347222221 0.17556423611111116 0.2173394097222221 0.17447916666666674 0.21516927083333326 0.1625434027777778 0.1978081597222221 0.16145833333333337 0.18478732638888884 0.16579861111111116 0.1728515625 0.1723090277777778 0.16525607638888884 0.18532986111111116 0.15657552083333326 0.22439236111111116 0.17393663194444442 0.24826388888888895 0.19129774305555558 0.25802951388888895 0.21950954861111116 0.25911458333333337 0.22493489583333326 0.2601996527777778 0.22927517361111116 0.2743055555555556 0.22819010416666674 0.294921875 0.22927517361111116 0.30794270833333337
