5 0.003580729166666685 0.06488715277777779 0.04806857638888895 0.10503472222222224 0.08387586805555558 0.17664930555555558 0.13053385416666674 0.31119791666666663 0.13053385416666674 0.412109375 0.1240234375 0.5509982638888888 0.15223524305555558 0.7039930555555556 0.20323350694444453 0.7918836805555555 0.26725260416666674 0.8157552083333333 0.3388671875 0.8287760416666666 0.33561197916666674 0.7994791666666666 0.22276475694444453 0.7734375 0.18587239583333337 0.7191840277777778 0.1587456597222222 0.6258680555555556 0.1435546875 0.490234375 0.14463975694444453 0.4490017361111111 0.15223524305555558 0.3513454861111111 0.14680989583333337 0.2710503472222222 0.09689670138888895 0.15386284722222224 0.05349392361111116 0.07682291666666669 0.00032552083333337034 0.03667534722222224
5 0.35080295138888895 0.8580729166666666 0.35080295138888895 0.9058159722222222 0.34103732638888895 0.9047309027777778 0.3432074652777778 0.927517361111111 0.36165364583333337 0.976345486111111 0.37033420138888895 0.995876736111111 0.3790147569444444 0.9904513888888888 0.3725043402777778 0.9481336805555555 0.37575954861111116 0.8819444444444444 0.35188802083333337 0.8700086805555555
3 0.2954644097222222 0.6985677083333333 0.3768446180555556 0.5206163194444444 0.4473741319444444 0.585720486111111 0.45279947916666674 0.5911458333333333 0.37467447916666674 0.7690972222222222 0.31608072916666674 0.732204861111111 0.29763454861111116 0.7115885416666666
5 0.4256727430555556 0.5336371527777778 0.4180772569444444 0.5542534722222222 0.4365234375 0.575954861111111 0.45279947916666674 0.5889756944444444 0.43435329861111116 0.6486545138888888 0.44954427083333337 0.666015625 0.4712456597222222 0.6193576388888888 0.48318142361111116 0.5998263888888888 0.47233072916666674 0.5846354166666666 0.4766710069444444 0.5726996527777778 0.4669053819444444 0.5640190972222222 0.44954427083333337 0.5672743055555556 0.44411892361111116 0.5596788194444444 0.43869357638888895 0.5412326388888888
1 0.00032552083333337034 0.6909722222222222 0.06651475694444453 0.6953125 0.11751302083333337 0.7105034722222222 0.13704427083333337 0.7821180555555555 0.15223524305555558 0.810329861111111 0.1826171875 0.7994791666666666 0.21516927083333337 0.8211805555555555 0.24229600694444453 0.8667534722222222 0.24446614583333337 0.91015625 0.23904079861111116 0.9546440972222222 0.1986661216085273 0.998046875 0.0024956597222222654 0.998046875 0.0 0.9955512152777777 0.00032552083333337034 0.7376302083333333
5 0.09798177083333337 0.14192708333333334 0.14572482638888895 0.18641493055555555 0.16525607638888895 0.20377604166666669 0.1489800347222222 0.21462673611111113 0.1533203125 0.23307291666666669 0.16959635416666674 0.21571180555555555 0.18912760416666674 0.22439236111111113 0.2064887152777778 0.24934895833333334 0.21950954861111116 0.2569444444444444 0.2162543402777778 0.23741319444444445 0.20431857638888895 0.20811631944444445 0.18153211805555558 0.19075520833333334 0.1674262152777778 0.16579861111111113 0.14680989583333337 0.14626736111111113 0.14463975694444453 0.1310763888888889 0.1240234375 0.12565104166666669 0.11100260416666674 0.13433159722222224
5 0.0046657986111111605 0.10394965277777779 0.02419704861111116 0.08767361111111112 0.05457899305555558 0.12239583333333334 0.06759982638888895 0.1603732638888889 0.032877604166666685 0.14518229166666669 0.012261284722222265 0.14409722222222224 0.0 0.14409722222222224 0.0 0.10611979166666669
1 0.0046657986111111605 0.3860677083333333 0.01985677083333337 0.421875 0.012261284722222265 0.44574652777777773 0.041558159722222265 0.4565972222222222 0.04806857638888895 0.5054253472222222 0.0458984375 0.5423177083333333 0.032877604166666685 0.5607638888888888 0.003580729166666685 0.5596788194444444 0.0024956597222222654 0.5726996527777778 0.03830295138888895 0.575954861111111 0.05674913194444453 0.6085069444444444 0.03070746527777779 0.644314236111111 0.0014105902777777901 0.646484375 0.00032552083333337034 0.5162760416666666 0.0014105902777777901 0.412109375 0.0014105902777777901 0.39691840277777773
5 0.09364149305555558 0.020399305555555566 0.09255642361111116 0.04427083333333335 0.12727864583333337 0.06488715277777779 0.12619357638888895 0.08875868055555557 0.1283637152777778 0.10394965277777779 0.15983072916666674 0.1017795138888889 0.1587456597222222 0.08875868055555557 0.1337890625 0.08984375000000001 0.13487413194444453 0.07248263888888891 0.16091579861111116 0.07248263888888891 0.17068142361111116 0.06705729166666669 0.15549045138888895 0.05512152777777779 0.1381293402777778 0.050781250000000014 0.11317274305555558 0.04535590277777779 0.10340711805555558 0.027994791666666678
5 0.15549045138888895 0.45334201388888884 0.1576605902777778 0.5162760416666666 0.17393663194444453 0.5151909722222222 0.1923828125 0.49782986111111105 0.1923828125 0.4837239583333333 0.18912760416666674 0.4620225694444444 0.18587239583333337 0.44574652777777773
0 0.38009982638888895 0.4880642361111111 0.38444010416666674 0.5119357638888888 0.40505642361111116 0.5119357638888888 0.40397135416666674 0.4858940972222222 0.3920355902777778 0.470703125
0 0.4159071180555556 0.48046875 0.41916232638888895 0.5108506944444444 0.42892795138888895 0.5119357638888888 0.4473741319444444 0.5032552083333333 0.45930989583333337 0.5032552083333333 0.4603949652777778 0.4934895833333333 0.45388454861111116 0.4891493055555555 0.4419487847222222 0.4934895833333333 0.43435329861111116 0.4880642361111111 0.42458767361111116 0.47287326388888884
0 0.4712456597222222 0.5119357638888888 0.45822482638888895 0.527126736111111 0.4571397569444444 0.5412326388888888 0.47233072916666674 0.548828125 0.48752170138888895 0.5379774305555556 0.48752170138888895 0.5249565972222222 0.4842664930555556 0.51953125
1 0.30305989583333337 0.0041232638888889 0.33669704861111116 0.05620659722222224 0.36165364583333337 0.038845486111111126 0.38118489583333337 0.011718750000000012 0.37575954861111116 0.0030381944444444566 0.3636067708333333 0.0 0.3247612847222222 0.0019531250000000126
1 0.4810112847222222 0.0008680555555555677 0.48318142361111116 0.08333333333333334 0.5113932291666667 0.11588541666666669 0.5005425347222222 0.22005208333333334 0.5330946180555556 0.3166232638888889 0.5396050347222222 0.36328125 0.5439453125 0.43598090277777773 0.5417751736111112 0.5032552083333333 0.5656467013888888 0.6128472222222222 0.5873480902777779 0.6421440972222222 0.5775824652777779 0.6551649305555556 0.5699869791666667 0.6627604166666666 0.5699869791666667 0.7018229166666666 0.6112196180555556 0.7300347222222222 0.6361762152777779 0.7105034722222222 0.6372612847222223 0.6822916666666666 0.6730685763888888 0.7007378472222222 0.6969401041666667 0.7137586805555556 0.7197265625 0.741970486111111 0.7479383680555556 0.75390625 0.7761501736111112 0.751736111111111 0.7685546875 0.7311197916666666 0.7663845486111112 0.6942274305555556 0.7674696180555556 0.673611111111111 0.7902560763888888 0.673611111111111 0.8173828125 0.6963975694444444 0.8423394097222223 0.7137586805555556 0.8759765625 0.7191840277777778 0.9117838541666667 0.7072482638888888 0.9128689236111112 0.732204861111111 0.9052734375 0.7734375 0.9692925347222223 0.839626736111111 0.9975043402777779 0.8374565972222222 0.9975043402777779 0.5813802083333333 0.9975043402777779 0.15711805555555558 0.9975043402777779 0.0019531250000000126 0.8965928819444444 0.0008680555555555677 0.767252604166665 1.0842021724855044e-19 0.5515407986111112 0.0008680555555555677 0.5098741319444439 1.0842021724855044e-19
5 0.29763454861111116 0.8255208333333333 0.30197482638888895 0.8504774305555555 0.3193359375 0.8515625 0.3236762152777778 0.839626736111111 0.3139105902777778 0.829861111111111
5 0.20431857638888895 0.5390625 0.22059461805555558 0.556423611111111 0.2260199652777778 0.5282118055555556 0.24229600694444453 0.5423177083333333 0.25206163194444453 0.578125 0.25314670138888895 0.6312934027777778 0.2368706597222222 0.6258680555555556 0.22276475694444453 0.6041666666666666 0.2075737847222222 0.6106770833333333 0.18370225694444453 0.5987413194444444 0.1869574652777778 0.5792100694444444 0.18044704861111116 0.5575086805555556 0.1923828125 0.5542534722222222
1 0.7728949652777779 0.6746961805555556 0.7935112847222223 0.6779513888888888 0.8152126736111112 0.6985677083333333 0.8358289930555556 0.7137586805555556 0.8542751736111112 0.7202690972222222 0.8748914930555556 0.7202690972222222 0.9096137152777779 0.7094184027777778 0.9128689236111112 0.7267795138888888 0.9096137152777779 0.7473958333333333 0.9041883680555556 0.7647569444444444 0.9052734375 0.7788628472222222 0.9682074652777779 0.8439670138888888 0.998046875 0.8409830729166666 0.997515356211224 0.998046875 0.998046875 0.9978197960478037 0.6340060763888888 0.9980468749999999 0.6296657986111112 0.9871961805555555 0.6090494791666667 0.9242621527777778 0.6296657986111112 0.9047309027777778 0.7099609375 0.9633246527777778 0.7240668402777779 0.9546440972222222 0.7240668402777779 0.947048611111111 0.7023654513888888 0.9144965277777778 0.7121310763888888 0.8841145833333333 0.7099609375 0.8374565972222222 0.7360026041666667 0.8363715277777778 0.7435980902777779 0.8645833333333333 0.7522786458333333 0.8754340277777778 0.7555338541666667 0.8624131944444444 0.7566189236111112 0.841796875 0.7587890625 0.8331163194444444 0.7642144097222223 0.8255208333333333 0.7728949652777779 0.8244357638888888 0.7826605902777779 0.8255208333333333 0.7848307291666667 0.8374565972222222 0.8021918402777779 0.8385416666666666 0.8152126736111112 0.8342013888888888 0.8271484375 0.8276909722222222 0.8347439236111112 0.8146701388888888 0.8434244791666667 0.7756076388888888 0.8260633680555556 0.751736111111111 0.8087022569444444 0.741970486111111 0.7804904513888888 0.7408854166666666 0.7750651041666667 0.7398003472222222 0.7707248263888888 0.7256944444444444 0.7718098958333333 0.705078125 0.7707248263888888 0.6920572916666666
