3 0.5731087773224044 0.4455686475409836 0.5005336407103824 0.48025529371584696 0.4898608265027322 0.4461022882513661 0.5624359631147541 0.4076801571038251
3 0.4962645150273224 0.3708589480874317 0.3900700136612022 0.4199538934426229 0.33190317622950816 0.22197318989071035 0.3548497267759563 0.20703125 0.40234375 0.1915556693989071 0.43489583333333337 0.3030865778688524 0.47491888661202186 0.29294740437158473
3 0.6516870667244368 0.11381607452339693 0.6381472053726169 0.06913453206239173 0.6097134965337956 0.11855502599653389 0.6269768197573657 0.14224978336221838
3 0.5457376516464472 0.08707484835355295 0.497671143847487 0.0765814558058926 0.49597866117850953 0.05627166377816295 0.48853173743500866 0.05356369150779905 0.48311579289428075 0.04679376083188913 0.4800693240901214 0.0430702989601387 0.4780383448873484 0.03528487868284236 0.4827772963604853 0.0034662045060659397 0.555215554592721 0.01903704506065862 0.556569540727903 0.05356369150779905
3 0.0028147977941176405 0.6611328125 0.01832490808823528 0.6416015625 0.06945082720588236 0.6289636948529411 0.0855353860294118 0.6243681066176471 0.09070542279411764 0.6048368566176471 0.0751953125 0.6002412683823529 0.06485523897058831 0.5847311580882353 0.0654296875 0.5743910845588236 0.07059972426470595 0.5606043198529411 0.08093979779411764 0.5433708639705882 0.11196001838235292 0.5422219669117647 0.12574678308823528 0.5416475183823529 0.1349379595588236 0.5416475183823529 0.1441291360294118 0.5370519301470589 0.08725873161764708 0.4485868566176471 0.05738740808823528 0.47041590073529416 0.03211167279411764 0.48190487132352944 0.005687040441176516 0.48075597426470595 0.001953125 0.4858901079963236 0.001953125 0.6622817095588236
3 0.9713350183823529 0.2906135110294118 0.9811006433823529 0.20961626838235303 0.9529526654411765 0.19640395220588236 0.9351447610294118 0.2796989889705883
3 0.9851217830882353 0.1435546875 0.9696116727941176 0.15963924632352944 0.9495059742647058 0.14585248161764708 0.9650160845588236 0.11770450367647067
3 0.9765050551470589 0.4692670036764707 0.9535271139705882 0.5272863051470589 0.9328469669117647 0.5514131433823529 0.8995289522058824 0.5215418198529411 0.9133157169117647 0.4865004595588236 0.9035500919117647 0.4646714154411765 0.9069967830882353 0.45260799632352944 0.8983800551470589 0.4480124080882354 0.9081456801470589 0.43077895220588236 0.9190602022058824 0.4284811580882354 0.9460592830882353 0.4393956801470589 0.9523782169117647 0.45203354779411764 0.9661649816176471 0.4589269301470589
3 0.8759765625 0.9994829963235294 0.8822954963235294 0.9385914522058824 0.9087201286764706 0.9512293198529412 0.9299747242647058 0.9443359375 0.9339958639705882 0.9156135110294118 0.9380170036764706 0.9081456801470589 0.9793772977941176 0.9069967830882353 0.9793772977941176 0.9288258272058824 0.9977596507352942 0.9328469669117647 0.9983340992647058 0.9994829963235294
4 0.9977596507352942 0.9253791360294118 0.9989085477941176 0.8868910845588236 0.9523782169117647 0.8765510110294118 0.9483570772058824 0.9069967830882353 0.9816750919117647 0.9046989889705882 0.9828239889705882 0.9282513786764706
4 0.526711856617647 0.5445197610294117 0.5450942095588236 0.5186695772058824 0.5330307904411764 0.5008616727941176 0.5060317095588236 0.5313074448529411 0.5198184742647058 0.5479664522058824
0 0.4072265625 0.18893612132352944 0.4261833639705883 0.1740004595588236 0.47213924632352944 0.17687270220588236 0.546243106617647 0.20961626838235303 0.5858800551470589 0.24580652573529416 0.6082835477941176 0.2894646139705883 0.6295381433823529 0.3612706801470589 0.6352826286764706 0.4095243566176471 0.6249425551470589 0.46122472426470595 0.6088579963235294 0.5112017463235294 0.5858800551470589 0.5640510110294117 0.5393497242647058 0.6697495404411764 0.556008731617647 0.6766429227941176 0.5910500919117647 0.6025390625 0.6295381433823529 0.5152228860294117 0.6496438419117647 0.46352251838235303 0.6571116727941176 0.4158432904411765 0.6536649816176471 0.3486328125 0.6427504595588236 0.3118681066176471 0.6031135110294117 0.22340303308823528 0.5709443933823529 0.19065946691176472 0.5255629595588236 0.1636603860294118 0.47041590073529416 0.1441291360294118 0.3876953125 0.15504365808823528 0.3492072610294118 0.17974494485294124 0.3612706801470589 0.20099954044117652
5 0.35120738636363635 0.6178977272727273 0.31924715909090917 0.6086647727272727 0.31924715909090917 0.5461647727272727 0.3178267045454546 0.5056818181818181 0.30859375 0.47443181818181823 0.29651988636363635 0.4303977272727273 0.30646306818181823 0.42542613636363635 0.3227982954545455 0.41122159090909094 0.3306107954545455 0.40198863636363635 0.3256392045454546 0.38565340909090906 0.3235085227272727 0.36505681818181823 0.31285511363636365 0.3423295454545454 0.2858664772727273 0.34090909090909094 0.2794744318181819 0.34730113636363635 0.26740056818181823 0.296875 0.2453835227272727 0.2571022727272727 0.23259943181818188 0.24005681818181823 0.2524857954545455 0.22017045454545459 0.25106534090909094 0.19105113636363635 0.2688210227272727 0.18536931818181823 0.2844460227272727 0.19815340909090906 0.3000710227272727 0.21519886363636365 0.31285511363636365 0.22940340909090906 0.3263494318181819 0.30823863636363635 0.31995738636363635 0.32528409090909094 0.32848011363636365 0.34801136363636365 0.33629261363636365 0.3586647727272727 0.3547585227272727 0.4517045454545454 0.35120738636363635 0.47230113636363635 0.36115056818181823 0.4857954545454546 0.37393465909090917 0.5276988636363636 0.37393465909090917 0.5681818181818181 0.36825284090909094 0.5958806818181819
2 0.3934899845916795 0.8302556818181819 0.35186043432203384 0.825244968220339 0.34377407550077044 0.7869318181818181 0.3363016419491526 0.7544028072033898 0.357314931556196 0.7175454791066282 0.36373146186440675 0.671484375 0.39556739936440677 0.6458984375 0.4010361493644068 0.67578125 0.4096835955502074 0.7215705249244714 0.41880958686440684 0.759765625 0.4221298993644068 0.7759765625 0.4254502118644068 0.7904829545454546 0.42877052436440677 0.80703125 0.4098252118644068 0.8238636363636364
2 0.24893465909090917 0.18465909090909094 0.21697443181818188 0.11434659090909094 0.19637784090909094 0.10227272727272729 0.14737215909090917 0.09161931818181823 0.12393465909090917 0.09232954545454541 0.06640625 0.042613636363636354 0.05007102272727271 0.013494318181818232 0.059688683712121327 0.001953125 0.001953125 0.001953125 0.001953125 0.2913431677018633 0.01960403726708071 0.2974087732919255 0.017177795031055876 0.25131017080745344 0.02809588509316785 0.23068711180124224 0.060850155279503104 0.23311335403726707 0.08147321428571441 0.24039208074534157 0.08389945652173925 0.2779988354037267 0.109375 0.2840644409937888 0.14091614906832306 0.31439246894409933 0.09562556407942235 0.38444833032490977 0.10479185469314078 0.3922044223826715 0.13440602436823113 0.3541290613718412 0.1663916925465838 0.3762616459627329 0.1773097826086958 0.38475349378881984 0.1785229037267082 0.4078027950310559 0.19065411490683237 0.4284258540372671 0.16881793478260865 0.44904891304347827 0.171875 0.45909926470588236 0.1796875 0.4517463235294118 0.20128676470588236 0.46553308823529416 0.21139705882352944 0.4793198529411765 0.21047794117647056 0.4921875 0.20818014705882348 0.5050551470588236 0.2045036764705882 0.5243566176470589 0.19255514705882348 0.5399816176470589 0.1796875 0.5634191176470589 0.1640625 0.5891544117647058 0.17601102941176472 0.5983455882352942 0.18841911764705888 0.6006433823529411 0.21185661764705888 0.5928308823529411 0.22702205882352944 0.6020220588235294 0.22931985294117652 0.6208639705882353 0.22058823529411764 0.6557904411764706 0.23207720588235292 0.6599264705882353 0.24816176470588236 0.6378676470588236 0.2513786764705882 0.6107536764705883 0.25827205882352944 0.5914522058823529 0.2568933823529411 0.5298713235294117 0.24908088235294112 0.5022977941176471 0.24402573529411764 0.4880514705882353 0.2329963235294118 0.47702205882352944 0.22610294117647056 0.4646139705882353 0.22380514705882348 0.4540441176470589 0.22472426470588236 0.44347426470588236 0.22702205882352944 0.4347426470588235 0.22380514705882348 0.4255514705882353 0.24034926470588236 0.41727941176470584 0.2564338235294118 0.421875 0.25965073529411764 0.421875 0.2748161764705882 0.4476102941176471 0.2757352941176471 0.4696691176470589 0.2697610294117647 0.4829963235294118 0.25597426470588236 0.49034926470588236 0.2509191176470589 0.49954044117647056 0.25735294117647056 0.5317095588235294 0.2601102941176471 0.5376838235294117 0.2775735294117647 0.53125 0.29227941176470584 0.5386029411764706 0.2945772058823529 0.5560661764705883 0.2927389705882353 0.5735294117647058 0.2826286764705882 0.5868566176470589 0.2605698529411765 0.5923713235294117 0.2522977941176471 0.6125919117647058 0.2509191176470589 0.6213235294117647 0.28125 0.6047794117647058 0.3069852941176471 0.6098345588235294 0.3152573529411765 0.6098345588235294 0.3175551470588235 0.6089154411764706 0.3189338235294118 0.5459558823529411 0.3166360294117647 0.5064338235294117 0.3069852941176471 0.4751838235294118 0.29641544117647056 0.4384191176470589 0.28308823529411764 0.43795955882352944 0.2771139705882353 0.4296875 0.27022058823529416 0.4209558823529411 0.2670036764705882 0.4053308823529411 0.265625 0.390625 0.2665441176470589 0.37959558823529416 0.26884191176470584 0.36764705882352944 0.27665441176470584 0.35477941176470584 0.2784926470588235 0.3515625 0.26608455882352944 0.2977941176470589 0.2435661764705882 0.25827205882352944 0.23207720588235292 0.2408088235294118 0.22610294117647056 0.24724264705882348 0.21599264705882348 0.24172794117647056 0.20358455882352944 0.2329963235294118 0.19623161764705888 0.22104779411764708 0.19255514705882348 0.21415441176470584 0.18704044117647056 0.20358455882352944 0.1875 0.1939338235294118 0.19301470588235292 0.18795955882352944 0.20634191176470584 0.18152573529411764 0.23253676470588236 0.18060661764705888 0.23667279411764708 0.18198529411764708
2 0.2521398207720589 0.17889763327205888 0.2657829733455883 0.17315314797794124 0.2704503676470589 0.15412454044117652 0.2779900045955883 0.13294175091911775 0.2783490349264707 0.1246840533088236 0.31640625 0.11929859834558831 0.3383071001838236 0.11139993106617652 0.34907801011029416 0.1106818704044118 0.3688246783088236 0.12612017463235303 0.38390395220588236 0.1376091452205883 0.38749425551470595 0.14622587316176472 0.38677619485294124 0.15125229779411775 0.3390251608455883 0.16453642003676472 0.3171243106617647 0.17028090533088236 0.3207146139705883 0.20690199908088236 0.3271771599264707 0.21839096966911775 0.3512321920955883 0.298095703125 0.32825425091911764 0.3085075827205883 0.31353400735294124 0.22808478860294124 0.3009679457720589 0.21228745404411775 0.2840935202205883 0.19505399816176472 0.26973230698529416 0.1839240579044118 0.25249885110294124 0.18895048253676472 0.24783145680147067 0.17925666360294124
2 0.39000746783088236 0.1534064797794118 0.38677619485294124 0.1315056295955883 0.42411534926470595 0.12935144761029416 0.4517606847426471 0.11606732536764708 0.46432674632352944 0.10350126378676472 0.4657628676470589 0.08339556525735303 0.4786879595588236 0.07334271599264708 0.4916130514705883 0.07190659466911775 0.4959214154411765 0.07908720128676472 0.5153090533088236 0.08662683823529416 0.5318244485294118 0.09955193014705888 0.5447495404411765 0.11606732536764708 0.5846019071691178 0.17494829963235303 0.6011173023897058 0.20869715073529416 0.5982450597426471 0.21480066636029416 0.57275390625 0.18930951286764708 0.528952205882353 0.1613051470588236 0.4697122012867647 0.14155847886029416
2 0.41298540900735303 0.0026137408088235947 0.41442153033088236 0.019488166360294157 0.41298540900735303 0.03708065257352944 0.4377585018382353 0.04102998621323539 0.4646857766544118 0.038157743566176516 0.4776108685661765 0.02918198529411775 0.48047706438660986 0.001953125 0.41190831801470595 0.001953125
1 0.493408203125 0.06831629136029416 0.4901769301470589 0.05610926011029416 0.48263729319852944 0.051800896139705954 0.47473862591911764 0.03492647058823539 0.4639677159926471 0.04067095588235303 0.4395536534926471 0.04282513786764708 0.4115492876838236 0.038875804227941235 0.41190831801470595 0.020565257352941235 0.40909893954633747 0.001953125 0.06257180606617652 0.001953125 0.05323701746323539 0.013743681066176516 0.0679572610294118 0.04174804687500011 0.12504308363970595 0.09093520220588247 0.14873908547794124 0.08878102022058831 0.19684914981617652 0.09883386948529416 0.21767290900735303 0.11175896139705888 0.2467543658088236 0.17674345128676472 0.2639878216911765 0.17135799632352944 0.26793715533088236 0.15412454044117652 0.27583582261029416 0.1333007812500001 0.2761948529411765 0.12324793198529416 0.31604721966911775 0.11750344669117652 0.3372300091911765 0.10888671875000011 0.3480009191176471 0.10745059742647067 0.37169692095588236 0.1254021139705883 0.38318589154411764 0.13401884191176472 0.383544921875 0.12935144761029416 0.4244743795955883 0.1264792049632354 0.4499655330882353 0.11391314338235303 0.4621725643382353 0.10242417279411775 0.46324965533088236 0.08160041360294124 0.4779698988970589 0.07118853400735303
1 0.2947840632603407 0.42594282238442827 0.3171190693430658 0.41216164841849157 0.3280489659367397 0.39790526155717765 0.32139598540145986 0.38032238442822386 0.3218711982968371 0.3689172749391728 0.31141651459854025 0.3465822688564477 0.2876558698296837 0.34373099148418496 0.28052767639902687 0.3537104622871047 0.27482512165450124 0.36226429440389296 0.27054820559610715 0.37081812652068136 0.27007299270072993 0.37984717153284675 0.27054820559610715 0.3964796228710463 0.27054820559610715 0.4126368613138687 0.2733994829683699 0.4230915450121655 0.2867054440389295 0.4363975060827251 0.292407998783455 0.4325958029197081
1 0.2638952250608273 0.4820179440389295 0.27102341849148426 0.47013762165450124 0.27102341849148426 0.450653892944039 0.2629447992700731 0.43354622871046233 0.2548661800486619 0.42594282238442827 0.24441149635036508 0.4226163321167884 0.23300638686131392 0.4235667579075426 0.23063032238442827 0.4283188868613139 0.23110553527980537 0.43782314476885653 0.2282542579075426 0.4511291058394161 0.2282542579075426 0.4592077250608273 0.23110553527980537 0.4682367700729927 0.23585766423357668 0.4734641119221411 0.24773798661800495 0.4872452858880779 0.25249011557177625 0.48914613746958646
1 0.28052767639902687 0.583713503649635 0.28955672141119226 0.5699323296836983 0.2909823600973237 0.5537750912408759 0.2909823600973237 0.5385682785888078 0.27957725060827254 0.535241788321168 0.26199437347931875 0.5409443430656935 0.25771745742092467 0.5637545620437956 0.26104394768856454 0.5894160583941606 0.27434990875912413 0.5865647810218979
1 0.9995247871046229 0.14224072384428232 0.9672103102189781 0.11040145985401462 0.9448753041362531 0.14366636253041365 0.9448753041362531 0.17170392335766427 0.9391727493917275 0.2230269160583942 0.9334701946472019 0.27482512165450124 0.9344206204379562 0.2914575729927008 0.9211146593673966 0.3237720498783455 0.889275395377129 0.35276003649635046 0.9215898722627738 0.37604546836982977 0.9334701946472019 0.39695483576642343 0.9282428527980535 0.4178642031630171 0.9187385948905109 0.42451718369829683 0.9059078467153285 0.4278436739659368 0.8926018856447688 0.45255474452554745 0.9011557177615572 0.45588123479318743 0.90068050486618 0.46681113138686137 0.9101847627737226 0.4862948600973236 0.8949779501216545 0.5219358272506083 0.9348958333333334 0.5561511557177616 0.9567556265206812 0.5295392335766425 0.9800410583941606 0.4687119829683699 1.0 0.45160431873479323 1.0 0.7044175790754258 0.9714872262773723 0.7134466240875912 0.9733880778588808 0.738632907542579 0.9862188260340633 0.7467115267639903 0.9942974452554745 0.749562804136253 0.9985743613138686 0.75669099756691 1.0 0.7928071776155718 0.9724376520681265 0.7776003649635037 0.9662598844282239 0.7756995133819952 0.962933394160584 0.7885302615571776 0.9520034975669099 0.793282390510949 0.9377471107055961 0.7989849452554745 0.915412104622871 0.8046875 0.9044822080291971 0.8065883515815085 0.8902258211678832 0.8061131386861314 0.8916514598540146 0.8474566605839416 0.8878497566909975 0.8797711374695864 0.8745437956204379 0.9206394464720195 0.8631386861313869 0.9524787104622872 0.8560104927007299 0.9971487226277372 0.8569609184914841 0.9995247871046229 0.13036040145985406 1.0 0.001953125 1.0 0.001953125 0.6689340876436782 0.02350484913793105 0.6453618893678161 0.06882702464788726 0.6327574823943662 0.08739546654929575 0.628631161971831 0.09633582746478864 0.6024977992957746 0.07983054577464788 0.599059198943662 0.07020246478873238 0.5846170774647887 0.06813930457746475 0.5763644366197183 0.07089018485915488 0.5653609154929577 0.082581426056338 0.5467924735915493 0.11765514964788726 0.5467924735915493 0.13622359154929575 0.5461047535211268 0.14929027288732388 0.539915272887324 0.08808318661971826 0.4443221830985915 0.04200594190140838 0.4326309419014084 0.0234375 0.40856073943661964 0.0034936179577463866 0.4147502200704225 0.0028058978873238827 0.2964623679577465 0.022749779929577385 0.30265184859154926 0.020686619718309762 0.25451144366197176 0.027563820422535135 0.238006161971831 0.05919894366197176 0.23731844190140838 0.07707966549295775 0.24557108274647887 0.07983054577464788 0.28339568661971826 0.10665162852112675 0.288209727112676 0.13484815140845063 0.3136553697183099 0.08945862676056338 0.3865536971830985 0.10733934859154926 0.3968694982394366 0.13484815140845063 0.3583571742957746 0.17267275528169013 0.384490536971831 0.17679907570422526 0.40993617957746475 0.18436399647887325 0.42781690140845063 0.16235695422535212 0.4518871038732394 0.16923415492957739 0.4649537852112676 0.18298855633802813 0.45876430457746475 0.20499559859154926 0.47595730633802813 0.2001815580985915 0.5199713908450704 0.190553477112676 0.5364766725352113 0.17473591549295775 0.5632977552816901 0.15823063380281688 0.5908065580985915 0.17267275528169013 0.6052486795774648 0.18849031690140838 0.6031855193661972 0.209809639084507 0.5963083186619718 0.22356404049295775 0.6038732394366197 0.22425176056338025 0.621066241197183 0.21599911971830987 0.659578565140845 0.23112896126760563 0.6650803257042253 0.2503851232394366 0.6416978433098591 0.25313600352112675 0.6238171214788732 0.28202024647887325 0.6114381602112675 0.3049689301152738 0.6156677773775217 0.34923763217522663 0.8266026246223566 0.3970331382175226 0.8360437122356495 0.43125708081571 0.8083105173716012 0.3964430702416919 0.6442716200906344 0.3657595354984894 0.6678743391238671 0.35572837990936557 0.6177185611782477 0.4135550415407855 0.5480905400302115 0.4352162278543307 0.4959630290354331 0.4686654158464567 0.49788539616141736 0.4794306717519685 0.5117264394685039 0.4740480437992126 0.5467135211614174 0.4675119955708662 0.5763179749015748 0.46674304872047245 0.6059224286417323 0.46558962844488194 0.6262995201771653 0.49096487450787407 0.5993863804133859 0.5098040723425197 0.6013087475393701 0.5586321973425197 0.6213013656496063 0.5367172121062992 0.6724363312007874 0.5582477239173229 0.6782034325787402 0.5928503321850394 0.6051534817913387 0.632451094980315 0.5155711737204725 0.6532126599409449 0.4617448941929134 0.6597487081692913 0.4129167691929134 0.6570573941929134 0.3483252337598425 0.6439852977362205 0.3091089443897638 0.604000061515748 0.21952663631889768 0.6024621678149606 0.21337506151574803 0.6036155880905512 0.20453217273622049 0.5413308932086613 0.1053380290354331 0.5159556471456692 0.08419199064960636 0.5486358882874016 0.08880567175196852 0.5594011441929134 0.05420306348425197 0.5582477239173229 0.016140194389763773 0.48596671998031493 0.0022991510826771977 0.6485989788385826 0.0022991510826771977 0.6393716166338583 0.0645838459645669 0.6059224286417323 0.11917907234251968 0.6282218873031495 0.14493879183070868 0.6539816067913387 0.1149498646653544 0.6389871432086613 0.06573726624015752 0.6485356673464096 0.001953125 1.0 0.001953125
2 0.9678133325932504 0.11336450932504438 0.9997294071936057 0.14389292850799296 0.999382493339254 0.3562042073712256 0.9986886656305506 0.4474425510657194 0.9775269205150977 0.46582898534635886 0.966078763321492 0.45542156971580816 0.953936778419183 0.4505647757548845 0.9466515874777975 0.4353005661634103 0.9213268761101243 0.42801537522202493 0.9310404640319716 0.42073018428063946 0.9348565164298401 0.39609930062166965 0.9230614453818827 0.37389681394316165 0.8921861123445826 0.35308198268206037 0.9244491007992895 0.32532887433392543 0.9369379995559503 0.29271897202486685 0.9352034302841918 0.2850868672291297 0.9740577819715808 0.29341279973357015 0.9830775421847247 0.20321519760213147 0.9469985013321492 0.19142012655417406 0.9459577597690941 0.14701515319715808 0.970588643428064 0.16297319049733572 0.9879343361456483 0.14181144538188284
1 0.3338628112033195 0.751231846473029 0.30387707468879666 0.614269968879668 0.32089600622406633 0.6110282676348548 0.35290780601659744 0.6219690093360996 0.3630381224066389 0.6665424014522822 0.35533908195020747 0.7171939834024896
1 0.5377895875763747 0.31025649185336057 0.5306294551934827 0.2883783095723015 0.5274471741344195 0.2740580448065173 0.5381873727087576 0.2601355651731161 0.5266516038696538 0.24541751527494915 0.5131269093686355 0.2394507382892057 0.4940332230142567 0.2382573828920571 0.478121817718941 0.2434285896130347 0.474143966395112 0.2553621435845215 0.4793151731160896 0.2768425407331976 0.48170188391038704 0.2840026731160896 0.4860775203665988 0.3030963594704684 0.4924420824847251 0.31542769857433817 0.5011933553971486 0.3241789714867618 0.5155136201629328 0.32736125254582493 0.5314250254582484 0.3186099796334012
1 0.5533032077393075 0.39975814663951126 0.5274471741344195 0.4097027749490836 0.5167069755600815 0.40771384928716903 0.5135246945010183 0.38981351832993894 0.5075579175152749 0.37310654276985744 0.5139224796334012 0.3571951374745418 0.5210826120162932 0.3544106415478615 0.5338117362525459 0.3468527240325866 0.544154149694501 0.3369080957230143 0.5449497199592668 0.32696346741344195 0.5473364307535642 0.3202011201629328 0.5548943482688391 0.31821219450101834 0.5600655549898167 0.3186099796334012 0.5692146130346232 0.3313391038696538 0.5688168279022403 0.33969259164969456 0.562452265784114 0.3480460794297353 0.5505187118126273 0.35520621181262735 0.5572810590631364 0.374697683299389 0.5596677698574337 0.38583566700611005
2 0.371117617107943 0.5938772912423624 0.3774821792260693 0.5656345468431772 0.3762888238289206 0.5238671079429735 0.3631619144602851 0.4836908095723015 0.3774821792260693 0.4757351069246436 0.38185781568228105 0.46101705702647666 0.38583566700611005 0.4462990071283096 0.40254264256619143 0.43834330448065173 0.40095150203665986 0.41765847759674135 0.49960221486761713 0.37191318737270884 0.4773262474541752 0.29673179735234223 0.47653067718940945 0.2903672352342159 0.437547734215886 0.30031186354378825 0.4033382128309573 0.19330766293279023 0.45465249490835036 0.2179703411405296 0.4769284623217923 0.28877609470468435 0.4896575865580448 0.3174166242362526 0.5011933553971486 0.32736125254582493 0.5198892566191446 0.3293501782077394 0.533413951120163 0.32059890529531576 0.5409718686354379 0.31144984725050917 0.5461430753564154 0.3174166242362526 0.5409718686354379 0.33491917006109984 0.53301616598778 0.34367044297352345 0.5127291242362525 0.35520621181262735 0.5059667769857434 0.37151540224032586 0.5095468431771895 0.39060908859470467 0.5143202647657841 0.4093049898167006 0.5282427443991853 0.411691700610998 0.5568832739307535 0.4001559317718941 0.5620544806517311 0.3878245926680245 0.5815459521384929 0.3723109725050917 0.6145621181262728 0.37151540224032586 0.6137665478615071 0.42044297352342164 0.6058108452138493 0.4645971232179227 0.5747836048879837 0.5226737525458248 0.5727946792260692 0.44948128818737276 0.5 0.4844863798370672 0.48687309063136464 0.44311672606924646 0.5636456211812627 0.4053271384928717 0.5747836048879837 0.4478901476578412 0.5735902494908349 0.525856033604888 0.592286150712831 0.5449497199592668 0.5592699847250509 0.6185399694501018 0.5107401985743381 0.599446283095723 0.48925980142566194 0.5974573574338085 0.46738161914460286 0.6229156059063137 0.4693705448065173 0.5767725305498981 0.47653067718940945 0.5489275712830957 0.48170188391038704 0.5095468431771895 0.4988066446028514 0.525458248472505 0.5302316700610998 0.4832930244399186 0.5584744144602851 0.5151158350305498 0.5163091904276986 0.5759769602851323 0.4872708757637475 0.5429607942973523 0.4988066446028514 0.5238671079429735 0.48050852851323833 0.5087512729124236 0.47016611507128314 0.49681771894093685 0.4335698828920571 0.49443100814663954 0.4120894857433809 0.5461430753564154
5 0.40771384928716903 0.19171652240325865 0.42680753564154794 0.17620290224032586 0.470563900203666 0.17819182790224042 0.5453475050916496 0.21041242362525459 0.5835348778004072 0.24700865580448073 0.6062086303462322 0.2895716649694502 0.6272912423625254 0.3607752036659878 0.6336558044806517 0.41010056008146645 0.6225178207739308 0.46101705702647666 0.6070042006109979 0.5099446283095723 0.5930817209775967 0.5421652240325865 0.5767725305498981 0.5262538187372708 0.6081975560081466 0.46380155295315684 0.6157554735234216 0.4208407586558045 0.6161532586558045 0.3695264765784114 0.5823415224032586 0.37032204684317727 0.5616566955193483 0.38583566700611005 0.5533032077393075 0.35759292260692466 0.5640434063136456 0.3504327902240326 0.5708057535641547 0.33849923625254585 0.5708057535641547 0.3313391038696538 0.5616566955193483 0.31542769857433817 0.5489275712830957 0.31542769857433817 0.5393807281059063 0.3074719959266803 0.5306294551934827 0.27724032586558045 0.5421652240325865 0.2585444246435845 0.529038314663951 0.2446219450101833 0.5147180498981669 0.2358706720977597 0.49522657841140527 0.23467731670061098 0.4769284623217923 0.2410418788187373 0.47135947046843185 0.25416878818737276 0.45624363543788193 0.21598141547861516
2 0.08443108305509184 0.4466884912353922 0.057367748330550916 0.4665784119365609 0.029000156510851416 0.4796209828881469 0.0038932074290484175 0.47831672579298823 0.001953125 0.41688078220645597 0.022478871035058412 0.41147354966611016 0.040738470367278734 0.43429804883138556
2 0.9995017538265306 0.8824139030612245 0.9990035076530612 0.7942243303571428 0.9701052295918368 0.7817681760204082 0.9646245216836735 0.791733099489796 0.9043367346938775 0.8106664540816326 0.8933753188775511 0.8106664540816326 0.8933753188775511 0.8485331632653061 0.8898875956632653 0.8819156568877551 0.8769331951530612 0.9227718431122449 0.8659717793367347 0.9551578443877551 0.8594945790816326 0.9985052614795918 0.8744419642857143 0.9985052614795918 0.8824139030612245 0.9342315051020408 0.9078244579081632 0.9486806441326531 0.9252630739795918 0.9436981823979592 0.9312420280612245 0.9157963966836735 0.9357262436224489 0.9053332270408163 0.9456911670918368 0.9013472576530612 0.9491788903061225 0.8729472257653061
5 0.3853400735294117 0.41816570378151263 0.3537454044117647 0.43621980042016806 0.33938419117647056 0.3599002100840336 0.365234375 0.35087316176470584
1 0.36400341386554624 0.3467699579831932 0.3422564338235293 0.3553866859243697 0.33076746323529405 0.35087316176470584 0.3217404149159664 0.3266642594537815 0.32748490021008403 0.31066176470588236 0.35251444327731085 0.30122439600840334
1 0.40134256827731085 0.43704044117647056 0.39806000525210083 0.4202173056722689 0.38821231617647056 0.42226890756302515 0.3836987920168067 0.4210379464285714 0.36482405462184875 0.4321165966386554 0.3767233455882353 0.44770877100840334 0.3705685399159664 0.45181197478991597 0.36031053046218486 0.4514016544117647 0.35333508403361347 0.47109703256302515 0.3607208508403361 0.4821756827731092 0.37631302521008403 0.4743795955882353 0.3836987920168067 0.4436055672268907
