3 0.6174812030075187 0.7276198308270676 0.7202772556390977 0.4720982142857143 0.7026550751879699 0.45447603383458646 0.6718162593984962 0.4324483082706767 0.6468515037593985 0.49412593984962405 0.6233552631578947 0.4794407894736842 0.5778312969924811 0.5939849624060151 0.6042645676691729 0.6262922932330828 0.592516447368421 0.6791588345864662 0.5675516917293233 0.690906954887218
2 0.3531484962406015 0.40307800751879697 0.40160949248120303 0.26210056390977443 0.3854558270676691 0.2209821428571428 0.3369948308270677 0.26210056390977443 0.3134985902255639 0.32671522556390975 0.30615601503759393 0.3560855263157895 0.3369948308270677 0.37517622180451127
2 0.2738486842105262 0.5469924812030076 0.2209821428571429 0.5234962406015038 0.20776550751879708 0.504405545112782 0.22538768796992492 0.4720982142857143 0.2444783834586467 0.4720982142857143 0.3046875 0.5 0.2929393796992481 0.5264332706766918 0.28706531954887216 0.5337758458646616
2 0.22245065789473684 0.6644736842105263 0.18573778195488722 0.7202772556390977 0.15049342105263153 0.7804863721804511 0.11671757518796999 0.8245418233082706 0.09615836466165406 0.8230733082706767 0.0814732142857143 0.7775493421052632 0.0814732142857143 0.7408364661654135 0.0932213345864662 0.6953125 0.11231203007518797 0.6321663533834587 0.12406015037593987 0.6116071428571428 0.15636748120300747 0.6365718984962406
1 0.33112077067669177 0.4838463345864661 0.27091165413533835 0.4838463345864661 0.23566729323308266 0.45888157894736836 0.2209821428571429 0.4236372180451128 0.25916353383458646 0.3737077067669172 0.3002819548872181 0.3604910714285714 0.34286889097744355 0.38692434210526316 0.34286889097744355 0.4441964285714285
1 0.2444783834586467 0.6351033834586466 0.18573778195488722 0.6321663533834587 0.14021381578947378 0.601327537593985 0.14315084586466165 0.5411184210526316 0.19014332706766923 0.5411184210526316 0.19161184210526316 0.5323073308270676 0.22979323308270672 0.5323073308270676 0.26650610902255634 0.5543350563909775 0.26650610902255634 0.5778312969924813
1 0.7261513157894737 0.4720982142857143 0.6130756578947368 0.7569901315789473 1.0 0.9958866003787878 0.9992959969087891 0.001953125000000222 0.5440554511278195 0.005110432330827086 0.45888157894736836 0.19161184210526316 0.7423049812030075 0.37811325187969924
1 0.5616776315789473 0.43097979323308266 0.5837053571428571 0.3560855263157895 0.5499295112781954 0.31937265037593987 0.5337758458646616 0.3883928571428571
1 0.9948895676691729 0.9963580827067668 0.17986372180451127 0.9934210526315789 0.1651785714285715 0.8744713345864661 0.19014332706766923 0.798108552631579 0.2327302631578948 0.7276198308270676 0.29000234962406013 0.6277608082706767 0.3531484962406015 0.5646146616541354 0.3839873120300752 0.6130756578947368 0.44566494360902253 0.6042645676691729 0.44125939849624063 0.5690202067669173 0.4676926691729323 0.5660831766917294 0.48237781954887216 0.5939849624060151 0.5014685150375939 0.6160126879699248 0.5014685150375939 0.6630051691729324 0.5234962406015038 0.6615366541353384 0.5293703007518796 0.6233552631578947 0.5396499060150376 0.5910479323308271 0.5499295112781954 0.5837053571428572 0.5704887218045113 0.605733082706767 0.5837053571428571 0.6189497180451128 0.5792998120300752 0.6600681390977443 0.5704887218045113 0.6791588345864662 0.5660831766917293 0.699718045112782 0.6145441729323308 0.7320253759398496 0.6013275375939849 0.7672697368421052
1 0.40307800751879697 0.5220277255639099 0.4530075187969924 0.495594454887218 0.46622415413533835 0.4530075187969924 0.48678336466165417 0.4118890977443609 0.4809093045112782 0.3737077067669172 0.4603500939849624 0.3810502819548872 0.43832236842105265 0.41042058270676685 0.4236372180451128 0.4324483082706767 0.41042058270676696 0.43391682330827064 0.397203947368421 0.47356672932330823 0.38986137218045114 0.5
1 0.5146851503759399 0.307624530075188 0.5293703007518796 0.27825422932330823 0.5088110902255639 0.25182095864661647 0.4809093045112782 0.25475798872180444 0.46181860902255634 0.2855968045112782 0.4750352443609023 0.3046875 0.49412593984962405 0.3090930451127819
2 0.37811325187969924 0.5205592105263158 0.43097979323308266 0.5337758458646616 0.5 0.5367128759398496 0.5469924812030075 0.5249647556390977 0.5572720864661654 0.45741306390977443 0.5528665413533834 0.43391682330827064 0.5279017857142857 0.400140977443609 0.5190906954887218 0.37811325187969924 0.5293703007518796 0.3516799812030075 0.5367128759398496 0.31056156015037595 0.5249647556390977 0.30321898496240596 0.5088110902255639 0.31790413533834583 0.4794407894736842 0.3252467105263157 0.4603500939849624 0.307624530075188 0.45007048872180455 0.31496710526315785 0.41776315789473684 0.3795817669172932 0.41482612781954886 0.4133576127819548 0.42951127819548873 0.4118890977443609 0.4397908834586466 0.38986137218045114 0.46622415413533835 0.36342810150375937 0.4911889097744361 0.36342810150375937 0.495594454887218 0.4016094924812029 0.495594454887218 0.42951127819548873 0.4750352443609023 0.45741306390977443 0.4676926691729323 0.48531484962406013 0.4530075187969924 0.5073425751879699 0.41776315789473684 0.5220277255639099
0 0.3604910714285714 0.5558035714285714 0.42657424812030076 0.5719572368421053 0.4441964285714286 0.5587406015037595 0.4720982142857143 0.5543350563909775 0.48678336466165417 0.5748942669172932 0.5205592105263158 0.5763627819548872 0.5352443609022556 0.5602091165413534 0.5543350563909775 0.5499295112781954 0.5719572368421052 0.5411184210526316 0.589579417293233 0.5513980263157895 0.6027960526315789 0.5234962406015038 0.5851738721804511 0.5014685150375939 0.5866423872180451 0.4765037593984962 0.595453477443609 0.4559445488721804 0.6189497180451128 0.4133576127819548 0.6453829887218044 0.41776315789473684 0.6615366541353384 0.43097979323308266 0.6967810150375939 0.4412593984962405 0.7173402255639098 0.4559445488721804 0.7364309210526315 0.3927984022556391 0.7085291353383458 0.3604910714285714 0.6483200187969924 0.33846334586466165 0.6174812030075187 0.3164356203007519 0.5778312969924811 0.2841282894736842 0.5425869360902256 0.2723801691729323 0.5146851503759399 0.2415413533834586 0.45741306390977443 0.20042293233082709 0.44125939849624063 0.25916353383458646 0.4530075187969924 0.2738486842105263 0.4750352443609023 0.24300986842105265 0.5176221804511278 0.26210056390977443 0.5308388157894737 0.29000234962406013 0.5455239661654135 0.3046875 0.589579417293233 0.3531484962406015 0.5719572368421052 0.4236372180451128 0.5587406015037594 0.4765037593984962 0.5455239661654135 0.5323073308270676 0.49412593984962405 0.5469924812030076 0.41776315789473684 0.5381813909774436 0.3648966165413534 0.5220277255639099 0.3795817669172932 0.48237781954887216 0.400140977443609 0.42951127819548873 0.41042058270676696 0.38986137218045114 0.3648966165413534 0.48972039473684204 0.3237781954887218 0.5558035714285714
1 0.002173402255639112 0.7070606203007519 0.06531954887218039 0.6321663533834587 0.11084351503759404 0.5631461466165414 0.1769266917293234 0.44566494360902253 0.21951362781954897 0.35902255639097747 0.3531484962406015 0.15196193609022557 0.41042058270676696 0.06385103383458646 0.44566494360902253 0.002173402255639001 0.001953125 0.0036234408785443817
0 0.5073425751879699 0.009515977443608992 0.4280427631578947 0.2929393796992481 0.3575540413533834 0.4838463345864661 0.2929393796992481 0.5910479323308271 0.1725211466165414 0.8245418233082706 0.15930451127819556 0.8671287593984962 0.15636748120300747 0.9449600563909775 0.16664708646616544 0.9904840225563909 0.16664708646616544 1.0 0.001953125 0.999357291857693 0.006578947368421129 0.790765977443609 0.06825657894736847 0.7437734962406015 0.07559915413533835 0.8127937030075187 0.12259163533834594 0.8304158834586466 0.1651785714285715 0.789297462406015 0.1974859022556391 0.7334938909774436 0.2444783834586467 0.6380404135338347 0.28706531954887216 0.5719572368421053 0.32230968045112784 0.48678336466165406 0.3355263157894737 0.4794407894736842 0.3487429511278195 0.4559445488721804 0.35461701127819545 0.43391682330827064 0.3604910714285714 0.4118890977443609 0.37077067669172936 0.39132988721804507 0.3795817669172932 0.3604910714285714 0.39426691729323304 0.3281837406015037 0.404546522556391 0.26650610902255634 0.3927984022556391 0.21951362781954886 0.38986137218045114 0.19454887218045114 0.4207001879699248 0.11671757518796988 0.4251057330827067 0.08441024436090228 0.43832236842105265 0.05210291353383456 0.47797227443609025 0.012453007518796966
0 0.5014685150375939 0.009515977443608992 0.4971468850698173 0.001953125 0.4486019736842105 0.0036419172932330435 0.43391682330827064 0.04182330827067671 0.3458059210526315 0.18280075187969924 0.22979323308270672 0.37077067669172925 0.14021381578947378 0.5249647556390977 0.04329182330827075 0.7026550751879699 0.001953125 0.725756112477886 0.002173402255639112 0.784891917293233 0.062382518796992525 0.7437734962406015 0.08000469924812037 0.7305568609022557 0.08441024436090216 0.6791588345864662 0.1137805451127819 0.6130756578947368 0.12699718045112773 0.5939849624060151 0.13580827067669177 0.5499295112781954 0.14021381578947378 0.5396499060150376 0.17545817669172925 0.5352443609022557 0.20042293233082698 0.4911889097744361 0.21217105263157887 0.46622415413533835 0.204828477443609 0.43832236842105254 0.24741541353383456 0.36342810150375937 0.28265977443609025 0.34286889097744355 0.31937265037593987 0.28265977443609025 0.35902255639097747 0.22391917293233077 0.37811325187969924 0.21070253759398494 0.39867246240601506 0.1416823308270676 0.41776315789473684 0.09909539473684204 0.43391682330827064 0.05944548872180455 0.4632871240601504 0.013921522556391008
