3 0.38251879699248126 0.7276198308270676 0.2797227443609023 0.4720982142857143 0.2973449248120301 0.45447603383458646 0.3281837406015038 0.4324483082706767 0.3531484962406015 0.49412593984962405 0.3766447368421053 0.4794407894736842 0.42216870300751885 0.5939849624060151 0.3957354323308271 0.6262922932330828 0.407483552631579 0.6791588345864662 0.4324483082706767 0.690906954887218
2 0.6468515037593985 0.40307800751879697 0.598390507518797 0.26210056390977443 0.6145441729323309 0.2209821428571428 0.6630051691729323 0.26210056390977443 0.6865014097744361 0.32671522556390975 0.6938439849624061 0.3560855263157895 0.6630051691729323 0.37517622180451127
2 0.7261513157894738 0.5469924812030076 0.7790178571428571 0.5234962406015038 0.7922344924812029 0.504405545112782 0.7746123120300751 0.4720982142857143 0.7555216165413533 0.4720982142857143 0.6953125 0.5 0.7070606203007519 0.5264332706766918 0.7129346804511278 0.5337758458646616
2 0.7775493421052632 0.6644736842105263 0.8142622180451128 0.7202772556390977 0.8495065789473685 0.7804863721804511 0.88328242481203 0.8245418233082706 0.9038416353383459 0.8230733082706767 0.9185267857142857 0.7775493421052632 0.9185267857142857 0.7408364661654135 0.9067786654135338 0.6953125 0.887687969924812 0.6321663533834587 0.8759398496240601 0.6116071428571428 0.8436325187969925 0.6365718984962406
1 0.6688792293233082 0.4838463345864661 0.7290883458646616 0.4838463345864661 0.7643327067669173 0.45888157894736836 0.7790178571428571 0.4236372180451128 0.7408364661654135 0.3737077067669172 0.6997180451127819 0.3604910714285714 0.6571311090225564 0.38692434210526316 0.6571311090225564 0.4441964285714285
1 0.7555216165413533 0.6351033834586466 0.8142622180451128 0.6321663533834587 0.8597861842105262 0.601327537593985 0.8568491541353384 0.5411184210526316 0.8098566729323308 0.5411184210526316 0.8083881578947368 0.5323073308270676 0.7702067669172933 0.5323073308270676 0.7334938909774437 0.5543350563909775 0.7334938909774437 0.5778312969924813
1 0.2738486842105263 0.4720982142857143 0.38692434210526316 0.7569901315789473 0.0 0.9958866003787878 0.0007040030912109094 0.001953125000000222 0.4559445488721805 0.005110432330827086 0.5411184210526316 0.19161184210526316 0.2576950187969925 0.37811325187969924
1 0.43832236842105265 0.43097979323308266 0.4162946428571429 0.3560855263157895 0.45007048872180455 0.31937265037593987 0.46622415413533835 0.3883928571428571
1 0.005110432330827086 0.9963580827067668 0.8201362781954887 0.9934210526315789 0.8348214285714285 0.8744713345864661 0.8098566729323308 0.798108552631579 0.7672697368421052 0.7276198308270676 0.7099976503759399 0.6277608082706767 0.6468515037593985 0.5646146616541354 0.6160126879699248 0.6130756578947368 0.5543350563909775 0.6042645676691729 0.5587406015037594 0.5690202067669173 0.5323073308270677 0.5660831766917294 0.5176221804511278 0.5939849624060151 0.49853148496240607 0.6160126879699248 0.49853148496240607 0.6630051691729324 0.4765037593984962 0.6615366541353384 0.47062969924812037 0.6233552631578947 0.4603500939849624 0.5910479323308271 0.45007048872180455 0.5837053571428572 0.42951127819548873 0.605733082706767 0.4162946428571429 0.6189497180451128 0.4207001879699248 0.6600681390977443 0.42951127819548873 0.6791588345864662 0.43391682330827075 0.699718045112782 0.38545582706766923 0.7320253759398496 0.39867246240601506 0.7672697368421052
1 0.596921992481203 0.5220277255639099 0.5469924812030076 0.495594454887218 0.5337758458646616 0.4530075187969924 0.5132166353383458 0.4118890977443609 0.5190906954887218 0.3737077067669172 0.5396499060150376 0.3810502819548872 0.5616776315789473 0.41042058270676685 0.5763627819548872 0.4324483082706767 0.589579417293233 0.43391682330827064 0.602796052631579 0.47356672932330823 0.6101386278195489 0.5
1 0.48531484962406013 0.307624530075188 0.47062969924812037 0.27825422932330823 0.4911889097744361 0.25182095864661647 0.5190906954887218 0.25475798872180444 0.5381813909774437 0.2855968045112782 0.5249647556390977 0.3046875 0.505874060150376 0.3090930451127819
2 0.6218867481203008 0.5205592105263158 0.5690202067669173 0.5337758458646616 0.5 0.5367128759398496 0.4530075187969925 0.5249647556390977 0.44272791353383456 0.45741306390977443 0.4471334586466166 0.43391682330827064 0.4720982142857143 0.400140977443609 0.4809093045112782 0.37811325187969924 0.47062969924812037 0.3516799812030075 0.4632871240601504 0.31056156015037595 0.4750352443609023 0.30321898496240596 0.4911889097744361 0.31790413533834583 0.5205592105263158 0.3252467105263157 0.5396499060150376 0.307624530075188 0.5499295112781954 0.31496710526315785 0.5822368421052632 0.3795817669172932 0.5851738721804511 0.4133576127819548 0.5704887218045113 0.4118890977443609 0.5602091165413534 0.38986137218045114 0.5337758458646616 0.36342810150375937 0.5088110902255639 0.36342810150375937 0.504405545112782 0.4016094924812029 0.504405545112782 0.42951127819548873 0.5249647556390977 0.45741306390977443 0.5323073308270677 0.48531484962406013 0.5469924812030076 0.5073425751879699 0.5822368421052632 0.5220277255639099
0 0.6395089285714286 0.5558035714285714 0.5734257518796992 0.5719572368421053 0.5558035714285714 0.5587406015037595 0.5279017857142857 0.5543350563909775 0.5132166353383458 0.5748942669172932 0.4794407894736842 0.5763627819548872 0.4647556390977444 0.5602091165413534 0.44566494360902253 0.5499295112781954 0.4280427631578948 0.5411184210526316 0.41042058270676696 0.5513980263157895 0.39720394736842113 0.5234962406015038 0.41482612781954886 0.5014685150375939 0.41335761278195493 0.4765037593984962 0.404546522556391 0.4559445488721804 0.3810502819548872 0.4133576127819548 0.35461701127819556 0.41776315789473684 0.33846334586466165 0.43097979323308266 0.30321898496240607 0.4412593984962405 0.28265977443609025 0.4559445488721804 0.2635690789473685 0.3927984022556391 0.29147086466165417 0.3604910714285714 0.3516799812030076 0.33846334586466165 0.38251879699248126 0.3164356203007519 0.42216870300751885 0.2841282894736842 0.45741306390977443 0.2723801691729323 0.48531484962406013 0.2415413533834586 0.5425869360902256 0.20042293233082709 0.5587406015037594 0.25916353383458646 0.5469924812030076 0.2738486842105263 0.5249647556390977 0.24300986842105265 0.48237781954887216 0.26210056390977443 0.4691611842105263 0.29000234962406013 0.45447603383458646 0.3046875 0.41042058270676696 0.3531484962406015 0.4280427631578948 0.4236372180451128 0.44125939849624063 0.4765037593984962 0.45447603383458646 0.5323073308270676 0.505874060150376 0.5469924812030076 0.5822368421052632 0.5381813909774436 0.6351033834586466 0.5220277255639099 0.6204182330827068 0.48237781954887216 0.599859022556391 0.42951127819548873 0.589579417293233 0.38986137218045114 0.6351033834586466 0.48972039473684204 0.6762218045112782 0.5558035714285714
1 0.9978265977443609 0.7070606203007519 0.9346804511278196 0.6321663533834587 0.889156484962406 0.5631461466165414 0.8230733082706766 0.44566494360902253 0.780486372180451 0.35902255639097747 0.6468515037593985 0.15196193609022557 0.589579417293233 0.06385103383458646 0.5543350563909775 0.002173402255639001 0.998046875 0.0036234408785443817
0 0.4926574248120301 0.009515977443608992 0.5719572368421053 0.2929393796992481 0.6424459586466166 0.4838463345864661 0.7070606203007519 0.5910479323308271 0.8274788533834586 0.8245418233082706 0.8406954887218044 0.8671287593984962 0.8436325187969925 0.9449600563909775 0.8333529135338346 0.9904840225563909 0.8333529135338346 1.0 0.998046875 0.999357291857693 0.9934210526315789 0.790765977443609 0.9317434210526315 0.7437734962406015 0.9244008458646616 0.8127937030075187 0.8774083646616541 0.8304158834586466 0.8348214285714285 0.789297462406015 0.8025140977443609 0.7334938909774436 0.7555216165413533 0.6380404135338347 0.7129346804511278 0.5719572368421053 0.6776903195488722 0.48678336466165406 0.6644736842105263 0.4794407894736842 0.6512570488721805 0.4559445488721804 0.6453829887218046 0.43391682330827064 0.6395089285714286 0.4118890977443609 0.6292293233082706 0.39132988721804507 0.6204182330827068 0.3604910714285714 0.605733082706767 0.3281837406015037 0.595453477443609 0.26650610902255634 0.6072015977443609 0.21951362781954886 0.6101386278195489 0.19454887218045114 0.5792998120300752 0.11671757518796988 0.5748942669172933 0.08441024436090228 0.5616776315789473 0.05210291353383456 0.5220277255639098 0.012453007518796966
0 0.49853148496240607 0.009515977443608992 0.5028531149301827 0.001953125 0.5513980263157895 0.0036419172932330435 0.5660831766917294 0.04182330827067671 0.6541940789473685 0.18280075187969924 0.7702067669172933 0.37077067669172925 0.8597861842105262 0.5249647556390977 0.9567081766917293 0.7026550751879699 0.998046875 0.725756112477886 0.9978265977443609 0.784891917293233 0.9376174812030075 0.7437734962406015 0.9199953007518796 0.7305568609022557 0.9155897556390978 0.6791588345864662 0.8862194548872181 0.6130756578947368 0.8730028195488723 0.5939849624060151 0.8641917293233082 0.5499295112781954 0.8597861842105262 0.5396499060150376 0.8245418233082707 0.5352443609022557 0.799577067669173 0.4911889097744361 0.7878289473684211 0.46622415413533835 0.795171522556391 0.43832236842105254 0.7525845864661654 0.36342810150375937 0.7173402255639098 0.34286889097744355 0.6806273496240601 0.28265977443609025 0.6409774436090225 0.22391917293233077 0.6218867481203008 0.21070253759398494 0.6013275375939849 0.1416823308270676 0.5822368421052632 0.09909539473684204 0.5660831766917294 0.05944548872180455 0.5367128759398496 0.013921522556391008
