3 0.6174812030075187 0.27238016917293234 0.7202772556390977 0.5279017857142857 0.7026550751879699 0.5455239661654135 0.6718162593984962 0.5675516917293233 0.6468515037593985 0.505874060150376 0.6233552631578947 0.5205592105263158 0.5778312969924811 0.40601503759398494 0.6042645676691729 0.3737077067669173 0.592516447368421 0.3208411654135338 0.5675516917293233 0.30909304511278196
2 0.3531484962406015 0.596921992481203 0.40160949248120303 0.7378994360902256 0.3854558270676691 0.7790178571428572 0.3369948308270677 0.7378994360902256 0.3134985902255639 0.6732847744360902 0.30615601503759393 0.6439144736842105 0.3369948308270677 0.6248237781954887
2 0.2738486842105262 0.45300751879699247 0.2209821428571429 0.4765037593984962 0.20776550751879708 0.49559445488721804 0.22538768796992492 0.5279017857142857 0.2444783834586467 0.5279017857142857 0.3046875 0.49999999999999994 0.2929393796992481 0.47356672932330823 0.28706531954887216 0.46622415413533835
2 0.22245065789473684 0.3355263157894737 0.18573778195488722 0.2797227443609023 0.15049342105263153 0.2195136278195489 0.11671757518796999 0.17545817669172936 0.09615836466165406 0.17692669172932332 0.0814732142857143 0.22245065789473686 0.0814732142857143 0.25916353383458646 0.0932213345864662 0.3046875 0.11231203007518797 0.36783364661654133 0.12406015037593987 0.38839285714285715 0.15636748120300747 0.36342810150375937
1 0.33112077067669177 0.5161536654135339 0.27091165413533835 0.5161536654135339 0.23566729323308266 0.5411184210526316 0.2209821428571429 0.5763627819548872 0.25916353383458646 0.6262922932330828 0.3002819548872181 0.6395089285714286 0.34286889097744355 0.6130756578947368 0.34286889097744355 0.5558035714285715
1 0.2444783834586467 0.36489661654135336 0.18573778195488722 0.36783364661654133 0.14021381578947378 0.398672462406015 0.14315084586466165 0.4588815789473684 0.19014332706766923 0.4588815789473684 0.19161184210526316 0.46769266917293234 0.22979323308270672 0.46769266917293234 0.26650610902255634 0.44566494360902253 0.26650610902255634 0.4221687030075188
1 0.7261513157894737 0.5279017857142857 0.6130756578947368 0.24300986842105265 1.0 0.004113399621212099 0.9992959969087891 0.9980468749999998 0.5440554511278195 0.9948895676691729 0.45888157894736836 0.8083881578947368 0.7423049812030075 0.6218867481203008
1 0.5616776315789473 0.5690202067669173 0.5837053571428571 0.6439144736842105 0.5499295112781954 0.6806273496240601 0.5337758458646616 0.6116071428571429
1 0.9948895676691729 0.0036419172932331094 0.17986372180451127 0.00657894736842108 0.1651785714285715 0.12552866541353386 0.19014332706766923 0.20189144736842107 0.2327302631578948 0.27238016917293234 0.29000234962406013 0.3722391917293233 0.3531484962406015 0.4353853383458646 0.3839873120300752 0.38692434210526316 0.44566494360902253 0.39573543233082703 0.44125939849624063 0.43097979323308266 0.4676926691729323 0.43391682330827064 0.48237781954887216 0.40601503759398494 0.5014685150375939 0.3839873120300752 0.5014685150375939 0.33699483082706766 0.5234962406015038 0.33846334586466165 0.5293703007518796 0.37664473684210525 0.5396499060150376 0.4089520676691729 0.5499295112781954 0.41629464285714285 0.5704887218045113 0.39426691729323304 0.5837053571428571 0.3810502819548872 0.5792998120300752 0.33993186090225563 0.5704887218045113 0.3208411654135338 0.5660831766917293 0.30028195488721804 0.6145441729323308 0.2679746240601504 0.6013275375939849 0.23273026315789477
1 0.40307800751879697 0.4779722744360902 0.4530075187969924 0.504405545112782 0.46622415413533835 0.5469924812030076 0.48678336466165417 0.5881109022556391 0.4809093045112782 0.6262922932330828 0.4603500939849624 0.6189497180451128 0.43832236842105265 0.5895794172932332 0.4236372180451128 0.5675516917293233 0.41042058270676696 0.5660831766917294 0.397203947368421 0.5264332706766918 0.38986137218045114 0.49999999999999994
1 0.5146851503759399 0.692375469924812 0.5293703007518796 0.7217457706766918 0.5088110902255639 0.7481790413533835 0.4809093045112782 0.7452420112781956 0.46181860902255634 0.7144031954887218 0.4750352443609023 0.6953125 0.49412593984962405 0.6909069548872181
2 0.37811325187969924 0.4794407894736842 0.43097979323308266 0.46622415413533835 0.5 0.4632871240601504 0.5469924812030075 0.4750352443609022 0.5572720864661654 0.5425869360902256 0.5528665413533834 0.5660831766917294 0.5279017857142857 0.599859022556391 0.5190906954887218 0.6218867481203008 0.5293703007518796 0.6483200187969925 0.5367128759398496 0.689438439849624 0.5249647556390977 0.696781015037594 0.5088110902255639 0.6820958646616542 0.4794407894736842 0.6747532894736843 0.4603500939849624 0.692375469924812 0.45007048872180455 0.6850328947368421 0.41776315789473684 0.6204182330827068 0.41482612781954886 0.5866423872180452 0.42951127819548873 0.5881109022556391 0.4397908834586466 0.6101386278195489 0.46622415413533835 0.6365718984962406 0.4911889097744361 0.6365718984962406 0.495594454887218 0.5983905075187971 0.495594454887218 0.5704887218045113 0.4750352443609023 0.5425869360902256 0.4676926691729323 0.5146851503759399 0.4530075187969924 0.49265742481203006 0.41776315789473684 0.4779722744360902
0 0.3604910714285714 0.44419642857142855 0.42657424812030076 0.42804276315789475 0.4441964285714286 0.4412593984962406 0.4720982142857143 0.44566494360902253 0.48678336466165417 0.42510573308270677 0.5205592105263158 0.4236372180451128 0.5352443609022556 0.4397908834586466 0.5543350563909775 0.4500704887218045 0.5719572368421052 0.4588815789473684 0.589579417293233 0.4486019736842105 0.6027960526315789 0.4765037593984962 0.5851738721804511 0.498531484962406 0.5866423872180451 0.5234962406015038 0.595453477443609 0.5440554511278196 0.6189497180451128 0.5866423872180452 0.6453829887218044 0.5822368421052632 0.6615366541353384 0.5690202067669173 0.6967810150375939 0.5587406015037595 0.7173402255639098 0.5440554511278196 0.7364309210526315 0.6072015977443609 0.7085291353383458 0.6395089285714286 0.6483200187969924 0.6615366541353384 0.6174812030075187 0.6835643796992481 0.5778312969924811 0.7158717105263158 0.5425869360902256 0.7276198308270677 0.5146851503759399 0.7584586466165414 0.45741306390977443 0.7995770676691729 0.44125939849624063 0.7408364661654135 0.4530075187969924 0.7261513157894737 0.4750352443609023 0.7569901315789473 0.5176221804511278 0.7378994360902256 0.5308388157894737 0.7099976503759399 0.5455239661654135 0.6953125 0.589579417293233 0.6468515037593985 0.5719572368421052 0.5763627819548872 0.5587406015037594 0.5234962406015038 0.5455239661654135 0.46769266917293234 0.49412593984962405 0.45300751879699247 0.41776315789473684 0.4618186090225564 0.3648966165413534 0.4779722744360902 0.3795817669172932 0.5176221804511278 0.400140977443609 0.5704887218045113 0.41042058270676696 0.6101386278195489 0.3648966165413534 0.510279605263158 0.3237781954887218 0.44419642857142855
1 0.002173402255639112 0.2929393796992481 0.06531954887218039 0.36783364661654133 0.11084351503759404 0.4368538533834586 0.1769266917293234 0.5543350563909775 0.21951362781954897 0.6409774436090225 0.3531484962406015 0.8480380639097744 0.41042058270676696 0.9361489661654135 0.44566494360902253 0.997826597744361 0.001953125 0.9963765591214556
0 0.5073425751879699 0.990484022556391 0.4280427631578947 0.7070606203007519 0.3575540413533834 0.5161536654135339 0.2929393796992481 0.4089520676691729 0.1725211466165414 0.17545817669172936 0.15930451127819556 0.1328712406015038 0.15636748120300747 0.05503994360902258 0.16664708646616544 0.009515977443609049 0.16664708646616544 1.734723475976807e-18 0.001953125 0.0006427081423070117 0.006578947368421129 0.209234022556391 0.06825657894736847 0.2562265037593985 0.07559915413533835 0.18720629699248123 0.12259163533834594 0.1695841165413534 0.1651785714285715 0.210702537593985 0.1974859022556391 0.2665061090225564 0.2444783834586467 0.3619595864661654 0.28706531954887216 0.42804276315789475 0.32230968045112784 0.5132166353383459 0.3355263157894737 0.5205592105263158 0.3487429511278195 0.5440554511278196 0.35461701127819545 0.5660831766917294 0.3604910714285714 0.5881109022556391 0.37077067669172936 0.6086701127819549 0.3795817669172932 0.6395089285714286 0.39426691729323304 0.6718162593984963 0.404546522556391 0.7334938909774437 0.3927984022556391 0.7804863721804511 0.38986137218045114 0.8054511278195489 0.4207001879699248 0.8832824248120301 0.4251057330827067 0.9155897556390977 0.43832236842105265 0.9478970864661654 0.47797227443609025 0.987546992481203
0 0.5014685150375939 0.990484022556391 0.4971468850698173 0.998046875 0.4486019736842105 0.996358082706767 0.43391682330827064 0.9581766917293233 0.3458059210526315 0.8171992481203008 0.22979323308270672 0.6292293233082707 0.14021381578947378 0.4750352443609022 0.04329182330827075 0.29734492481203006 0.001953125 0.274243887522114 0.002173402255639112 0.21510808270676693 0.062382518796992525 0.2562265037593985 0.08000469924812037 0.26944313909774437 0.08441024436090216 0.3208411654135338 0.1137805451127819 0.38692434210526316 0.12699718045112773 0.40601503759398494 0.13580827067669177 0.4500704887218045 0.14021381578947378 0.4603500939849624 0.17545817669172925 0.46475563909774437 0.20042293233082698 0.5088110902255639 0.21217105263157887 0.5337758458646616 0.204828477443609 0.5616776315789475 0.24741541353383456 0.6365718984962406 0.28265977443609025 0.6571311090225564 0.31937265037593987 0.7173402255639098 0.35902255639097747 0.7760808270676692 0.37811325187969924 0.7892974624060151 0.39867246240601506 0.8583176691729324 0.41776315789473684 0.900904605263158 0.43391682330827064 0.9405545112781954 0.4632871240601504 0.986078477443609
