5 0.8076171875 0.0019531250000000126 0.7555338541666667 0.05620659722222224 0.7370876736111112 0.07139756944444446 0.7012803819444444 0.08224826388888891 0.6307508680555556 0.07790798611111112 0.516818576388889 0.07899305555555557 0.42350260416666674 0.08224826388888891 0.37033420138888895 0.08658854166666669 0.2987196180555556 0.08875868055555557 0.21299913194444453 0.08333333333333334 0.12510850694444453 0.09092881944444446 0.09581163194444453 0.10720486111111112 0.07845052083333337 0.16145833333333334 0.03396267361111116 0.1625434027777778 0.03504774305555558 0.1115451388888889 6.938893903907228e-18 0.11438684778528531 0.00032552083333337034 0.09852430555555557 0.032877604166666685 0.08767361111111112 0.02746565286351169 0.0 0.7175564236111112 0.0 0.8032769097222223 0.0
5 0.0458984375 0.1896701388888889 0.0654296875 0.22222222222222224 0.0654296875 0.5282118055555556 0.023111979166666685 0.5542534722222222 0.03830295138888895 0.23415798611111113
5 0.02853732638888895 0.566189236111111 0.10123697916666674 0.5824652777777778 0.1381293402777778 0.6812065972222222 0.11208767361111116 0.6996527777777778 0.06108940972222221 0.6551649305555556 0.0458984375 0.63671875 0.01443142361111116 0.6486545138888888 0.01117621527777779 0.5922309027777778
5 0.7034505208333333 0.09309895833333334 0.7728949652777779 0.0920138888888889 0.7902560763888888 0.26236979166666663 0.7479383680555556 0.23198784722222224 0.7121310763888888 0.14952256944444445 0.6828342013888888 0.10937500000000001
5 0.7772352430555556 0.2862413194444444 0.8119574652777779 0.28949652777777773 0.8271484375 0.451171875 0.8390842013888888 0.5401475694444444 0.8076171875 0.5390625 0.7989366319444444 0.4305555555555555 0.7794053819444444 0.3524305555555555 0.7685546875 0.3036024305555555
5 0.8314887152777779 0.546657986111111 0.8521050347222223 0.5553385416666666 0.8390842013888888 0.685546875 0.8249782986111112 0.6790364583333333 0.8271484375 0.5889756944444444
5 0.14029947916666674 0.6801215277777778 0.20865885416666674 0.722439236111111 0.27159288194444453 0.7766927083333333 0.3052300347222222 0.820095486111111 0.29763454861111116 0.8407118055555555 0.37467447916666674 0.8776041666666666 0.3985460069444444 0.8342013888888888 0.4354383680555556 0.8678385416666666 0.43001302083333337 0.890625 0.4419487847222222 0.8797743055555555 0.4571397569444444 0.880859375 0.4951171875 0.839626736111111 0.5059678819444444 0.868923611111111 0.4745008680555556 0.8830295138888888 0.46799045138888895 0.9058159722222222 0.4896918402777778 0.917751736111111 0.5428602430555556 0.9253472222222222 0.5830078125 0.9405381944444444 0.6057942708333333 0.9427083333333333 0.5971137152777779 0.9524739583333333 0.48860677083333337 0.958984375 0.4213324652777778 0.9264322916666666 0.31608072916666674 0.878689236111111 0.24880642361111116 0.8428819444444444 0.16200086805555558 0.7528211805555555 0.11534288194444453 0.7039930555555556
5 0.7620442708333333 0.861328125 0.7783203125 0.8624131944444444 0.7446831597222223 0.9264322916666666 0.7362579146241831 0.998046875 0.7208116319444444 0.9969618055555555 0.7305772569444444 0.9546440972222222 0.7349175347222223 0.919921875 0.7435980902777779 0.8841145833333333 0.7544487847222223 0.8700086805555555
5 0.47341579861111116 0.10069444444444446 0.6481119791666667 0.0920138888888889 0.6915147569444444 0.08441840277777779 0.7327473958333333 0.07465277777777779 0.7511935763888888 0.07465277777777779 0.7598741319444444 0.08984375000000001 0.7088758680555556 0.09092881944444446 0.6850043402777779 0.10394965277777779 0.6730685763888888 0.11588541666666669 0.6676432291666667 0.158203125 0.6361762152777779 0.15928819444444445 0.6437717013888888 0.11588541666666669 0.5960286458333333 0.11805555555555557 0.4745008680555556 0.11263020833333334
5 0.7175564236111112 0.15928819444444445 0.7446831597222223 0.2309027777777778 0.7620442708333333 0.24934895833333334 0.7837456597222223 0.2591145833333333 0.8054470486111112 0.2873263888888889 0.7761501736111112 0.28515625 0.7631293402777779 0.3046875 0.7718098958333333 0.32855902777777773 0.7826605902777779 0.3763020833333333 0.8000217013888888 0.43598090277777773 0.7913411458333333 0.43598090277777773 0.7598741319444444 0.3980034722222222 0.7511935763888888 0.34809027777777773 0.7587890625 0.3253038194444444 0.7392578125 0.30902777777777773 0.7197265625 0.2775607638888889 0.7251519097222223 0.216796875 0.7143012152777779 0.18315972222222224
5 0.0024956597222222654 0.158203125 0.02962239583333337 0.1332465277777778 0.03396267361111116 0.11371527777777779 -6.938893903907228e-18 0.11577362163299665
1 0.00032552083333337034 0.917751736111111 0.10340711805555558 0.8917100694444444 0.1392144097222222 0.8634982638888888 0.1782769097222222 0.8428819444444444 0.20106336805555558 0.8385416666666666 0.21950954861111116 0.8678385416666666 0.2368706597222222 0.8895399305555555 0.24446614583333337 0.9307725694444444 0.2455512152777778 0.9871961805555555 0.2422125400641026 0.998046875 0.0 0.998046875
1 0.9975043402777779 0.8244357638888888 0.9790581597222223 0.859157986111111 0.9692925347222223 0.8993055555555555 0.9595269097222223 0.9600694444444444 0.9671223958333333 0.9839409722222222 0.9248046875 0.9578993055555555 0.8944227430555556 0.9752604166666666 0.9117838541666667 0.995876736111111 0.9975043402777779 0.9969618055555555 0.998046875 0.9824942129629658 0.998046875 0.8634982638888888 0.998046875 0.8276909722222222
3 0.06651475694444453 0.21354166666666669 0.05023871527777779 0.1918402777777778 0.03830295138888895 0.17447916666666669 0.05674913194444453 0.16579861111111113 0.07411024305555558 0.16579861111111113 0.08604600694444453 0.18424479166666669 0.13270399305555558 0.18424479166666669 0.12727864583333337 0.16145833333333334 0.11534288194444453 0.13975694444444445 0.10123697916666674 0.12890625 0.09255642361111116 0.11588541666666669 0.10232204861111116 0.11263020833333334 0.1142578125 0.12239583333333334 0.12619357638888895 0.1310763888888889 0.14463975694444453 0.1310763888888889 0.1826171875 0.12456597222222224 0.2021484375 0.14626736111111113 0.21950954861111116 0.16471354166666669 0.24012586805555558 0.18641493055555555 0.26182725694444453 0.20052083333333334 0.27376302083333337 0.20811631944444445 0.2791883680555556 0.22005208333333334 0.2943793402777778 0.22547743055555555 0.31174045138888895 0.2189670138888889 0.3095703125 0.20269097222222224 0.32259114583333337 0.19618055555555555 0.3442925347222222 0.20269097222222224 0.35188802083333337 0.20269097222222224 0.3497178819444444 0.17447916666666669 0.34212239583333337 0.15386284722222224 0.3442925347222222 0.1332465277777778 0.33561197916666674 0.12022569444444446 0.34537760416666674 0.12673611111111113 0.3497178819444444 0.09309895833333334 0.3540581597222222 0.09526909722222224 0.3529730902777778 0.12782118055555558 0.3638237847222222 0.12890625 0.3681640625 0.1408420138888889 0.3887803819444444 0.14626736111111113 0.40939670138888895 0.14409722222222224 0.4354383680555556 0.14192708333333334 0.4365234375 0.12890625 0.44411892361111116 0.12565104166666669 0.4614800347222222 0.14735243055555558 0.46907552083333337 0.16145833333333334 0.46256510416666674 0.1799045138888889 0.4842664930555556 0.21788194444444445 0.49186197916666674 0.23307291666666669 0.5189887152777778 0.22981770833333334 0.6123046875 0.2287326388888889 0.6622178819444444 0.2287326388888889 0.6698133680555556 0.24175347222222224 0.6567925347222223 0.2591145833333333 0.6557074652777779 0.2645399305555555 0.6220703125 0.265625 0.5298394097222222 0.26236979166666663 0.4896918402777778 0.2667100694444444 0.4940321180555556 0.28949652777777773 0.4951171875 0.3546006944444444 0.4951171875 0.4348958333333333 0.4951171875 0.44574652777777773 0.5537109375 0.4446614583333333 0.6589626736111112 0.4403211805555555 0.7718098958333333 0.4370659722222222 0.7902560763888888 0.4392361111111111 0.7945963541666667 0.44357638888888884 0.7967664930555556 0.5227864583333333 0.7989366319444444 0.5379774305555556 0.8173828125 0.5412326388888888 0.8314887152777779 0.5423177083333333 0.8282335069444444 0.587890625 0.8260633680555556 0.6822916666666666 0.8000217013888888 0.6812065972222222 0.8011067708333333 0.722439236111111 0.8000217013888888 0.859157986111111 0.7631293402777779 0.8602430555555555 0.7533637152777779 0.8645833333333333 0.7403428819444444 0.8765190972222222 0.7262369791666667 0.8743489583333333 0.7229817708333333 0.8602430555555555 0.6611328125 0.8569878472222222 0.6622178819444444 0.8168402777777778 0.6383463541666667 0.8114149305555555 0.6296657986111112 0.8114149305555555 0.6253255208333333 0.8472222222222222 0.6209852430555556 0.8656684027777778 0.6155598958333333 0.8765190972222222 0.6014539930555556 0.888454861111111 0.5786675347222223 0.8938802083333333 0.5526258680555556 0.8938802083333333 0.5428602430555556 0.8797743055555555 0.5287543402777778 0.849392361111111 0.5287543402777778 0.8168402777777778 0.4951171875 0.8146701388888888 0.46799045138888895 0.8114149305555555 0.4517144097222222 0.8168402777777778 0.43869357638888895 0.8287760416666666 0.4224175347222222 0.8266059027777778 0.4072265625 0.8266059027777778 0.40397135416666674 0.820095486111111 0.3833550347222222 0.8135850694444444 0.38118489583333337 0.7734375 0.38118489583333337 0.693142361111111 0.38118489583333337 0.578125 0.36490885416666674 0.5694444444444444 0.2705078125 0.568359375 0.23795572916666674 0.5694444444444444 0.21299913194444453 0.568359375 0.1923828125 0.566189236111111 0.1826171875 0.5770399305555556 0.1728515625 0.5824652777777778 0.1587456597222222 0.578125 0.15657552083333337 0.5716145833333333 0.10557725694444453 0.5672743055555556 0.09147135416666674 0.568359375 0.08604600694444453 0.5737847222222222 0.06434461805555558 0.5748697916666666 0.04698350694444453 0.566189236111111 0.036132812500000056 0.5629340277777778 0.03070746527777779 0.55859375 0.041558159722222265 0.546657986111111 0.07194010416666674 0.529296875 0.06976996527777779 0.48480902777777773 0.0654296875 0.36328125 0.06651475694444453 0.2710503472222222 0.06868489583333337 0.2265625
5 0.8228081597222223 0.3524305555555555 0.8640407986111112 0.5520833333333333 0.8466796875 0.548828125 0.8401692708333333 0.5477430555555556 0.8271484375 0.4197048611111111
5 0.8542751736111112 0.556423611111111 0.8640407986111112 0.5553385416666666 0.8716362847222223 0.6681857638888888 0.8564453125 0.6812065972222222 0.8455946180555556 0.6866319444444444 0.8423394097222223 0.6746961805555556 0.8542751736111112 0.575954861111111
0 0.32693142361111116 0.09092881944444446 0.3497178819444444 0.09092881944444446 0.34537760416666674 0.1115451388888889 0.3432074652777778 0.12239583333333334 0.3377821180555556 0.11480034722222224 0.3301866319444444 0.11588541666666669 0.33561197916666674 0.12456597222222224 0.3399522569444444 0.138671875 0.3399522569444444 0.1484375 0.34103732638888895 0.1603732638888889 0.34646267361111116 0.17122395833333334 0.3486328125 0.19292534722222224 0.3345269097222222 0.19618055555555555 0.3247612847222222 0.19075520833333334 0.32693142361111116 0.1701388888888889 0.3236762152777778 0.1310763888888889 0.3236762152777778 0.10937500000000001
5 0.31608072916666674 0.12239583333333334 0.3052300347222222 0.11697048611111112 0.30631510416666674 0.09960937500000001 0.3052300347222222 0.09309895833333334 0.3193359375 0.08875868055555557 0.32259114583333337 0.09309895833333334
