3 0.42689122267759566 0.4455686475409836 0.4994663592896175 0.48025529371584696 0.5101391734972678 0.4461022882513661 0.4375640368852459 0.4076801571038251
3 0.5037354849726776 0.3708589480874317 0.6099299863387978 0.4199538934426229 0.6680968237704918 0.22197318989071035 0.6451502732240437 0.20703125 0.59765625 0.1915556693989071 0.5651041666666666 0.3030865778688524 0.5250811133879781 0.29294740437158473
3 0.34831293327556323 0.11381607452339693 0.361852794627383 0.06913453206239173 0.39028650346620447 0.11855502599653389 0.3730231802426343 0.14224978336221838
3 0.45426234835355284 0.08707484835355295 0.502328856152513 0.0765814558058926 0.5040213388214905 0.05627166377816295 0.5114682625649913 0.05356369150779905 0.5168842071057193 0.04679376083188913 0.5199306759098786 0.0430702989601387 0.5219616551126516 0.03528487868284236 0.5172227036395147 0.0034662045060659397 0.444784445407279 0.01903704506065862 0.443430459272097 0.05356369150779905
3 0.9971852022058824 0.6611328125 0.9816750919117647 0.6416015625 0.9305491727941176 0.6289636948529411 0.9144646139705882 0.6243681066176471 0.9092945772058824 0.6048368566176471 0.9248046875 0.6002412683823529 0.9351447610294117 0.5847311580882353 0.9345703125 0.5743910845588236 0.929400275735294 0.5606043198529411 0.9190602022058824 0.5433708639705882 0.8880399816176471 0.5422219669117647 0.8742532169117647 0.5416475183823529 0.8650620404411764 0.5416475183823529 0.8558708639705882 0.5370519301470589 0.9127412683823529 0.4485868566176471 0.9426125919117647 0.47041590073529416 0.9678883272058824 0.48190487132352944 0.9943129595588235 0.48075597426470595 0.998046875 0.4858901079963236 0.998046875 0.6622817095588236
3 0.028664981617647047 0.2906135110294118 0.018899356617647047 0.20961626838235303 0.04704733455882352 0.19640395220588236 0.06485523897058822 0.2796989889705883
3 0.014878216911764693 0.1435546875 0.03038832720588234 0.15963924632352944 0.05049402573529411 0.14585248161764708 0.03498391544117646 0.11770450367647067
3 0.023494944852941162 0.4692670036764707 0.046472886029411756 0.5272863051470589 0.06715303308823528 0.5514131433823529 0.10047104779411763 0.5215418198529411 0.08668428308823528 0.4865004595588236 0.09644990808823528 0.4646714154411765 0.09300321691176469 0.45260799632352944 0.10161994485294117 0.4480124080882354 0.09185431985294117 0.43077895220588236 0.08093979779411763 0.4284811580882354 0.0539407169117647 0.4393956801470589 0.04762178308823529 0.45203354779411764 0.03383501838235293 0.4589269301470589
3 0.12402343749999999 0.9994829963235294 0.11770450367647058 0.9385914522058824 0.0912798713235294 0.9512293198529412 0.0700252757352941 0.9443359375 0.06600413602941176 0.9156135110294118 0.0619829963235294 0.9081456801470589 0.02062270220588234 0.9069967830882353 0.02062270220588234 0.9288258272058824 0.002240349264705869 0.9328469669117647 0.0016659007352941046 0.9994829963235294
4 0.002240349264705869 0.9253791360294118 0.00109145220588234 0.8868910845588236 0.04762178308823529 0.8765510110294118 0.05164292279411764 0.9069967830882353 0.01832490808823528 0.9046989889705882 0.017176011029411752 0.9282513786764706
4 0.473288143382353 0.5445197610294117 0.45490579044117646 0.5186695772058824 0.46696920955882354 0.5008616727941176 0.49396829044117646 0.5313074448529411 0.4801815257352941 0.5479664522058824
0 0.5927734375 0.18893612132352944 0.5738166360294117 0.1740004595588236 0.5278607536764706 0.17687270220588236 0.453756893382353 0.20961626838235303 0.4141199448529412 0.24580652573529416 0.39171645220588236 0.2894646139705883 0.3704618566176471 0.3612706801470589 0.36471737132352944 0.4095243566176471 0.3750574448529412 0.46122472426470595 0.3911420036764706 0.5112017463235294 0.4141199448529412 0.5640510110294117 0.4606502757352941 0.6697495404411764 0.443991268382353 0.6766429227941176 0.4089499080882353 0.6025390625 0.3704618566176471 0.5152228860294117 0.3503561580882353 0.46352251838235303 0.34288832720588236 0.4158432904411765 0.3463350183823529 0.3486328125 0.35724954044117646 0.3118681066176471 0.39688648897058826 0.22340303308823528 0.4290556066176471 0.19065946691176472 0.47443704044117646 0.1636603860294118 0.5295840992647058 0.1441291360294118 0.6123046875 0.15504365808823528 0.6507927389705882 0.17974494485294124 0.6387293198529411 0.20099954044117652
5 0.6487926136363636 0.6178977272727273 0.6807528409090908 0.6086647727272727 0.6807528409090908 0.5461647727272727 0.6821732954545454 0.5056818181818181 0.69140625 0.47443181818181823 0.7034801136363636 0.4303977272727273 0.6935369318181818 0.42542613636363635 0.6772017045454545 0.41122159090909094 0.6693892045454545 0.40198863636363635 0.6743607954545454 0.38565340909090906 0.6764914772727273 0.36505681818181823 0.6871448863636364 0.3423295454545454 0.7141335227272727 0.34090909090909094 0.7205255681818181 0.34730113636363635 0.7325994318181818 0.296875 0.7546164772727273 0.2571022727272727 0.7674005681818181 0.24005681818181823 0.7475142045454545 0.22017045454545459 0.7489346590909091 0.19105113636363635 0.7311789772727273 0.18536931818181823 0.7155539772727273 0.19815340909090906 0.6999289772727273 0.21519886363636365 0.6871448863636364 0.22940340909090906 0.6736505681818181 0.30823863636363635 0.6800426136363636 0.32528409090909094 0.6715198863636364 0.34801136363636365 0.6637073863636364 0.3586647727272727 0.6452414772727273 0.4517045454545454 0.6487926136363636 0.47230113636363635 0.6388494318181818 0.4857954545454546 0.6260653409090908 0.5276988636363636 0.6260653409090908 0.5681818181818181 0.6317471590909091 0.5958806818181819
2 0.6065100154083205 0.8302556818181819 0.6481395656779662 0.825244968220339 0.6562259244992296 0.7869318181818181 0.6636983580508474 0.7544028072033898 0.642685068443804 0.7175454791066282 0.6362685381355933 0.671484375 0.6044326006355932 0.6458984375 0.5989638506355932 0.67578125 0.5903164044497926 0.7215705249244714 0.5811904131355932 0.759765625 0.5778701006355932 0.7759765625 0.5745497881355932 0.7904829545454546 0.5712294756355932 0.80703125 0.5901747881355932 0.8238636363636364
2 0.7510653409090908 0.18465909090909094 0.7830255681818181 0.11434659090909094 0.8036221590909091 0.10227272727272729 0.8526278409090908 0.09161931818181823 0.8760653409090908 0.09232954545454541 0.93359375 0.042613636363636354 0.9499289772727273 0.013494318181818232 0.9403113162878787 0.001953125 0.998046875 0.001953125 0.998046875 0.2913431677018633 0.9803959627329193 0.2974087732919255 0.9828222049689441 0.25131017080745344 0.9719041149068322 0.23068711180124224 0.9391498447204969 0.23311335403726707 0.9185267857142856 0.24039208074534157 0.9161005434782608 0.2779988354037267 0.890625 0.2840644409937888 0.8590838509316769 0.31439246894409933 0.9043744359205776 0.38444833032490977 0.8952081453068592 0.3922044223826715 0.8655939756317689 0.3541290613718412 0.8336083074534162 0.3762616459627329 0.8226902173913042 0.38475349378881984 0.8214770962732918 0.4078027950310559 0.8093458850931676 0.4284258540372671 0.8311820652173914 0.44904891304347827 0.828125 0.45909926470588236 0.8203125 0.4517463235294118 0.7987132352941176 0.46553308823529416 0.7886029411764706 0.4793198529411765 0.7895220588235294 0.4921875 0.7918198529411765 0.5050551470588236 0.7954963235294118 0.5243566176470589 0.8074448529411765 0.5399816176470589 0.8203125 0.5634191176470589 0.8359375 0.5891544117647058 0.8239889705882353 0.5983455882352942 0.8115808823529411 0.6006433823529411 0.7881433823529411 0.5928308823529411 0.7729779411764706 0.6020220588235294 0.7706801470588235 0.6208639705882353 0.7794117647058824 0.6557904411764706 0.7679227941176471 0.6599264705882353 0.7518382352941176 0.6378676470588236 0.7486213235294118 0.6107536764705883 0.7417279411764706 0.5914522058823529 0.7431066176470589 0.5298713235294117 0.7509191176470589 0.5022977941176471 0.7559742647058824 0.4880514705882353 0.7670036764705882 0.47702205882352944 0.7738970588235294 0.4646139705882353 0.7761948529411765 0.4540441176470589 0.7752757352941176 0.44347426470588236 0.7729779411764706 0.4347426470588235 0.7761948529411765 0.4255514705882353 0.7596507352941176 0.41727941176470584 0.7435661764705882 0.421875 0.7403492647058824 0.421875 0.7251838235294118 0.4476102941176471 0.7242647058823529 0.4696691176470589 0.7302389705882353 0.4829963235294118 0.7440257352941176 0.49034926470588236 0.7490808823529411 0.49954044117647056 0.7426470588235294 0.5317095588235294 0.7398897058823529 0.5376838235294117 0.7224264705882353 0.53125 0.7077205882352942 0.5386029411764706 0.7054227941176471 0.5560661764705883 0.7072610294117647 0.5735294117647058 0.7173713235294118 0.5868566176470589 0.7394301470588235 0.5923713235294117 0.7477022058823529 0.6125919117647058 0.7490808823529411 0.6213235294117647 0.71875 0.6047794117647058 0.6930147058823529 0.6098345588235294 0.6847426470588235 0.6098345588235294 0.6824448529411765 0.6089154411764706 0.6810661764705882 0.5459558823529411 0.6833639705882353 0.5064338235294117 0.6930147058823529 0.4751838235294118 0.7035845588235294 0.4384191176470589 0.7169117647058824 0.43795955882352944 0.7228860294117647 0.4296875 0.7297794117647058 0.4209558823529411 0.7329963235294118 0.4053308823529411 0.734375 0.390625 0.7334558823529411 0.37959558823529416 0.7311580882352942 0.36764705882352944 0.7233455882352942 0.35477941176470584 0.7215073529411765 0.3515625 0.7339154411764706 0.2977941176470589 0.7564338235294118 0.25827205882352944 0.7679227941176471 0.2408088235294118 0.7738970588235294 0.24724264705882348 0.7840073529411765 0.24172794117647056 0.7964154411764706 0.2329963235294118 0.8037683823529411 0.22104779411764708 0.8074448529411765 0.21415441176470584 0.8129595588235294 0.20358455882352944 0.8125 0.1939338235294118 0.8069852941176471 0.18795955882352944 0.7936580882352942 0.18152573529411764 0.7674632352941176 0.18060661764705888 0.7633272058823529 0.18198529411764708
2 0.7478601792279411 0.17889763327205888 0.7342170266544117 0.17315314797794124 0.7295496323529411 0.15412454044117652 0.7220099954044117 0.13294175091911775 0.7216509650735293 0.1246840533088236 0.68359375 0.11929859834558831 0.6616928998161764 0.11139993106617652 0.6509219898897058 0.1106818704044118 0.6311753216911764 0.12612017463235303 0.6160960477941176 0.1376091452205883 0.612505744485294 0.14622587316176472 0.6132238051470588 0.15125229779411775 0.6609748391544117 0.16453642003676472 0.6828756893382353 0.17028090533088236 0.6792853860294117 0.20690199908088236 0.6728228400735293 0.21839096966911775 0.6487678079044117 0.298095703125 0.6717457490808824 0.3085075827205883 0.6864659926470588 0.22808478860294124 0.6990320542279411 0.21228745404411775 0.7159064797794117 0.19505399816176472 0.7302676930147058 0.1839240579044118 0.7475011488970588 0.18895048253676472 0.7521685431985293 0.17925666360294124
2 0.6099925321691176 0.1534064797794118 0.6132238051470588 0.1315056295955883 0.575884650735294 0.12935144761029416 0.5482393152573529 0.11606732536764708 0.5356732536764706 0.10350126378676472 0.5342371323529411 0.08339556525735303 0.5213120404411764 0.07334271599264708 0.5083869485294117 0.07190659466911775 0.5040785845588235 0.07908720128676472 0.48469094669117646 0.08662683823529416 0.4681755514705882 0.09955193014705888 0.4552504595588235 0.11606732536764708 0.4153980928308823 0.17494829963235303 0.3988826976102941 0.20869715073529416 0.4017549402573529 0.21480066636029416 0.42724609374999994 0.18930951286764708 0.471047794117647 0.1613051470588236 0.5302877987132353 0.14155847886029416
2 0.587014590992647 0.0026137408088235947 0.5855784696691176 0.019488166360294157 0.587014590992647 0.03708065257352944 0.5622414981617647 0.04102998621323539 0.5353142233455882 0.038157743566176516 0.5223891314338235 0.02918198529411775 0.5195229356133901 0.001953125 0.588091681985294 0.001953125
1 0.506591796875 0.06831629136029416 0.5098230698529411 0.05610926011029416 0.5173627068014706 0.051800896139705954 0.5252613740808824 0.03492647058823539 0.5360322840073529 0.04067095588235303 0.5604463465073529 0.04282513786764708 0.5884507123161764 0.038875804227941235 0.588091681985294 0.020565257352941235 0.5909010604536625 0.001953125 0.9374281939338235 0.001953125 0.9467629825367646 0.013743681066176516 0.9320427389705882 0.04174804687500011 0.874956916360294 0.09093520220588247 0.8512609145220588 0.08878102022058831 0.8031508501838235 0.09883386948529416 0.782327090992647 0.11175896139705888 0.7532456341911764 0.17674345128676472 0.7360121783088235 0.17135799632352944 0.7320628446691176 0.15412454044117652 0.7241641773897058 0.1333007812500001 0.7238051470588235 0.12324793198529416 0.6839527803308822 0.11750344669117652 0.6627699908088235 0.10888671875000011 0.6519990808823529 0.10745059742647067 0.6283030790441176 0.1254021139705883 0.6168141084558824 0.13401884191176472 0.616455078125 0.12935144761029416 0.5755256204044117 0.1264792049632354 0.5500344669117647 0.11391314338235303 0.5378274356617647 0.10242417279411775 0.5367503446691176 0.08160041360294124 0.5220301011029411 0.07118853400735303
1 0.7052159367396593 0.42594282238442827 0.6828809306569342 0.41216164841849157 0.6719510340632603 0.39790526155717765 0.6786040145985401 0.38032238442822386 0.6781288017031629 0.3689172749391728 0.6885834854014597 0.3465822688564477 0.7123441301703163 0.34373099148418496 0.7194723236009731 0.3537104622871047 0.7251748783454988 0.36226429440389296 0.7294517944038929 0.37081812652068136 0.7299270072992701 0.37984717153284675 0.7294517944038929 0.3964796228710463 0.7294517944038929 0.4126368613138687 0.7266005170316301 0.4230915450121655 0.7132945559610705 0.4363975060827251 0.707592001216545 0.4325958029197081
1 0.7361047749391727 0.4820179440389295 0.7289765815085157 0.47013762165450124 0.7289765815085157 0.450653892944039 0.7370552007299269 0.43354622871046233 0.7451338199513381 0.42594282238442827 0.7555885036496349 0.4226163321167884 0.7669936131386861 0.4235667579075426 0.7693696776155717 0.4283188868613139 0.7688944647201946 0.43782314476885653 0.7717457420924574 0.4511291058394161 0.7717457420924574 0.4592077250608273 0.7688944647201946 0.4682367700729927 0.7641423357664233 0.4734641119221411 0.752262013381995 0.4872452858880779 0.7475098844282237 0.48914613746958646
1 0.7194723236009731 0.583713503649635 0.7104432785888077 0.5699323296836983 0.7090176399026763 0.5537750912408759 0.7090176399026763 0.5385682785888078 0.7204227493917275 0.535241788321168 0.7380056265206812 0.5409443430656935 0.7422825425790753 0.5637545620437956 0.7389560523114355 0.5894160583941606 0.7256500912408759 0.5865647810218979
1 0.0004752128953771289 0.14224072384428232 0.0327896897810219 0.11040145985401462 0.05512469586374696 0.14366636253041365 0.05512469586374696 0.17170392335766427 0.0608272506082725 0.2230269160583942 0.06652980535279805 0.27482512165450124 0.0655793795620438 0.2914575729927008 0.0788853406326034 0.3237720498783455 0.11072460462287104 0.35276003649635046 0.07841012773722628 0.37604546836982977 0.06652980535279805 0.39695483576642343 0.07175714720194647 0.4178642031630171 0.08126140510948905 0.42451718369829683 0.09409215328467152 0.4278436739659368 0.10739811435523114 0.45255474452554745 0.09884428223844281 0.45588123479318743 0.09931949513381995 0.46681113138686137 0.08981523722627736 0.4862948600973236 0.10502204987834549 0.5219358272506083 0.06510416666666666 0.5561511557177616 0.04324437347931873 0.5295392335766425 0.019958941605839414 0.4687119829683699 0.0 0.45160431873479323 0.0 0.7044175790754258 0.028512773722627734 0.7134466240875912 0.02661192214111922 0.738632907542579 0.01378117396593674 0.7467115267639903 0.005702554744525547 0.749562804136253 0.0014256386861313869 0.75669099756691 0.0 0.7928071776155718 0.02756234793187348 0.7776003649635037 0.033740115571776155 0.7756995133819952 0.03706660583941605 0.7885302615571776 0.04799650243309002 0.793282390510949 0.06225288929440389 0.7989849452554745 0.08458789537712895 0.8046875 0.09551779197080291 0.8065883515815085 0.10977417883211678 0.8061131386861314 0.1083485401459854 0.8474566605839416 0.11215024330900242 0.8797711374695864 0.12545620437956204 0.9206394464720195 0.13686131386861314 0.9524787104622872 0.14398950729927007 0.9971487226277372 0.1430390815085158 0.9995247871046229 0.8696395985401459 1.0 0.998046875 1.0 0.998046875 0.6689340876436782 0.976495150862069 0.6453618893678161 0.9311729753521127 0.6327574823943662 0.9126045334507042 0.628631161971831 0.9036641725352114 0.6024977992957746 0.9201694542253521 0.599059198943662 0.9297975352112676 0.5846170774647887 0.9318606954225352 0.5763644366197183 0.9291098151408451 0.5653609154929577 0.917418573943662 0.5467924735915493 0.8823448503521127 0.5467924735915493 0.8637764084507042 0.5461047535211268 0.8507097271126761 0.539915272887324 0.9119168133802817 0.4443221830985915 0.9579940580985916 0.4326309419014084 0.9765625 0.40856073943661964 0.9965063820422536 0.4147502200704225 0.9971941021126761 0.2964623679577465 0.9772502200704226 0.30265184859154926 0.9793133802816902 0.25451144366197176 0.9724361795774649 0.238006161971831 0.9408010563380282 0.23731844190140838 0.9229203345070423 0.24557108274647887 0.9201694542253521 0.28339568661971826 0.8933483714788732 0.288209727112676 0.8651518485915494 0.3136553697183099 0.9105413732394366 0.3865536971830985 0.8926606514084507 0.3968694982394366 0.8651518485915494 0.3583571742957746 0.8273272447183099 0.384490536971831 0.8232009242957747 0.40993617957746475 0.8156360035211268 0.42781690140845063 0.8376430457746479 0.4518871038732394 0.8307658450704226 0.4649537852112676 0.8170114436619719 0.45876430457746475 0.7950044014084507 0.47595730633802813 0.7998184419014085 0.5199713908450704 0.809446522887324 0.5364766725352113 0.8252640845070423 0.5632977552816901 0.8417693661971831 0.5908065580985915 0.8273272447183099 0.6052486795774648 0.8115096830985916 0.6031855193661972 0.790190360915493 0.5963083186619718 0.7764359595070423 0.6038732394366197 0.7757482394366197 0.621066241197183 0.7840008802816901 0.659578565140845 0.7688710387323944 0.6650803257042253 0.7496148767605634 0.6416978433098591 0.7468639964788732 0.6238171214788732 0.7179797535211268 0.6114381602112675 0.6950310698847262 0.6156677773775217 0.6507623678247734 0.8266026246223566 0.6029668617824774 0.8360437122356495 0.56874291918429 0.8083105173716012 0.6035569297583081 0.6442716200906344 0.6342404645015106 0.6678743391238671 0.6442716200906344 0.6177185611782477 0.5864449584592145 0.5480905400302115 0.5647837721456693 0.4959630290354331 0.5313345841535433 0.49788539616141736 0.5205693282480315 0.5117264394685039 0.5259519562007874 0.5467135211614174 0.5324880044291338 0.5763179749015748 0.5332569512795275 0.6059224286417323 0.5344103715551181 0.6262995201771653 0.5090351254921259 0.5993863804133859 0.4901959276574803 0.6013087475393701 0.4413678026574803 0.6213013656496063 0.4632827878937008 0.6724363312007874 0.44175227608267714 0.6782034325787402 0.40714966781496065 0.6051534817913387 0.367548905019685 0.5155711737204725 0.3467873400590551 0.4617448941929134 0.3402512918307087 0.4129167691929134 0.34294260580708663 0.3483252337598425 0.3560147022637795 0.3091089443897638 0.39599993848425197 0.21952663631889768 0.39753783218503935 0.21337506151574803 0.39638441190944884 0.20453217273622049 0.4586691067913386 0.1053380290354331 0.48404435285433073 0.08419199064960636 0.45136411171259844 0.08880567175196852 0.44059885580708663 0.05420306348425197 0.44175227608267714 0.016140194389763773 0.5140332800196851 0.0022991510826771977 0.3514010211614173 0.0022991510826771977 0.3606283833661417 0.0645838459645669 0.3940775713582677 0.11917907234251968 0.3717781126968504 0.14493879183070868 0.3460183932086614 0.1149498646653544 0.3610128567913386 0.06573726624015752 0.35146433265359045 0.001953125 0.0 0.001953125
2 0.03218666740674955 0.11336450932504438 0.0002705928063943067 0.14389292850799296 0.0006175066607459941 0.3562042073712256 0.0013113343694493688 0.4474425510657194 0.0224730794849023 0.46582898534635886 0.033921236678507986 0.45542156971580816 0.04606322158081705 0.4505647757548845 0.05334841252220248 0.4353005661634103 0.07867312388987566 0.42801537522202493 0.06895953596802841 0.42073018428063946 0.06514348357015985 0.39609930062166965 0.07693855461811723 0.37389681394316165 0.1078138876554174 0.35308198268206037 0.07555089920071048 0.32532887433392543 0.06306200044404973 0.29271897202486685 0.06479656971580816 0.2850868672291297 0.025942218028419173 0.29341279973357015 0.0169224578152753 0.20321519760213147 0.0530014986678508 0.19142012655417406 0.054042240230905855 0.14701515319715808 0.029411356571936047 0.16297319049733572 0.012065663854351679 0.14181144538188284
1 0.6661371887966805 0.751231846473029 0.6961229253112033 0.614269968879668 0.6791039937759337 0.6110282676348548 0.6470921939834026 0.6219690093360996 0.6369618775933611 0.6665424014522822 0.6446609180497925 0.7171939834024896
1 0.46221041242362526 0.31025649185336057 0.46937054480651735 0.2883783095723015 0.47255282586558045 0.2740580448065173 0.4618126272912424 0.2601355651731161 0.47334839613034624 0.24541751527494915 0.4868730906313646 0.2394507382892057 0.5059667769857433 0.2382573828920571 0.521878182281059 0.2434285896130347 0.525856033604888 0.2553621435845215 0.5206848268839104 0.2768425407331976 0.518298116089613 0.2840026731160896 0.5139224796334012 0.3030963594704684 0.5075579175152749 0.31542769857433817 0.49880664460285135 0.3241789714867618 0.4844863798370672 0.32736125254582493 0.46857497454175157 0.3186099796334012
1 0.4466967922606925 0.39975814663951126 0.47255282586558045 0.4097027749490836 0.48329302443991856 0.40771384928716903 0.4864753054989817 0.38981351832993894 0.4924420824847251 0.37310654276985744 0.4860775203665988 0.3571951374745418 0.47891738798370675 0.3544106415478615 0.4661882637474542 0.3468527240325866 0.455845850305499 0.3369080957230143 0.4550502800407332 0.32696346741344195 0.45266356924643586 0.3202011201629328 0.4451056517311609 0.31821219450101834 0.4399344450101833 0.3186099796334012 0.4307853869653768 0.3313391038696538 0.4311831720977597 0.33969259164969456 0.437547734215886 0.3480460794297353 0.4494812881873727 0.35520621181262735 0.4427189409368636 0.374697683299389 0.4403322301425662 0.38583566700611005
2 0.628882382892057 0.5938772912423624 0.6225178207739307 0.5656345468431772 0.6237111761710794 0.5238671079429735 0.6368380855397149 0.4836908095723015 0.6225178207739307 0.4757351069246436 0.618142184317719 0.46101705702647666 0.61416433299389 0.4462990071283096 0.5974573574338086 0.43834330448065173 0.5990484979633401 0.41765847759674135 0.5003977851323829 0.37191318737270884 0.5226737525458248 0.29673179735234223 0.5234693228105906 0.2903672352342159 0.562452265784114 0.30031186354378825 0.5966617871690427 0.19330766293279023 0.5453475050916496 0.2179703411405296 0.5230715376782077 0.28877609470468435 0.5103424134419552 0.3174166242362526 0.49880664460285135 0.32736125254582493 0.4801107433808554 0.3293501782077394 0.46658604887983707 0.32059890529531576 0.45902813136456216 0.31144984725050917 0.45385692464358457 0.3174166242362526 0.45902813136456216 0.33491917006109984 0.46698383401222 0.34367044297352345 0.4872708757637475 0.35520621181262735 0.4940332230142566 0.37151540224032586 0.4904531568228106 0.39060908859470467 0.4856797352342159 0.4093049898167006 0.47175725560081466 0.411691700610998 0.44311672606924646 0.4001559317718941 0.43794551934826886 0.3878245926680245 0.41845404786150714 0.3723109725050917 0.38543788187372713 0.37151540224032586 0.3862334521384929 0.42044297352342164 0.39418915478615074 0.4645971232179227 0.4252163951120163 0.5226737525458248 0.42720532077393075 0.44948128818737276 0.5 0.4844863798370672 0.5131269093686354 0.44311672606924646 0.4363543788187373 0.4053271384928717 0.4252163951120163 0.4478901476578412 0.426409750509165 0.525856033604888 0.4077138492871691 0.5449497199592668 0.4407300152749491 0.6185399694501018 0.48925980142566194 0.599446283095723 0.5107401985743381 0.5974573574338085 0.5326183808553971 0.6229156059063137 0.5306294551934827 0.5767725305498981 0.5234693228105906 0.5489275712830957 0.518298116089613 0.5095468431771895 0.5011933553971486 0.525458248472505 0.4697683299389002 0.4832930244399186 0.4415255855397149 0.5151158350305498 0.48369080957230143 0.5759769602851323 0.5127291242362525 0.5429607942973523 0.5011933553971486 0.5238671079429735 0.5194914714867617 0.5087512729124236 0.5298338849287169 0.49681771894093685 0.5664301171079429 0.49443100814663954 0.5879105142566191 0.5461430753564154
5 0.592286150712831 0.19171652240325865 0.5731924643584521 0.17620290224032586 0.529436099796334 0.17819182790224042 0.45465249490835036 0.21041242362525459 0.4164651221995927 0.24700865580448073 0.3937913696537679 0.2895716649694502 0.3727087576374746 0.3607752036659878 0.36634419551934827 0.41010056008146645 0.37748217922606925 0.46101705702647666 0.3929957993890021 0.5099446283095723 0.4069182790224033 0.5421652240325865 0.42322746945010187 0.5262538187372708 0.3918024439918534 0.46380155295315684 0.3842445264765784 0.4208407586558045 0.38384674134419555 0.3695264765784114 0.41765847759674135 0.37032204684317727 0.43834330448065173 0.38583566700611005 0.4466967922606925 0.35759292260692466 0.4359565936863544 0.3504327902240326 0.42919424643584525 0.33849923625254585 0.42919424643584525 0.3313391038696538 0.43834330448065173 0.31542769857433817 0.4510724287169043 0.31542769857433817 0.4606192718940937 0.3074719959266803 0.46937054480651735 0.27724032586558045 0.45783477596741345 0.2585444246435845 0.47096168533604893 0.2446219450101833 0.485281950101833 0.2358706720977597 0.5047734215885947 0.23467731670061098 0.5230715376782077 0.2410418788187373 0.5286405295315681 0.25416878818737276 0.5437563645621181 0.21598141547861516
2 0.9155689169449082 0.4466884912353922 0.9426322516694491 0.4665784119365609 0.9709998434891486 0.4796209828881469 0.9961067925709516 0.47831672579298823 0.998046875 0.41688078220645597 0.9775211289649416 0.41147354966611016 0.9592615296327213 0.43429804883138556
2 0.0004982461734693878 0.8824139030612245 0.0009964923469387755 0.7942243303571428 0.029894770408163265 0.7817681760204082 0.03537547831632653 0.791733099489796 0.09566326530612244 0.8106664540816326 0.10662468112244898 0.8106664540816326 0.10662468112244898 0.8485331632653061 0.11011240433673469 0.8819156568877551 0.12306680484693877 0.9227718431122449 0.1340282206632653 0.9551578443877551 0.14050542091836735 0.9985052614795918 0.12555803571428573 0.9985052614795918 0.11758609693877552 0.9342315051020408 0.09217554209183673 0.9486806441326531 0.07473692602040817 0.9436981823979592 0.06875797193877552 0.9157963966836735 0.06427375637755102 0.9053332270408163 0.05430883290816327 0.9013472576530612 0.05082110969387755 0.8729472257653061
5 0.6146599264705883 0.41816570378151263 0.6462545955882353 0.43621980042016806 0.6606158088235294 0.3599002100840336 0.634765625 0.35087316176470584
1 0.6359965861344538 0.3467699579831932 0.6577435661764707 0.3553866859243697 0.669232536764706 0.35087316176470584 0.6782595850840336 0.3266642594537815 0.672515099789916 0.31066176470588236 0.6474855567226891 0.30122439600840334
1 0.5986574317226891 0.43704044117647056 0.6019399947478992 0.4202173056722689 0.6117876838235294 0.42226890756302515 0.6163012079831933 0.4210379464285714 0.6351759453781513 0.4321165966386554 0.6232766544117647 0.44770877100840334 0.6294314600840336 0.45181197478991597 0.6396894695378151 0.4514016544117647 0.6466649159663865 0.47109703256302515 0.6392791491596639 0.4821756827731092 0.623686974789916 0.4743795955882353 0.6163012079831933 0.4436055672268907
