4 0.29000234962406013 0.9978265977443609 0.29881343984962405 0.8186677631578947 0.3281837406015038 0.605733082706767 0.32230968045112784 0.4133576127819548 0.27825422932330834 0.2679746240601504 0.21951362781954892 0.13433975563909772 0.12846569548872183 0.062382518796992414 0.06825657894736847 0.12846569548872178 0.03448073308270683 0.2209821428571428 0.05650845864661658 0.3458059210526315 0.052102913533834616 0.505874060150376 0.04622885338345867 0.5513980263157895 0.006578947368421073 0.5602091165413534 0.0 0.5641564849624061 0.0007036543671902418 1.0
4 0.4324483082706767 0.48678336466165406 0.4353853383458647 0.4603500939849624 0.4603500939849624 0.45007048872180444 0.5 0.44713345864661647 0.4911889097744361 0.47797227443609014 0.4765037593984962 0.48531484962406013
5 0.2973449248120301 0.9978265977443609 0.5778312969924813 0.9992951127819548 0.5807683270676692 0.7540531015037594 0.5425869360902256 0.7819548872180451 0.4794407894736842 0.7760808270676691 0.49412593984962405 0.7481790413533835 0.5176221804511278 0.7188087406015038 0.50734257518797 0.701186560150376 0.42657424812030076 0.6688792293233083 0.41335761278195493 0.6718162593984962 0.37517622180451127 0.7026550751879699 0.3516799812030076 0.7760808270676691 0.3399318609022557 0.8157307330827067 0.3414003759398496 0.8451010338345865 0.33112077067669177 0.884750939849624 0.3252467105263158 0.893562030075188 0.3134985902255639 0.9126527255639098 0.30321898496240607 0.9523026315789473
1 0.309093045112782 0.8920935150375939 0.3046875 0.8641917293233082 0.30615601503759404 0.8318843984962405 0.309093045112782 0.8025140977443609 0.31203007518797 0.7643327067669172 0.31790413533834594 0.7041235902255639 0.32230968045112784 0.6791588345864662 0.3443374060150376 0.6630051691729324 0.37517622180451127 0.6248237781954887 0.39720394736842113 0.6321663533834587 0.44272791353383456 0.6527255639097744 0.4911889097744361 0.6512570488721805 0.5279017857142857 0.6659421992481203 0.5528665413533834 0.7041235902255639 0.5690202067669173 0.7452420112781954 0.5499295112781954 0.7584586466165413 0.4911889097744361 0.7687382518796992 0.5132166353383458 0.7393679511278195 0.5220277255639098 0.7041235902255639 0.4955944548872181 0.6820958646616542 0.4441964285714286 0.6674107142857143 0.3795817669172933 0.6703477443609023 0.3531484962406015 0.7305568609022557 0.3325892857142857 0.8362899436090225 0.32230968045112784 0.8788768796992481
0 0.6189497180451128 0.9963580827067668 0.6116071428571429 0.42216870300751874 0.5675516917293233 0.35902255639097747 0.5484609962406015 0.3648966165413533 0.5528665413533834 0.397203947368421 0.5631461466165414 0.4207001879699248 0.5881109022556391 0.4809093045112781 0.592516447368421 0.5352443609022557 0.5851738721804511 0.5587406015037595 0.5631461466165414 0.5616776315789473 0.5646146616541353 0.5837053571428572 0.5704887218045113 0.5939849624060151 0.5851738721804511 0.5910479323308271 0.5851738721804511 0.7423049812030076 0.5851738721804511 0.9963580827067668
5 0.5367128759398496 0.3487429511278195 0.4926574248120301 0.2855968045112782 0.4471334586466166 0.24007283834586468 0.505874060150376 0.2650375939849624 0.5822368421052632 0.32230968045112784 0.6116071428571429 0.37077067669172925 0.6101386278195489 0.400140977443609 0.5734257518796992 0.35902255639097747
2 0.4207001879699248 0.6292293233082706 0.38545582706766923 0.6189497180451128 0.3487429511278196 0.6336348684210527 0.3369948308270677 0.6336348684210527 0.3281837406015038 0.43391682330827064 0.34286889097744366 0.39426691729323304 0.404546522556391 0.40601503759398494 0.41482612781954886 0.39132988721804507 0.40601503759398494 0.44713345864661647 0.4118890977443609 0.5690202067669173
1 0.42216870300751885 0.42657424812030076 0.5455239661654135 0.4280427631578947 0.5220277255639098 0.39426691729323304 0.4236372180451128 0.39132988721804507
2 0.3208411654135339 0.3854558270676691 0.5088110902255639 0.37811325187969924 0.5279017857142857 0.3604910714285714 0.47797227443609025 0.28265977443609025 0.4309797932330828 0.2371358082706767 0.4632871240601504 0.22832471804511278 0.5572720864661654 0.29440789473684204 0.4926574248120301 0.21510808270676685 0.4955944548872181 0.0814732142857143 0.4515390037593985 0.07413063909774431 0.41335761278195493 0.1372767857142857 0.35755404135338353 0.1211231203007519 0.3296522556390977 0.07266212406015038 0.32230968045112784 0.04329182330827064 0.307624530075188 0.02273261278195493 0.307624530075188 0.001953125 5.551115123125783e-17 0.005001017809500685 0.0 0.005001017809540209 0.0007048872180451804 0.5425869360902256 0.035949248120300814 0.5381813909774436 0.05063439849624063 0.495594454887218 0.04916588345864664 0.3810502819548872 0.035949248120300814 0.30615601503759393 0.03154370300751885 0.20042293233082709 0.05650845864661658 0.13140272556390975 0.11084351503759404 0.062382518796992414 0.20482847744360905 0.09909539473684204 0.2576950187969925 0.18720629699248115 0.3046875 0.301750469924812
2 0.887687969924812 0.889156484962406 0.7981085526315789 0.8260103383458646 0.7569901315789475 0.7643327067669172 0.7217457706766918 0.789297462406015 0.7085291353383458 0.7305568609022557 0.6585996240601504 0.689438439849624 0.6365718984962406 0.6615366541353384 0.6248237781954887 0.5704887218045113 0.6248237781954887 0.5190906954887218 0.6630051691729323 0.5646146616541354 0.6879699248120301 0.5528665413533835 0.6997180451127819 0.47356672932330823 0.7393679511278196 0.4676926691729323 0.7628641917293234 0.4720982142857143 0.7702067669172933 0.49853148496240596 0.786360432330827 0.5572720864661654 0.8230733082706766 0.5616776315789473 0.8392269736842105 0.5851738721804511 0.8553806390977444 0.6439144736842106 0.889156484962406 0.8715343045112782
1 0.9126527255639098 0.9992951127819548 0.8906249999999999 0.8994360902255639 0.8348214285714285 0.8715343045112782 0.7922344924812029 0.8260103383458646 0.7643327067669173 0.7834234022556391 0.7525845864661654 0.7731437969924811 0.7276198308270677 0.7951715225563909 0.7099976503759399 0.7819548872180451 0.6953125 0.7305568609022557 0.6483200187969925 0.6953125 0.6292293233082706 0.6571311090225564 0.6204182330827068 0.598390507518797 0.6292293233082706 0.9963580827067668
1 0.6233552631578948 0.49853148496240596 0.6659421992481203 0.5558035714285714 0.6879699248120301 0.5352443609022557 0.6865014097744361 0.4765037593984962 0.7437734962406014 0.4530075187969924 0.7834234022556391 0.4676926691729323 0.8142622180451128 0.41042058270676685 0.8245418233082707 0.3648966165413533 0.7922344924812029 0.34727443609022557 0.7937030075187971 0.301750469924812 0.8348214285714285 0.301750469924812 0.8612546992481204 0.2855968045112782 0.8098566729323308 0.23860432330827064 0.7672697368421052 0.22685620300751874 0.7481790413533834 0.301750469924812 0.7085291353383458 0.34727443609022557 0.6306978383458647 0.3575540413533834
1 0.5602091165413534 0.23566729323308266 0.5881109022556391 0.2738486842105263 0.5763627819548872 0.2885338345864661 0.5572720864661654 0.27531719924812026
1 0.7702067669172933 0.12993421052631582 0.6762218045112782 0.09175281954887216 0.6644736842105263 0.03741776315789469 0.6808419787449393 0.001953125 0.9420230263157895 0.002173402255639001 0.9038416353383459 0.05797697368421051 0.8274788533834586 0.10350093984962405
2 0.6277608082706767 0.3458059210526315 0.701186560150376 0.33846334586466165 0.7437734962406014 0.2929393796992481 0.7613956766917293 0.209234022556391 0.8186677631578948 0.23419877819548873 0.8685972744360902 0.2797227443609023 0.8480380639097745 0.31496710526315785 0.8113251879699249 0.31056156015037595 0.8069196428571429 0.35021146616541354 0.8436325187969925 0.35902255639097747 0.7966400375939849 0.4720982142857143 0.780486372180451 0.48531484962406013 0.7922344924812029 0.5484609962406015 0.8333529135338346 0.5528665413533835 0.8612546992481204 0.6321663533834587 0.8744713345864662 0.39132988721804507 0.89796757518797 0.29000234962406013 0.9478970864661654 0.18573778195488722 0.998046875 0.10549812030075156 0.998046875 0.002173402255639001 0.9493656015037594 0.0036419172932330435 0.9170582706766918 0.06091400375939848 0.8362899436090226 0.10790648496240596 0.7760808270676692 0.14021381578947367 0.6732847744360902 0.0976268796992481 0.6541940789473685 0.040354793233082664 0.6674107142857143 0.002173402255639001 0.5631461466165414 0.012453007518796966 0.5440554511278196 0.08587875939849621 0.510279605263158 0.09175281954887216 0.4955944548872181 0.17545817669172925 0.5279017857142857 0.2415413533834586 0.5425869360902256 0.2606320488721804 0.5469924812030076 0.2209821428571428 0.5822368421052632 0.24007283834586468 0.596921992481203 0.2694431390977443 0.5881109022556391 0.29881343984962405
1 0.50734257518797 0.06091400375939848 0.48678336466165417 0.05210291353383456 0.46181860902255645 0.01539003759398494 0.45447603383458646 0.005110432330827086 0.5367128759398496 0.0036419172932330435
2 0.990484022556391 0.987546992481203 0.9537711466165414 0.798108552631579 0.9273378759398495 0.6600681390977443 0.9185267857142857 0.4809093045112781 0.9537711466165414 0.35021146616541354 0.998046875 0.2505910773026312 0.998046875 1.0
0 0.9405545112781956 0.9978265977443609 0.9199953007518796 0.9376174812030075 0.89796757518797 0.8127937030075187 0.8744713345864662 0.6571311090225564 0.8744713345864662 0.5396499060150376 0.8788768796992482 0.3927984022556391 0.9170582706766918 0.2694431390977443 0.998046875 0.13620382230778583 0.998046875 0.22979323308270672 0.9273378759398495 0.400140977443609 0.9126527255639098 0.5763627819548872 0.9405545112781956 0.7188087406015038 0.9640507518796991 0.8524436090225563 0.9772673872180452 0.987546992481203
1 0.3693021616541353 0.11524906015037595 0.407483552631579 0.1255286654135338 0.4486019736842105 0.0697250939849624 0.4441964285714286 0.012453007518796966 0.3355263157894737 0.00804746240601506 0.31496710526315796 0.009515977443608992 0.34286889097744366 0.062382518796992414
3 0.5616776315789473 0.6395089285714286 0.4353853383458647 0.6439144736842106 0.44125939849624063 0.49853148496240596 0.48678336466165417 0.49265742481203 0.50734257518797 0.44713345864661647 0.5176221804511278 0.4368538533834586 0.5543350563909775 0.4412593984962405 0.5543350563909775 0.49412593984962405 0.5543350563909775 0.5469924812030076 0.5543350563909775 0.5675516917293233 0.4955944548872181 0.5734257518796992 0.497062969924812 0.5866423872180451 0.5572720864661654 0.5851738721804511
