4 0.55645751953125 0.8101348876953125 0.529754638671875 0.8002166748046875 0.4969482421875 0.8070831298828125 0.481689453125 0.7994537353515625 0.47711181640625 0.7712249755859375 0.4664306640625 0.7384185791015625 0.451171875 0.7353668212890625 0.43133544921875 0.7201080322265625 0.429046630859375 0.7101898193359375 0.436676025390625 0.7040863037109375 0.45880126953125 0.7025604248046875 0.453460693359375 0.6873016357421875 0.43896484375 0.6750946044921875 0.42523193359375 0.6567840576171875 0.4114990234375 0.6316070556640625 0.432098388671875 0.6132965087890625 0.44964599609375 0.6461029052734375 0.462615966796875 0.6750946044921875 0.479400634765625 0.7033233642578125 0.5 0.7277374267578125 0.505340576171875 0.7605438232421875 0.522125244140625 0.7834320068359375 0.551116943359375 0.7887725830078125 0.554931640625 0.7941131591796875
4 0.408447265625 0.6209259033203125 0.395477294921875 0.5698089599609375 0.39471435546875 0.5415802001953125 0.401580810546875 0.5278472900390625 0.416839599609375 0.5164031982421875 0.415313720703125 0.5087738037109375 0.40386962890625 0.5026702880859375 0.39471435546875 0.4851226806640625 0.389373779296875 0.4706268310546875 0.403106689453125 0.4240875244140625 0.39776611328125 0.4027252197265625 0.39776611328125 0.3767852783203125 0.3992919921875 0.3424530029296875 0.409210205078125 0.3561859130859375 0.420654296875 0.3729705810546875 0.432098388671875 0.3996734619140625 0.422943115234375 0.4172210693359375 0.40692138671875 0.4240875244140625 0.4053955078125 0.4408721923828125 0.4176025390625 0.4515533447265625 0.42218017578125 0.4820709228515625 0.424468994140625 0.5049591064453125 0.424468994140625 0.5270843505859375 0.429046630859375 0.5453948974609375 0.42828369140625 0.5560760498046875 0.41912841796875 0.5682830810546875 0.41607666015625 0.5896453857421875 0.420654296875 0.5965118408203125
4 0.99591064453125 0.2020721435546875 0.931060791015625 0.1677398681640625 0.8875732421875 0.1364593505859375 0.856292724609375 0.1112823486328125 0.835693359375 0.1082305908203125 0.8326416015625 0.0952606201171875 0.819671630859375 0.1112823486328125 0.813568115234375 0.1059417724609375 0.81890869140625 0.0929718017578125 0.81890869140625 0.0868682861328125 0.808990478515625 0.0883941650390625 0.8021240234375 0.1059417724609375 0.766265869140625 0.1089935302734375 0.751007080078125 0.0777130126953125 0.774658203125 0.0586395263671875 0.8021240234375 0.0594024658203125 0.842559814453125 0.0716094970703125 0.877655029296875 0.0800018310546875 0.91656494140625 0.0990753173828125 0.933349609375 0.1143341064453125 0.945556640625 0.1250152587890625 0.970733642578125 0.1273040771484375 0.98065185546875 0.1334075927734375 0.995147705078125 0.1372222900390625 1.0 0.1399950299944197
4 0.622833251953125 0.8444671630859375 0.622833251953125 0.8101348876953125 0.631988525390625 0.7819061279296875 0.644195556640625 0.7811431884765625 0.6556396484375 0.8116607666015625 0.65411376953125 0.8246307373046875
4 0.609100341796875 0.8612518310546875 0.604522705078125 0.8231048583984375 0.59613037109375 0.8238677978515625 0.593841552734375 0.8345489501953125 0.60223388671875 0.8528594970703125
4 0.703704833984375 0.8330230712890625 0.700653076171875 0.7918243408203125 0.764739990234375 0.7590179443359375 0.77008056640625 0.7742767333984375 0.760162353515625 0.8101348876953125 0.734222412109375 0.8070831298828125 0.73193359375 0.8131866455078125
4 0.810516357421875 0.7712249755859375 0.792205810546875 0.7315521240234375 0.8082275390625 0.7056121826171875 0.830352783203125 0.7132415771484375 0.823486328125 0.7361297607421875
4 0.841033935546875 0.6758575439453125 0.823486328125 0.6461029052734375 0.84332275390625 0.6316070556640625 0.847137451171875 0.6598358154296875
4 0.8173828125 0.4752044677734375 0.805938720703125 0.4904632568359375 0.801361083984375 0.4698638916015625 0.786865234375 0.4530792236328125 0.769317626953125 0.4530792236328125 0.762451171875 0.4309539794921875 0.773895263671875 0.4256134033203125 0.78533935546875 0.4317169189453125 0.801361083984375 0.4408721923828125 0.818145751953125 0.4469757080078125 0.8204345703125 0.4568939208984375
4 0.744903564453125 0.4355316162109375 0.743377685546875 0.4507904052734375 0.726593017578125 0.4553680419921875 0.7044677734375 0.4500274658203125 0.689208984375 0.4309539794921875 0.68463134765625 0.4149322509765625 0.68463134765625 0.3981475830078125 0.673187255859375 0.3790740966796875 0.668609619140625 0.3577117919921875 0.668609619140625 0.3447418212890625 0.697601318359375 0.3241424560546875 0.69378662109375 0.3462677001953125 0.69073486328125 0.3607635498046875 0.7105712890625 0.3775482177734375 0.7166748046875 0.3882293701171875 0.7197265625 0.4057769775390625 0.722015380859375 0.4256134033203125 0.73651123046875 0.4317169189453125
4 0.701416015625 0.2989654541015625 0.717437744140625 0.2013092041015625 0.703704833984375 0.2142791748046875 0.688446044921875 0.2028350830078125 0.693023681640625 0.2264862060546875 0.68463134765625 0.2615814208984375
4 0.722015380859375 0.1753692626953125 0.693023681640625 0.1532440185546875 0.71209716796875 0.1410369873046875 0.71820068359375 0.1372222900390625 0.71820068359375 0.1150970458984375 0.729644775390625 0.1044158935546875 0.738037109375 0.1089935302734375 0.74566650390625 0.1051788330078125 0.7532958984375 0.1158599853515625 0.744140625 0.1349334716796875
4 0.451171875 0.0456695556640625 0.43438720703125 0.0143890380859375 0.433624267578125 0.0029449462890625 0.45269775390625 0.0037078857421875 0.45574951171875 0.0365142822265625
4 0.430572509765625 0.0754241943359375 0.422943115234375 0.1868133544921875 0.4298095703125 0.1906280517578125 0.439727783203125 0.1639251708984375 0.454986572265625 0.2005462646484375 0.46185302734375 0.1959686279296875 0.46795654296875 0.1334075927734375 0.45880126953125 0.1326446533203125 0.447357177734375 0.1250152587890625 0.453460693359375 0.0922088623046875 0.454986572265625 0.0845794677734375 0.44964599609375 0.0777130126953125
4 0.4053955078125 0.3394012451171875 0.418365478515625 0.2249603271484375 0.438201904296875 0.2402191162109375 0.43133544921875 0.2562408447265625 0.43743896484375 0.2692108154296875 0.43438720703125 0.2905731201171875 0.439727783203125 0.3020172119140625 0.439727783203125 0.3172760009765625 0.4359130859375 0.3233795166015625 0.4176025390625 0.3134613037109375 0.412261962890625 0.3271942138671875
2 0.593574155948553 0.9855556672025724 0.55024115755627 0.9924638263665595 0.5270046221864952 0.9642031752411575 0.5106762459807074 0.9309184083601286 0.5069081591639871 0.893237540192926 0.505024115755627 0.8103396302250804 0.5571493167202572 0.8128516881028939 0.5571493167202572 0.8649768890675241 0.5653135048231511 0.9145900321543409 0.5860379823151125 0.9359425241157556 0.591690112540193 0.9654592041800643 0.591690112540193 0.9773914790996785
2 0.5828979099678456 0.6985530546623795 0.5653135048231511 0.7286977491961415 0.5489851286173633 0.70608922829582 0.5295166800643087 0.701065112540193 0.5144443327974276 0.6483118971061093 0.5025120578778135 0.601210811897106 0.5270046221864952 0.6539640273311897 0.5923181270096463 0.6853647508038585
2 0.6073904742765273 0.19237339228295813 0.5722216639871383 0.00396905144694526 0.5420769694533762 0.0020850080385851344 0.5314007234726688 0.05295418006430863 0.5389368971061093 0.11889569935691313 0.5690815916398714 0.12266378617363338 0.5854099678456592 0.15720458199356913 0.5797578376205788 0.17478898713826363 0.588550040192926 0.20556169614147912 0.5948301848874598 0.208701768488746 0.6029943729903537 0.19739750803858513
5 0.5288886655948553 0.2671071141479099 0.5043961012861736 0.2997638665594855 0.5087922025723473 0.360681270096463 0.5006280144694534 0.419086615755627 0.4930918408360129 0.48377210610932475 0.4930918408360129 0.5283611334405145 0.5056521302250804 0.5773462620578778 0.5094202170418006 0.599326768488746 0.5188404340836013 0.6338675643086816 0.530144694533762 0.6533360128617363 0.5665695337620579 0.6696643890675241 0.5615454180064309 0.6533360128617363 0.5521252009646302 0.6313555064308681 0.5590333601286174 0.6062349276527331 0.5602893890675241 0.5917905948553055 0.5659415192926045 0.5735781752411575 0.5822698954983923 0.5654139871382636 0.5960862138263665 0.5597618569131833 0.606762459807074 0.5534817122186495 0.6507234726688103 0.5007284967845659 0.651979501607717 0.4856561495176849 0.6387911977491961 0.47121181672025725 0.616810691318328 0.4718398311897106 0.59671422829582 0.42536676045016075 0.5929461414790997 0.4121784565916399 0.568453577170418 0.3481209807073955 0.5514971864951768 0.287203577170418
3 0.5923181270096463 0.398990152733119 0.5979702572347267 0.37449758842443726 0.6180667202572347 0.4096663987138264 0.6186947347266881 0.4423231511254019 0.608646503215434 0.44106712218649513
2 0.5891780546623795 0.39271000803858513 0.5577773311897106 0.2941117363344051 0.586665996784566 0.29097166398713825 0.6080184887459807 0.2664790996784565 0.6073904742765273 0.287203577170418 0.6142986334405145 0.31923231511254013 0.6029943729903537 0.3525170819935691 0.6029943729903537 0.36696141479099675 0.5954581993569132 0.37198553054662375
2 0.6576316318327975 0.9912077974276527 0.6444433279742765 0.8750251205787781 0.6293709807073955 0.8769091639871383 0.6394192122186495 1.0 0.6582596463022508 0.9993719855305466
0 0.6230908360128617 0.9987439710610932 0.608646503215434 0.8185038183279743 0.6199507636655949 0.814735731511254 0.621834807073955 0.8555566720257235 0.6350231109324759 0.9981159565916399
0 0.655119573954984 0.4818880627009646 0.6595156752411575 0.4718398311897106 0.6733319935691318 0.4705838022508039 0.6871483118971061 0.4730958601286174 0.7034766881028939 0.48628416398713825 0.7128969051446945 0.49633239549839225 0.7110128617363344 0.520824959807074 0.6915444131832797 0.5390373794212219 0.685264268488746 0.5566217845659164 0.655119573954984 0.6489399115755627 0.6387911977491961 0.6885048231511254 0.6299989951768489 0.6991810691318328 0.6174387057877814 0.718021503215434 0.6111585610932475 0.718021503215434 0.6029943729903537 0.6841087218649518 0.5910620980707395 0.6709204180064309 0.5904340836012862 0.664640273311897 0.6155546623794212 0.6483118971061093 0.6237188504823151 0.6357516077170418 0.6186947347266881 0.6087469855305466 0.6186947347266881 0.5779742765273312 0.6186947347266881 0.5666700160771704 0.613670618971061 0.5603898713826366 0.6124145900321543 0.5566217845659164 0.613670618971061 0.5497136254019293 0.6557475884244373 0.5019845257234726
1 0.5847819533762058 0.6640122588424437 0.5659415192926045 0.649567926045016 0.5590333601286174 0.6357516077170418 0.5602893890675241 0.6150271302250804 0.5653135048231511 0.5968147106109325 0.5671975482315113 0.581114348874598 0.5898060691318328 0.5691820739549839 0.6055064308681672 0.5641579581993569 0.6111585610932475 0.5704381028938906 0.6142986334405145 0.5999547829581993 0.6174387057877814 0.624447347266881 0.6149266479099678 0.6420317524115755 0.5960862138263665 0.654592041800643
3 0.670191921221865 0.7406300241157556 0.6444433279742765 0.7217895900321543 0.6482114147909968 0.7117413585209003 0.6325110530546624 0.7048331993569132 0.6400472266881029 0.6947849678456591 0.6582596463022508 0.6508239549839228 0.690288384244373 0.5534817122186495 0.6953125 0.5428054662379421 0.7160369774919615 0.5214529742765273 0.725457194533762 0.5289891479099678 0.7172930064308682 0.535897307073955 0.7078727893890675 0.535897307073955 0.7028486736334405 0.5434334807073955 0.7059887459807074 0.5566217845659164 0.7097568327974276 0.5497136254019293 0.7417855707395498 0.5817423633440515 0.7399015273311897 0.586138464630225 0.7311093247588425 0.576090233118971 0.7223171221864952 0.6068629421221865 0.7179210209003215 0.6263313906752411 0.7179210209003215 0.639519694533762 0.7172930064308682 0.662756229903537 0.7097568327974276 0.697925040192926 0.6909163987138264 0.7098573151125402 0.6789841237942122 0.7192775321543408 0.6733319935691318 0.7318378215434084
1 0.5461887668918919 1.0 0.5230943834459459 0.9671663851351351 0.5039590371621622 0.9288956925675675 0.5 0.8926045185810811 0.5 0.8173828125 0.48020481418918914 0.8055057010135135 0.4630489864864865 0.744800464527027 0.45249155405405406 0.742161106418919 0.42873733108108103 0.7250052787162162 0.4234586148648649 0.7091691300675675 0.43137668918918914 0.7025707347972974 0.45249155405405406 0.6992715371621622 0.44391364020270274 0.6867345861486487 0.42543813344594594 0.6689189189189189 0.41290118243243246 0.6478040540540541 0.4056429476351351 0.6286687077702703 0.39838471283783783 0.5989759290540541 0.3924461570945946 0.5686233108108109 0.3898067989864865 0.5349714949324325 0.41026182432432434 0.5145164695945946 0.40432326858108103 0.5105574324324325 0.3845280827702703 0.4755859375 0.38914695945945943 0.45843010979729737 0.39772487331081086 0.43467588682432434 0.39772487331081086 0.4208192567567568 0.39508551520270274 0.401683910472973 0.39508551520270274 0.3713312922297297 0.39442567567567566 0.34031883445945943 0.4016839104729729 0.3317409206081081 0.4148807010135135 0.22154771959459463 0.4201594172297297 0.17535895270270274 0.426097972972973 0.07176414695945943 0.42807749155405406 0.001953125 0.001953125 0.001953125 0.001953125 1.0
1 0.6247096706081081 0.8477354307432432 0.6550622888513513 0.8272804054054054 0.6992715371621622 0.8351984797297297 0.7038904138513513 0.8391575168918919 0.7322635135135136 0.8200221706081081 0.7375422297297297 0.8127639358108107 0.7612964527027026 0.8154032939189189 0.7758129222972974 0.7751530827702703 0.7685546875 0.7593169341216216 0.7909892314189189 0.7368823902027027 0.8074852195945946 0.7797719594594594 0.8292599239864865 0.744140625 0.8351984797297297 0.7164273648648649 0.8365181587837838 0.7118084881756757 0.8094647381756757 0.6999313766891893 0.8200221706081081 0.646484375 0.842456714527027 0.6827755489864865 0.8530141469594594 0.6629803631756757 0.8497149493243243 0.6260293496621622 0.8193623310810811 0.6398859797297298 0.8114442567567568 0.49472128378378377 0.8266205658783784 0.46766786317567566 0.8246410472972974 0.4478726773648649 0.8015466638513513 0.4326963682432433 0.7731735641891893 0.4181798986486487 0.7586570945945945 0.42807749155405406 0.7632759712837838 0.45249155405405406 0.7500791807432432 0.450512035472973 0.7480996621621622 0.43071684966216217 0.7269847972972974 0.41949957770270274 0.7230257601351351 0.38914695945945943 0.695972339527027 0.3561549831081081 0.7025707347972974 0.33635979729729737 0.7032305743243243 0.32382284628378377 0.7032305743243243 0.31788429054054057 0.6636402027027026 0.3416385135135135 0.6801361908783784 0.26707664695945943 0.7005912162162162 0.3046875 0.7052100929054055 0.3046875 0.720386402027027 0.19911317567567566 0.7177470439189189 0.19581397804054057 0.7025707347972974 0.20835092905405406 0.6867345861486487 0.19647381756756754 0.6900337837837838 0.15622360641891897 0.7230257601351351 0.1793179898648649 0.7566775760135136 0.11663323479729726 0.7454603040540541 0.10145692567567566 0.7382020692567568 0.10475612331081086 0.7316036739864865 0.09815772804054057 0.7494193412162162 0.08100190033783783 0.7659153293918919 0.11333403716216217 0.7995671452702703 0.10871516047297303 0.8035261824324325 0.10871516047297303 0.8106210443037974 0.09315664556962033 0.815565664556962 0.09315664556962033 0.8096321202531646 0.107001582278481 0.8195213607594937 0.11590189873417722 0.8303995253164557 0.10452927215189878 0.8348496835443038 0.113429588607595 0.8600672468354431 0.12232990506329122 0.9535205696202531 0.18858781645569622 1.0 0.2132357005900598 0.9967878919860627 0.999319468641115 0.6674107142857142 0.9959168118466899 0.6497168989547037 0.8686574477351916 0.6286204268292683 0.8700185104529616
1 0.6490363675958188 0.7781467770034843 0.6585638066202091 0.8087706881533101 0.659244337979094 0.8264645034843205 0.7000762195121951 0.8305476916376306 0.694631968641115 0.7917574041811847 0.7620045731707317 0.7563697735191638 0.7868492983028721 0.7338140502610966 0.8041877447780679 0.7016869288511749 0.8154067395561357 0.6455919549608355 0.8072474706266318 0.496175342689295 0.8031678361618799 0.493625571148825 0.797048384464752 0.4722074902088773 0.785829389686684 0.45639890665796345 0.7710407147519582 0.4558889523498695 0.7496226338120104 0.4538491351174935 0.7378936847258486 0.45435908942558745 0.7236149640992167 0.4579287695822454 0.7037267460835509 0.45435908942558745 0.694547568537859 0.4426301403394256 0.686388299608355 0.4314111455613576 0.681798710835509 0.41203288185378584 0.6766991677545692 0.393164572454308 0.6680299445169713 0.3773559889033943 0.6634403557441253 0.3574677708877284 0.6598706755874673 0.34216914164490864 0.6746593505221932 0.2641461325065274 0.6833285737597912 0.24782759464751958 0.6874082082245431 0.22334978785900783 0.6853683909921671 0.202951615535248 0.681798710835509 0.18306339751958223 0.6843484823759791 0.15705572780678845 0.689957979765013 0.1453267787206266 0.7103561520887729 0.13563764686684077 0.7134158779373367 0.11931910900783282 0.7134158779373367 0.10912002284595301 0.7735904862924282 0.05506486618798956 0.8072474706266318 0.0540449575718015 0.8567130385117494 0.06781372389033946 0.894959611618799 0.08158249020887731 0.9235170528720626 0.09892093668407309 0.9444251795039165 0.1177892460835509 1.0 0.1325751035911602 1.0 0.001953125 0.5762381690600522 0.0020296181462140517 0.6114250163185379 0.19581225522193213 0.59765625 0.21213079308093996 0.5854173466057441 0.20958102154046998 0.5741983518276762 0.17337426566579628 0.5787879406005222 0.15756568211488253 0.5675689458224542 0.12798833224543082 0.5385015502610966 0.12390869778067881 0.5288124184073106 0.26108640665796345 0.5548200881201044 0.2850542591383812 0.5599196312010444 0.2896438479112271 0.5828675750652741 0.2870940763707571 0.6042856560052219 0.26567599543080933 0.6124449249347258 0.2626162695822454 0.6175444680156658 0.3156515176240209 0.6088752447780679 0.35695781657963443 0.6083652904699739 0.36766685704960833 0.6047956103133159 0.37582612597911225 0.6216241024804177 0.4064233844647519 0.6226440110966057 0.4421201860313315 0.6206041938642297 0.44568986618798956 0.6104051077023498 0.44568986618798956 0.6180544223237598 0.4686378100522193 0.6323331429503916 0.4676179014360313 0.6415123204960835 0.4676179014360313 0.6496715894255874 0.4783269419060052 0.6542611781984333 0.4706776272845953 0.6690498531331592 0.4655780842036553 0.693527659921671 0.4716975359007832 0.7083163348563968 0.48393643929503916 0.7154556951697127 0.495155434073107 0.7164756037859008 0.5170834693211488 0.7317742330287206 0.5283024640992167 0.7210651925587467 0.5369716873368147 0.7078063805483028 0.5415612761096605 0.7072964262402088 0.5461508648825065 0.7098461977806788 0.5456409105744124 0.7470728622715405 0.5823576207571801 0.7414633648825064 0.5920467526109661 0.7322841873368147 0.5843974379895561 0.7236149640992167 0.6287634627937336 0.7154556951697127 0.699647111618799 0.7129059236292428 0.7037267460835509 0.6970973400783289 0.7123959693211488 0.681288756527415 0.7210651925587467 0.6721095789817232 0.7460529536553524 0.6654801729765012 0.7414633648825064 0.6440620920365535 0.7282045528720626 0.6394725032637075 0.7251448270234986 0.6420222748041775 0.7164756037859008 0.6308032800261096 0.7098461977806788 0.6221340567885117 0.7200452839425587 0.6180544223237598 0.7225950554830287 0.6093851990861618 0.7246348727154046 0.600715975848564 0.690467934073107 0.596126387075718 0.6889380711488251 0.5843974379895561 0.7032167917754568 0.5690988087467362 0.7312642787206266 0.5517603622715405 0.7848094810704961 0.5594096768929504 0.7893990698433421 0.5629793570496083 0.8092872878590078 0.5634893113577023 0.8628324902088773 0.5696087630548303 0.9143378753263708 0.588477072454308 0.9347360476501305 0.595616432767624 0.9638034432114883 0.596636341383812 0.98828125 0.5522703165796344 0.9959305646214099 0.5522703165796344 0.9989902904699739 0.6160146050913837 0.9984803361618799 0.6190743309399478 0.9949106560052219 0.6088752447780679 0.8674220789817233 0.5996960672323759 0.8562030842036553 0.5910268439947781 0.8368248204960835 0.588987026762402 0.8276456429503917 0.5910268439947781 0.8194863740208878 0.6042856560052219 0.8194863740208878 0.6042856560052219 0.8169366024804178 0.6155046507832898 0.8128569680156658 0.6195842852480418 0.8052076533942558 0.6267236455613576 0.7776701207571801
1 0.5473537604456824 0.7829256615598885 0.5620430013927576 0.7350496169916434 0.5462656685236769 0.7089354108635098 0.5272240598885793 0.7034949512534818 0.5092705431754874 0.6452820334261838 0.49784557799442897 0.6012143105849582 0.4989336699164345 0.5952298050139275 0.5021979456824512 0.5821727019498607 0.49022893454038996 0.5342966573816156 0.49458130222841223 0.41895891364902504 0.5032860376044568 0.3602019498607242 0.5000217618384402 0.29872475626740946 0.5245038300835654 0.26390581476323116 0.5315764275766017 0.12245386490250698 0.5272240598885793 0.05281598189415038 0.5364728412256268 0.0022197075208912898 0.4564980849582172 0.0022197075208912898 0.4608504526462396 0.03540651114206128 0.45540999303621166 0.04791956824512533 0.44996953342618384 0.051727889972144836 0.43201601671309187 0.019085132311977726 0.429295786908078 0.07022545264623947 0.4510576253481894 0.07403377437325898 0.45758617688022285 0.08165041782729798 0.45921831476323116 0.09797179665738154 0.4526897632311977 0.12136577298050133 0.4586742688022284 0.12843837047353757 0.47281946378830086 0.1295264623955431 0.46520282033426186 0.20025243732590525 0.45758617688022285 0.20406075905292476 0.44996953342618384 0.20351671309192199 0.44017670612813364 0.17141800139275765 0.4298398328690808 0.19807625348189417 0.42276723537604455 0.19263579387186625 0.41895891364902504 0.21820595403899723 0.4434409818941504 0.24051183844011137 0.436912430362117 0.2541129874651811 0.44235288997214484 0.2666260445682451 0.4390886142061281 0.2905640668523677 0.4450731197771588 0.30307712395543174 0.44235288997214484 0.3210306406685236 0.44017670612813364 0.32647110027855153 0.4331041086350975 0.32755919220055707 0.42113509749303624 0.31994254874651806 0.41351845403899723 0.33408774373259054 0.4102541782729805 0.3422484331476323 0.40753394846796653 0.34714484679665736 0.42276723537604455 0.3699947771587744 0.43473624651810583 0.396108983286908 0.43473624651810583 0.40372562674094703 0.4254874651810585 0.42113509749303624 0.4102541782729805 0.4271196030640668 0.4102541782729805 0.43636838440111414 0.41678272980501385 0.44235288997214484 0.42113509749303624 0.4467052576601671 0.42657555710306405 0.4739075557103064 0.42820769498607236 0.5087264972144847 0.42875174094707513 0.5299442896935933 0.43473624651810583 0.5484418523676879 0.4336481545961003 0.5566025417827298 0.4222231894150418 0.568571552924791 0.4195029596100278 0.586525069637883 0.42439937325905286 0.5935976671309192 0.42439937325905286 0.599038126740947 0.41079822423398327 0.624608286908078 0.41460654596100277 0.6235201949860725 0.4336481545961003 0.6082869080779945 0.4521457172701949 0.6409296657381616 0.4684670961002785 0.6801009749303621 0.4858765668523677 0.7051270891364902 0.5016538997214485 0.7252567896935933 0.510358635097493 0.7464745821727019 0.510358635097493 0.7638840529247911 0.5239597841225627 0.7763971100278552 0.5359287952646239 0.7802054317548747
