3 0.3053850446428572 0.9931640625 0.2998046875 0.7504185267857142 0.4574497767857143 0.7476283482142857 0.4602399553571429 0.7643694196428571 0.4727957589285714 0.7713448660714285 0.4714006696428572 0.8201729910714285 0.4504743303571429 0.8383091517857142 0.4434988839285714 0.8759765625 0.4686104910714286 0.9010881696428571 0.4602399553571429 0.9275948660714285 0.4588448660714286 0.9806082589285714
3 0.6527622767857143 0.9987444196428571 0.8536551339285715 0.9973493303571428 0.8522600446428571 0.9764229910714285 0.8369140624999999 0.9750279017857142 0.8187779017857143 0.9457310267857142 0.7643694196428571 0.9471261160714285 0.7601841517857143 0.9303850446428571 0.7992466517857143 0.9234095982142857 0.7936662946428571 0.9122488839285714 0.6736886160714286 0.9066685267857142 0.6736886160714286 0.9499162946428571 0.6485770089285714 0.9554966517857142 0.6471819196428571 0.9820033482142857 0.6527193509615385 1.0
3 0.6400669642857142 0.8158482142857143 0.6255580357142857 0.7901785714285714 0.6199776785714285 0.7611607142857143 0.62890625 0.7232142857142857 0.6612723214285714 0.7075892857142857 0.6902901785714285 0.7377232142857143 0.6936383928571428 0.7845982142857143 0.67578125 0.8091517857142857
3 0.3833705357142857 0.6506696428571428 0.36439732142857145 0.4732142857142857 0.3856026785714286 0.3035714285714286 0.5842633928571428 0.3058035714285714 0.59765625 0.46875 0.6177455357142857 0.4654017857142857 0.6177455357142857 0.5089285714285714 0.6222098214285714 0.5803571428571428 0.62890625 0.6484375 0.6266741071428571 0.6741071428571428 0.6032366071428571 0.6953125 0.5809151785714285 0.7075892857142857 0.5708705357142857 0.734375 0.5061383928571428 0.7388392857142857 0.50390625 0.6529017857142857 0.5016741071428571 0.6696428571428572 0.48158482142857145 0.6696428571428572 0.48158482142857145 0.6506696428571428
3 0.51171875 0.2589285714285714 0.5719866071428571 0.2600446428571429 0.5719866071428571 0.2511160714285714 0.5842633928571428 0.2488839285714286 0.5853794642857142 0.1796875 0.5753348214285714 0.171875 0.57421875 0.1540178571428571 0.5652901785714285 0.1540178571428571 0.5641741071428571 0.1316964285714286 0.5106026785714285 0.1350446428571429 0.5106026785714285 0.1573660714285714
3 0.66015625 0.2845982142857143 0.66015625 0.1774553571428571 0.6690848214285714 0.1540178571428571 0.7706473214285714 0.1607142857142857 0.7762276785714285 0.2154017857142857 0.7684151785714285 0.2834821428571429 0.7349330357142857 0.2924107142857143
3 0.9771205357142857 0.3013392857142857 0.9882812499999999 0.2912946428571429 0.998046875 0.2912946428571429 0.998046875 0.2332589285714286 0.998046875 0.014508928571428603 0.9804687499999999 0.022321428571428603 0.9760044642857143 0.0591517857142857 0.9425223214285713 0.0580357142857143 0.9313616071428571 0.0792410714285714 0.9079241071428571 0.0904017857142857 0.9157366071428571 0.1361607142857143 0.9257812499999999 0.1930803571428571 0.9235491071428571 0.2220982142857143 0.9324776785714285 0.2488839285714286 0.9559151785714285 0.2600446428571429 0.9547991071428571 0.3058035714285714
3 0.47035435267857145 0.939453125 0.5279017857142858 0.9342215401785714 0.5296456473214286 0.9150390625 0.49476841517857145 0.9063197544642857
3 0.5114167705735662 0.8110193266832918 0.5119038341645885 0.7998168640897756 0.528951059850374 0.7925109102244389 0.5416147132169576 0.7895885286783042 0.5459982855361596 0.7978686097256857 0.5455112219451372 0.8061486907730673 0.5435629675810474 0.8105322630922693 0.5265157418952618 0.8100451995012469
1 0.2580991972477064 0.7777379587155964 0.2885607798165138 0.7651949541284404 0.2957282110091743 0.7293577981651376 0.2742259174311927 0.6881450688073394 0.25989105504587157 0.6666427752293578 0.25989105504587157 0.6290137614678899 0.26705848623853207 0.591384747706422 0.2885607798165138 0.5680905963302751 0.3279816513761468 0.5465883027522935 0.34231651376146793 0.5035837155963303 0.32618979357798167 0.48028956422018343 0.2885607798165138 0.485665137614679 0.2652666284403669 0.5358371559633028 0.24197247706422015 0.5358371559633028 0.21509461009174308 0.5376290137614679 0.20792717889908258 0.5967603211009174 0.1918004587155963 0.6505160550458715 0.1918004587155963 0.7006880733944953 0.20792717889908258 0.7383170871559632
1 0.24197247706422015 0.5035837155963303 0.2652666284403669 0.44982798165137616 0.2724340596330275 0.40682339449541294 0.277809633027523 0.34410837155963314 0.28676892201834864 0.3082712155963303 0.30468749999999994 0.2939363532110091 0.331565366972477 0.25451548165137616 0.3279816513761468 0.2348050458715596 0.3387327981651376 0.19896788990825698 0.36740252293577985 0.19896788990825698 0.3942803899082568 0.18463302752293576 0.3763618119266055 0.1613388761467891 0.3656106651376147 0.13983658256880727 0.35665137614678893 0.1129587155963303 0.3584432339449541 0.08428899082568808 0.36023509174311924 0.06637041284403677 0.344108371559633 0.053827408256880815 0.331565366972477 0.041284403669724856 0.31902236238532106 0.046659977064220204 0.3064793577981651 0.06457855504587151 0.28676892201834864 0.048451834862385246 0.28676892201834864 0.03053325688073394 0.2813933486238532 0.012614678899082632 0.25630733944954126 0.0036553899082567565 0.20971903669724773 0.00544724770642202 0.21509461009174308 0.05203555045871555 0.20255160550458712 0.1057912844036697 0.1846330275229358 0.1308772935779816 0.18284116972477066 0.16671444954128445 0.188216743119266 0.2240538990825689 0.20255160550458712 0.25093176605504586 0.20971903669724773 0.290352637614679 0.19538417431192662 0.319022362385321 0.19359231651376146 0.33873279816513757 0.20613532110091742 0.41757454128440363 0.21688646788990823 0.4605791284403671 0.22763761467889904 0.4892488532110091
1 0.7042717889908257 0.801032110091743 0.7006880733944953 0.759819380733945 0.7060636467889907 0.7311496559633027 0.736525229357798 0.697104357798165 0.7401089449541283 0.6773939220183486 0.7616112385321101 0.6523079128440367 0.7723623853211008 0.6343893348623852 0.786697247706422 0.6164707568807339 0.7938646788990824 0.5931766055045871 0.8028239678899081 0.5662987385321101 0.8081995412844036 0.526877866972477 0.813575114678899 0.5 0.8189506880733943 0.46953841743119273 0.8046158256880733 0.422950114678899 0.8046158256880733 0.40323967889908263 0.8637471330275228 0.34410837155963314 0.8762901376146788 0.3297735091743119 0.9085435779816513 0.3261897935779816 0.9407970183486238 0.3333572247706422 0.9497563073394495 0.3889048165137614 0.9479644495412842 0.42474197247706424 0.9838016055045871 0.4444524082568808 0.998046875 0.49858443233945005 0.9945527522935778 0.6218463302752293 0.9533400229357798 0.6469323394495412 0.9300458715596329 0.7024799311926606 0.9282540137614679 0.7419008027522935 0.9390051605504586 0.7634030963302751 0.9712586009174311 0.8081995412844036 0.998046875 0.8498701898572885 0.998046875 0.8995842889908257 0.9927608944954127 0.9838016055045871 0.9784260321100917 0.9981364678899082 0.906751720183486 0.9999283256880733 0.9063455657492351 1.0 0.8529959862385319 0.9605074541284403 0.8297018348623852 0.9282540137614679 0.7920728211009174 0.8942087155963303 0.7669868119266054 0.8744982798165137 0.7347333715596329 0.8440366972477065
2 0.47849770642201833 0.8960005733944953 0.5645068807339448 0.892416857798165 0.6343893348623852 0.8888331422018348 0.6899369266055044 0.890625 0.7454845183486238 0.8942087155963303 0.7705705275229358 0.8888331422018348 0.736525229357798 0.8619552752293578 0.722190366972477 0.8476204128440367 0.709647362385321 0.8261181192660549 0.6809776376146788 0.8243262614678899 0.6236381880733943 0.8332855504587156 0.5949684633027521 0.8243262614678899 0.6308056192660549 0.8207425458715596 0.6218463302752293 0.801032110091743 0.6128870412844036 0.7849053899082569 0.6146788990825687 0.7651949541284404 0.6146788990825687 0.7454845183486238 0.6146788990825687 0.7293577981651376 0.6254300458715596 0.7060636467889908 0.6523079128440366 0.7024799311926606 0.6917287844036697 0.7186066513761468 0.707855504587156 0.709647362385321 0.7293577981651376 0.6863532110091743 0.7544438073394495 0.6415567660550459 0.7634030963302751 0.6182626146788991 0.7777379587155961 0.591384747706422 0.7723623853211008 0.5824254587155964 0.7419008027522935 0.5878010321100917 0.7203985091743119 0.5734661697247707 0.7186066513761467 0.5447964449541285 0.7150229357798163 0.5179185779816513 0.7132310779816513 0.4892488532110091 0.7132310779816513 0.46595470183486243 0.7132310779816513 0.4372849770642202 0.7419008027522935 0.410407110091743 0.7580275229357798 0.410407110091743 0.7777379587155961 0.41757454128440363 0.7831135321100917 0.4444524082568808 0.7831135321100917 0.4713302752293578 0.7831135321100917 0.4928325688073394 0.7849053899082568 0.514334862385321 0.7831135321100917 0.5394208715596329 0.7831135321100917 0.5752580275229358 0.8046158256880733 0.5358371559633028 0.8028239678899081 0.5161267201834863 0.801032110091743 0.4928325688073394 0.801032110091743 0.4784977064220184 0.799240252293578 0.4587872706422018 0.7956565366972477 0.44624426605504586 0.7938646788990824 0.4301175458715596 0.7938646788990824 0.40682339449541294 0.8028239678899081 0.381737385321101 0.815366972477064 0.36919438073394506 0.82790997706422 0.3530676605504588 0.8619552752293578 0.32439793577981657 0.9121272935779816 0.3082712155963303 0.9390051605504586 0.32081422018348627 0.9587155963302751 0.3423165137614679 0.9587155963302751 0.39786410550458706 0.9748423165137614 0.4301175458715596 0.998046875 0.4301175458715596 0.998046875 0.3638188073394495 0.998046875 0.30647935779816504 0.9569237385321099 0.31723050458715596 0.9443807339449539 0.29214449541284404 0.9461725917431192 0.2652666284403671 0.917502866972477 0.25093176605504586 0.9085435779816513 0.21867832568807333 0.9121272935779816 0.1828411697247707 0.9103354357798163 0.1541714449541285 0.8995842889908257 0.11833428899082565 0.8977924311926604 0.08787270642201839 0.9264621559633026 0.06637041284403677 0.9390051605504586 0.046659977064220204 0.9658830275229358 0.04486811926605494 0.9658830275229358 0.012614678899082632 0.9872061353211008 0.001953125 0.7687786697247705 0.001953125 0.6756020642201834 0.001953125 0.6702264908256881 0.13983658256880727 0.7508600917431192 0.15237958715596323 0.7813216743119265 0.14879587155963314 0.7902809633027521 0.1792574541284404 0.7795298165137614 0.2527236238532111 0.7741542431192661 0.290352637614679 0.7526519495412842 0.30289564220183496 0.7060636467889907 0.3118549311926606 0.6576834862385321 0.2975200688073394 0.6433486238532109 0.26885034403669716 0.6487241972477062 0.2276376146788992 0.6487241972477062 0.19538417431192667 0.6505160550458715 0.17029816513761475 0.6523079128440366 0.14879587155963314 0.6630590596330275 0.09862385321100908 0.6630590596330275 0.046659977064220204 0.6630590596330275 0.009030963302752326 0.6272219036697246 0.021573967889908285 0.5860091743119265 0.009030963302752326 0.5716743119266054 0.08787270642201839 0.5860091743119265 0.15237958715596323 0.5967603211009174 0.17746559633027514 0.5967603211009174 0.20971903669724767 0.5949684633027521 0.25093176605504586 0.5860091743119265 0.28497706422018343 0.6021358944954127 0.4516198394495412 0.6343893348623852 0.4516198394495412 0.6451404816513762 0.6451404816513762 0.6361811926605503 0.6773939220183486 0.6003440366972477 0.7114392201834863 0.5878010321100917 0.7186066513761468 0.5752580275229358 0.7419008027522935 0.5250860091743119 0.7436926605504587 0.487456995412844 0.7544438073394495 0.5089592889908257 0.786697247706422 0.5519638761467889 0.7777379587155964 0.5645068807339448 0.7974483944954128 0.5627150229357798 0.8153669724770642 0.5286697247706422 0.8261181192660549 0.5035837155963303 0.8207425458715596 0.4982081422018348 0.7884891055045871 0.4802895642201835 0.7831135321100917 0.4802895642201835 0.8099913990825688 0.46237098623853207 0.8404529816513762 0.4534116972477064 0.8673308486238531
2 0.5645068807339448 0.12550172018348627 0.526877866972477 0.1272935779816513 0.5107511467889907 0.1272935779816513 0.487456995412844 0.1756737385321101 0.49283256880733944 0.2204701834862386 0.4695384174311927 0.1900086009174311 0.4534116972477064 0.15596330275229353 0.4462442660550458 0.2204701834862386 0.4462442660550458 0.27064220183486243 0.4211582568807339 0.29214449541284404 0.3763618119266055 0.29214449541284404 0.36023509174311924 0.34052465596330284 0.277809633027523 0.4713302752293578 0.2580991972477064 0.4964162844036697 0.277809633027523 0.40682339449541294 0.28318520642201833 0.3566513761467891 0.29035263761467894 0.3261897935779816 0.3279816513761468 0.2760177752293578 0.34590022935779813 0.24376433486238525 0.3476920871559633 0.21688646788990829 0.37815366972477066 0.20613532110091737 0.4104071100917431 0.1828411697247707 0.39248853211009177 0.15954701834862384 0.37456995412844035 0.12191800458715596 0.3727780963302752 0.07174598623853212 0.3620269495412844 0.03949254587155959 0.32260607798165136 0.03053325688073394 0.3100630733944954 0.05024369266055051 0.28591778956422015 0.001953125 0.5806336009174311 0.001953125
2 0.9927608944954127 0.8046158256880733 0.998046875 0.7940438646788989 0.998046875 0.7186066513761468 0.998046875 0.6361811926605505 0.9694667431192658 0.6469323394495412 0.9425888761467889 0.682769495412844 0.9425888761467889 0.7490682339449541 0.9730504587155961 0.8081995412844036 0.998046875 0.834862385321101
2 0.3038194444444445 0.7445913461538461 0.441539797008547 0.7454260149572649 0.4674145299145299 0.7437566773504274 0.4749265491452992 0.762119391025641 0.48828125000000006 0.7746394230769231 0.4849425747863248 0.7587807158119658 0.4891159188034188 0.7454260149572649 0.4999666132478633 0.7379139957264957 0.5016359508547009 0.7253939636752136 0.5016359508547009 0.7036925747863247 0.500801282051282 0.6895032051282051 0.4966279380341881 0.6819911858974359 0.4832732371794872 0.672809829059829 0.47659588675213677 0.6703058226495726 0.4774305555555556 0.6602897970085471 0.4565638354700855 0.6552817841880342 0.4048143696581197 0.6536124465811965 0.38227831196581197 0.6552817841880342 0.37059294871794873 0.6202256944444444 0.36391559829059833 0.5467748397435896 0.3597422542735043 0.47415865384615385 0.37226228632478636 0.3931957799145299 0.37476629273504275 0.37900641025641024 0.3138354700854701 0.47415865384615385 0.348056891025641 0.49502537393162394 0.34638755341880345 0.5192307692307692 0.32885950854700857 0.5551215277777777 0.3113314636752137 0.5634682158119657 0.288795405982906 0.5793269230769231 0.27293669871794873 0.5976896367521367 0.2679286858974359 0.643596420940171 0.2829527243589744 0.6769831730769231
2 0.730364664968652 0.572094190830721 0.7312830623040752 0.5378073569749217 0.7511816712382445 0.5375012245297806 0.7502632739028213 0.5687267339341693
2 0.7566920552507836 0.5705635286050157 0.7747538695141066 0.5699512637147335 0.7738354721786834 0.5430116085423198 0.7573043201410659 0.539338019200627
2 0.7306707974137931 0.5212762049373041 0.7462835521159874 0.5203578076018809 0.748732611677116 0.48729550352664575 0.730364664968652 0.48392804663009403
2 0.7548552605799373 0.5191332778213167 0.7765906641849529 0.5188271453761756 0.7762845317398119 0.48484644396551724 0.7554675254702194 0.48392804663009403
2 0.7331198569749217 0.46770302703761757 0.72975240007837 0.43617138518808773 0.7343443867554859 0.4251506171630094 0.7447528898902821 0.41719117358934166 0.7496510090125392 0.4242322198275862 0.7484264792319749 0.446579888322884 0.7484264792319749 0.46709076214733547 0.7355689165360502 0.46984595415360497 0.7364873138714734 0.469539821708464
1 0.7542429956896551 0.46709076214733547 0.7551613930250783 0.43708978252351094 0.7750600019592476 0.43647751763322884 0.7738354721786834 0.4701520865987461
5 0.3096081637596899 0.9985010901162791 0.5026495881782945 0.9985010901162791 0.5450429990310077 0.946266351744186 0.6169603924418604 0.939453125 0.6570827277131783 0.946266351744186 0.6707091812015503 0.939453125 0.6737372819767442 0.9076580668604651 0.7327852470930233 0.9053869912790697 0.7857770106589147 0.9061440164728682 0.8077307412790697 0.9227985707364341 0.7835059350775193 0.9265836967054264 0.7698794815891473 0.939453125 0.8137869428294573 0.9417242005813954 0.8228712451550387 0.9235555959302325 0.8024315649224806 0.9046299660852712 0.7782067587209303 0.8910035125968992 0.6858496850775193 0.8947886385658914 0.6419422238372093 0.8963026889534884 0.5669967296511628 0.9000878149224806 0.5314165455426356 0.9076580668604651 0.5367157218992248 0.9288547722868217 0.5102198401162791 0.9386960998062015 0.47312560562015504 0.9447523013565892 0.466312378875969 0.9818465358527132
5 0.22653345724907065 0.5273292286245352 0.26356296468401486 0.5266031598513011 0.2788104089219331 0.5033689591078067 0.2867971654275093 0.4830390334572491 0.3034967472118959 0.4765044144981413 0.31511384758364314 0.4634351765799256 0.33181342936802977 0.43366635687732336 0.35069121747211895 0.406801812267658 0.3710211431226766 0.3821154739776952 0.3790078996282528 0.34944237918215615 0.3819121747211896 0.31096073420074344 0.35432156133828996 0.35307272304832715 0.33689591078066916 0.38865009293680297 0.30277067843866173 0.44673559479553904 0.2759061338289963 0.4794086895910781 0.2577544144981413 0.5026428903345725 0.22798559479553904 0.5055471654275092
0 0.002418154761904767 0.9991319444444444 0.22253224206349204 0.9975818452380952 0.30313740079365076 0.9696800595238095 0.296937003968254 0.7697172619047619 0.23958333333333331 0.7898685515873016 0.22563244047619052 0.7681671626984127 0.17757936507936506 0.7185639880952381 0.17447916666666669 0.6736111111111112 0.1853298611111111 0.6240079365079365 0.20238095238095238 0.5682043650793651 0.21168154761904762 0.5124007936507937 0.21013144841269843 0.476748511904762 0.2008308531746032 0.43799603174603174 0.18998015873015878 0.39459325396825395 0.17912946428571436 0.34033978174603174 0.1853298611111111 0.3031374007936508 0.19153025793650796 0.28453621031746035 0.19308035714285715 0.26748511904761907 0.17602926587301587 0.23958333333333337 0.16827876984126988 0.18687996031746035 0.17912946428571436 0.109375 0.199280753968254 0.08767361111111116 0.20238095238095238 0.024119543650793718 0.18991234188988104 0.001953125 0.0 0.001953125
