1 0.37575954861111116 0.7311197916666667 0.39420572916666674 0.7267795138888888 0.38986545138888884 0.705078125 0.37575954861111116 0.7083333333333334
1 0.4213324652777777 0.7018229166666667 0.4126519097222221 0.7180989583333334 0.4224175347222221 0.734375 0.4419487847222221 0.7191840277777778
1 0.46256510416666663 0.6888020833333334 0.45388454861111116 0.6963975694444444 0.4669053819444444 0.7083333333333334 0.4853515625 0.6996527777777778 0.4907769097222222 0.6909722222222223 0.4745008680555556 0.6790364583333334
1 0.4907769097222222 0.6497395833333334 0.4658203125 0.6627604166666667 0.47884114583333326 0.6725260416666667 0.49294704861111105 0.6736111111111112 0.5103081597222222 0.6692708333333334
1 0.34212239583333326 0.6985677083333334 0.33669704861111116 0.6768663194444444 0.3095703125 0.6909722222222223 0.31174045138888884 0.7094184027777778
1 0.26725260416666674 0.3546006944444444 0.4278428819444444 0.21354166666666674 0.35080295138888884 0.17556423611111116 0.23253038194444442 0.16145833333333337 0.14029947916666674 0.12999131944444453 0.03938802083333326 0.06705729166666674 0.002495659722222099 0.00520833333333337 0.001953125 0.008192274305555025 0.001953125 0.05946180555555558 0.0361328125 0.14952256944444453 0.08604600694444442 0.20920138888888895 0.11317274305555558 0.2406684027777778 0.1435546875 0.2319878472222222 0.13161892361111116 0.2699652777777778 0.17176649305555558 0.3187934027777778 0.1630859375 0.28190104166666674 0.1782769097222221 0.24609375 0.22819010416666674 0.2211371527777778 0.26833767361111116 0.2417534722222222 0.28352864583333326 0.26779513888888895 0.24555121527777768 0.29817708333333337 0.22927517361111116 0.31770833333333337 0.23795572916666674 0.3491753472222222
1 0.43869357638888884 0.529296875 0.5200737847222222 0.5792100694444444 0.5547960069444444 0.6019965277777778 0.5656467013888888 0.6291232638888888 0.5591362847222222 0.6573350694444444 0.5428602430555556 0.6801215277777778 0.49837239583333326 0.7224392361111112 0.41482204861111116 0.7701822916666666 0.3377821180555556 0.8125 0.3399522569444444 0.7907986111111112 0.4180772569444444 0.7560763888888888 0.44954427083333326 0.7376302083333334 0.4452039930555556 0.7278645833333334 0.46256510416666663 0.7159288194444444 0.4799262152777778 0.7224392361111112 0.5276692708333333 0.6801215277777778 0.5396050347222222 0.6551649305555556 0.5482855902777778 0.6204427083333334 0.5200737847222222 0.5933159722222223 0.4603949652777778 0.5640190972222223 0.4267578125 0.5412326388888888
1 0.4462890625 0.5553385416666667 0.3193359375 0.5596788194444444 0.2911241319444444 0.5726996527777778 0.27810329861111116 0.6106770833333334 0.27267795138888884 0.6486545138888888 0.2802734375 0.6714409722222223 0.2650824652777777 0.6822916666666667 0.27376302083333326 0.6996527777777778 0.2889539930555556 0.7029079861111112 0.3008897569444444 0.6909722222222223 0.3041449652777777 0.6725260416666667 0.2889539930555556 0.6475694444444444 0.29654947916666674 0.6041666666666667 0.3106553819444444 0.578125 0.36599392361111116 0.5716145833333334 0.4213324652777777 0.5705295138888888
1 0.3529730902777777 0.5792100694444444 0.4224175347222221 0.5922309027777778 0.44845920138888884 0.5922309027777778 0.4755859375 0.607421875 0.47341579861111105 0.6291232638888888 0.5211588541666666 0.63671875 0.5352647569444444 0.6334635416666667 0.5363498263888888 0.6215277777777778 0.5146484375 0.6106770833333334 0.4951171875 0.5911458333333334 0.4549696180555556 0.5705295138888888 0.3931206597222221 0.5748697916666667
1 0.3084852430555556 0.8287760416666666 0.3638237847222221 0.7072482638888888 0.35514322916666674 0.7007378472222223 0.30305989583333326 0.79296875 0.30305989583333326 0.7745225694444444 0.2813585069444444 0.8049045138888888 0.2607421875 0.8472222222222222 0.27810329861111116 0.8428819444444444
1 0.22384982638888884 0.9188368055555556 0.2596571180555556 0.9307725694444444 0.24900674412393164 1.0 0.21408420138888884 0.9991319444444444
1 0.2520616319444444 0.6931423611111112 0.2368706597222221 0.6877170138888888 0.2314453125 0.6443142361111112 0.2271050347222221 0.59765625 0.21842447916666674 0.6041666666666667 0.21950954861111116 0.6584201388888888 0.23036024305555558 0.7061631944444444 0.25857204861111116 0.7061631944444444
1 0.4180772569444444 0.5520833333333334 0.4159071180555556 0.5325520833333334 0.39963107638888884 0.5238715277777778 0.4018012152777777 0.46744791666666674 0.4018012152777777 0.4609375 0.37575954861111116 0.4555121527777778 0.33561197916666674 0.45876736111111116 0.30631510416666674 0.46310763888888895 0.3106553819444444 0.4500868055555556 0.26291232638888884 0.4500868055555556 0.25857204861111116 0.5162760416666667 0.2596571180555556 0.5629340277777778 0.30305989583333326 0.5553385416666667 0.3334418402777777 0.55859375 0.38444010416666674 0.5553385416666667
1 0.4321831597222221 0.5227864583333334 0.41916232638888884 0.4989149305555556 0.4376085069444444 0.4424913194444444 0.43435329861111116 0.431640625 0.4126519097222221 0.4468315972222222 0.4083116319444444 0.49348958333333337 0.4126519097222221 0.5282118055555556 0.4224175347222221 0.5347222222222223
0 0.2715928819444444 0.9991319444444444 0.24989149305555558 0.998046875 0.2661675347222221 0.9014756944444444 0.2889539930555556 0.8428819444444444 0.3193359375 0.8211805555555556 0.3236762152777777 0.7994791666666666 0.3301866319444444 0.8070746527777778 0.34103732638888884 0.8103298611111112 0.37033420138888884 0.7951388888888888 0.4419487847222221 0.7615017361111112 0.5016276041666666 0.7267795138888888 0.5482855902777778 0.6801215277777778 0.5645616319444444 0.6529947916666667 0.5699869791666666 0.6334635416666667 0.5493706597222222 0.5911458333333334 0.5146484375 0.5737847222222223 0.44845920138888884 0.5325520833333334 0.4321831597222221 0.5065104166666667 0.43435329861111116 0.46744791666666674 0.44954427083333326 0.44900173611111116 0.47884114583333326 0.42838541666666674 0.5504557291666666 0.412109375 0.6611328125 0.4175347222222222 0.7349175347222222 0.4175347222222222 0.7891710069444444 0.4110243055555556 0.824978298611111 0.40559895833333337 0.8564453125 0.3871527777777778 0.8748914930555555 0.36002604166666674 0.8694661458333333 0.32638888888888895 0.8553602430555555 0.30685763888888895 0.785915798611111 0.30251736111111116 0.6719835069444444 0.31119791666666674 0.5819227430555556 0.30794270833333337 0.5211588541666666 0.2862413194444444 0.4799262152777778 0.2612847222222222 0.43001302083333326 0.21571180555555558 0.3931206597222221 0.1918402777777778 0.33127170138888884 0.17013888888888895 0.2075737847222221 0.1527777777777778 0.11208767361111116 0.11480034722222221 0.03396267361111116 0.05729166666666674 0.01334635416666674 0.01497395833333337 0.006335136217948678 0.001953125 0.04698350694444442 0.003038194444444531 0.05240885416666674 0.02582465277777779 0.07411024305555558 0.04969618055555558 0.0849609375 0.06380208333333337 0.12185329861111116 0.080078125 0.1533203125 0.10069444444444453 0.22276475694444442 0.12239583333333337 0.32150607638888884 0.15169270833333337 0.38118489583333326 0.15928819444444453 0.4310980902777777 0.177734375 0.4647352430555556 0.2124565972222222 0.5189887152777778 0.25802951388888895 0.5645616319444444 0.2808159722222222 0.6036241319444444 0.29166666666666674 0.678493923611111 0.29166666666666674 0.7739800347222222 0.28298611111111116 0.8564453125 0.2797309027777778 0.9074435763888888 0.31228298611111116 0.9106987847222222 0.3578559027777778 0.9074435763888888 0.3882378472222222 0.893337673611111 0.40017361111111116 0.8629557291666666 0.4175347222222222 0.8130425347222222 0.4327256944444444 0.7349175347222222 0.4424913194444444 0.6112196180555556 0.43815104166666674 0.5374348958333333 0.4359809027777778 0.48318142361111105 0.4555121527777778 0.4549696180555556 0.4858940972222222 0.46365017361111105 0.5119357638888888 0.48860677083333326 0.5358072916666667 0.551540798611111 0.5705295138888888 0.5764973958333333 0.5933159722222223 0.5873480902777778 0.6161024305555556 0.590603298611111 0.6388888888888888 0.5819227430555556 0.666015625 0.5645616319444444 0.6931423611111112 0.5374348958333333 0.7213541666666667 0.4842664930555556 0.763671875 0.38118489583333326 0.8125 0.31608072916666674 0.8537326388888888 0.2889539930555556 0.8949652777777778 0.27701822916666674 0.9481336805555556 0.27376302083333326 0.9806857638888888
3 0.4213324652777777 0.6649305555555556 0.42892795138888884 0.6345486111111112 0.3681640625 0.6247829861111112 0.36165364583333326 0.6605902777777778 0.4083116319444444 0.6681857638888888
3 0.34212239583333326 0.6334635416666667 0.3486328125 0.6193576388888888 0.30740017361111116 0.6117621527777778 0.2987196180555556 0.6312934027777778 0.2954644097222221 0.6529947916666667 0.3182508680555556 0.6540798611111112 0.3377821180555556 0.6573350694444444
0 0.27267795138888884 0.6030815972222223 0.22384982638888884 0.5792100694444444 0.22601996527777768 0.5726996527777778 0.24338107638888884 0.5716145833333334 0.25423177083333326 0.5802951388888888 0.26833767361111116 0.5857204861111112
0 0.41048177083333326 0.705078125 0.36490885416666674 0.7007378472222223 0.36056857638888884 0.6812065972222223 0.33669704861111116 0.6746961805555556 0.33669704861111116 0.65625 0.35080295138888884 0.6226128472222223 0.3638237847222221 0.6215277777777778 0.35622829861111116 0.6432291666666667 0.3540581597222221 0.65625 0.3583984375 0.6649305555555556 0.3725043402777777 0.6703559027777778 0.37141927083333326 0.6779513888888888 0.38118489583333326 0.6801215277777778 0.39529079861111116 0.6812065972222223 0.3985460069444444 0.6736111111111112 0.4061414930555556 0.6736111111111112 0.4115668402777777 0.6779513888888888 0.41048177083333326 0.6822916666666667 0.42350260416666674 0.6833767361111112 0.4267578125 0.6714409722222223 0.4473741319444444 0.6627604166666667 0.4571397569444444 0.6801215277777778 0.43435329861111116 0.6920572916666667
