3 0.7202772556390977 0.5763627819548872 0.5146851503759399 0.5734257518796992 0.5 0.497062969924812 0.5044055451127819 0.4045465225563909 0.6674107142857143 0.41042058270676685 0.6674107142857143 0.4647556390977443 0.7232142857142857 0.4632871240601504
3 0.6160126879699248 0.7378994360902256 0.5719572368421052 0.7393679511278195 0.5616776315789473 0.7129346804511278 0.5528665413533834 0.6953125 0.5528665413533834 0.6732847744360902 0.6248237781954887 0.6703477443609023 0.6262922932330827 0.692375469924812 0.6204182330827067 0.7099976503759399
4 0.40307800751879697 0.2958764097744361 0.3575540413533834 0.29734492481203 0.3560855263157895 0.26356907894736836 0.3678336466165414 0.2650375939849624 0.3648966165413534 0.20189144736842102 0.404546522556391 0.20189144736842102
3 0.404546522556391 0.29881343984962405 0.4324483082706767 0.3399318609022556 0.3560855263157895 0.3399318609022556 0.31937265037593987 0.31496710526315785 0.31790413533834583 0.2958764097744361 0.3120300751879699 0.22685620300751874 0.2855968045112782 0.21804511278195482 0.27972274436090216 0.17545817669172925 0.31496710526315785 0.17986372180451127 0.31496710526315785 0.16811560150375937 0.3487429511278195 0.29881343984962405
3 0.43097979323308266 0.33112077067669166 0.4236372180451128 0.15930451127819545 0.3252467105263158 0.16224154135338342 0.3487429511278195 0.2855968045112782 0.3487429511278195 0.24741541353383456 0.3575540413533834 0.24741541353383456 0.3575540413533834 0.20042293233082709 0.40601503759398494 0.1930803571428571 0.4089520676691729 0.29147086466165406
3 0.5234962406015038 0.3414003759398496 0.5073425751879699 0.3414003759398496 0.5073425751879699 0.3046875 0.5249647556390977 0.307624530075188
3 0.821788594470046 0.3600590437788018 0.8253888248847926 0.33935771889400923 0.8082877304147466 0.3357574884792627 0.7992871543778801 0.3456581221198156
3 0.9360959101382489 0.4689660138248848 0.9396961405529954 0.45366503456221197 0.9288954493087558 0.44466445852534564 0.913594470046083 0.44736463133640547 0.9090941820276498 0.45996543778801846 0.9198948732718895 0.470766129032258
3 0.8450092516447368 0.3433902138157895 0.8552888569078947 0.335680509868421 0.85400390625 0.321546052631579 0.8398694490131579 0.321546052631579 0.8334446957236842 0.32797080592105265
3 0.6255969684385383 0.8410247093023255 0.6165126661129569 0.8332381644518272 0.6145660299003323 0.8248027408637874 0.6171615448504983 0.8150695598006645 0.6288413621262459 0.8118251661129569 0.642467815614618 0.8163673172757475 0.643765573089701 0.828047134551495 0.6372767857142858 0.8384291943521595
3 0.6917825996677741 0.6483077242524917 0.6677740863787376 0.6515521179401993 0.6645296926910299 0.6230014534883721 0.6839960548172758 0.6145660299003323 0.6956758720930233 0.6197570598006645
3 0.7094246748554913 0.17033959537572252 0.6620077673410405 0.1816293352601156 0.6586208453757225 0.1601788294797688 0.7071667268786127 0.14324421965317913
2 0.7171331272893773 0.23994104853479847 0.6799307463369964 0.2488839285714285 0.6763535943223443 0.23743704212454209 0.7157022664835165 0.22599015567765568
2 0.6831501831501832 0.22026671245421248 0.675638163919414 0.22348614926739918 0.6709878663003663 0.1991615155677655 0.6813616071428572 0.19665750915750912
1 0.531105324074074 0.8885995370370371 0.5470196759259258 0.8206018518518519 0.5296585648148149 0.7815393518518519 0.5412326388888888 0.7554976851851852 0.5600405092592593 0.7468171296296297 0.5513599537037037 0.7222222222222223 0.5209780092592593 0.7193287037037037 0.5094039351851851 0.6976273148148149 0.5166377314814814 0.6730324074074074 0.525318287037037 0.6440972222222223 0.5122974537037037 0.6223958333333334 0.4877025462962963 0.609375 0.4688946759259258 0.6064814814814815 0.45587384259259256 0.6383101851851852 0.46455439814814814 0.6744791666666667 0.4848090277777777 0.6961805555555556 0.5007233796296295 0.7280092592592593 0.4775752314814814 0.7453703703703705 0.4500868055555556 0.7309027777777778 0.40234375 0.7526041666666667 0.3907696759259258 0.7844328703703703 0.38498263888888884 0.8263888888888888 0.4428530092592593 0.8755787037037037 0.4891493055555556 0.8885995370370371 0.5050636574074074 0.8929398148148149
1 0.3271122685185186 0.837962962962963 0.2475405092592593 0.8596643518518519 0.22149884259259256 0.8394097222222222 0.2041377314814814 0.7800925925925926 0.2055844907407407 0.7106481481481481 0.2475405092592593 0.6715856481481481 0.3169849537037037 0.6629050925925926 0.3285590277777777 0.7063078703703705 0.34447337962962954 0.7685185185185186 0.3531539351851851 0.7945601851851852
1 0.0088252314814814 0.5486111111111112 0.10141782407407396 0.4907407407407408 0.09707754629629628 0.4487847222222222 0.08116319444444442 0.40393518518518523 0.06090856481481488 0.3836805555555556 0.09852430555555558 0.34895833333333337 0.06090856481481488 0.31134259259259267 0.0855034722222221 0.2925347222222223 0.01171875 0.3041087962962964 0.001953125 0.3051938657407408 0.001953125 0.5471643518518519
5 0.4454941860465116 0.7134811046511629 0.4197553294573644 0.6983406007751938 0.38039001937984507 0.6529190891472869 0.3925024224806202 0.6271802325581395 0.3849321705426356 0.5590479651162791 0.35465116279069764 0.5090843023255813 0.3183139534883721 0.45306443798449614 0.2592659883720929 0.35162306201550386 0.1941618217054264 0.2062742248062015 0.13965600775193798 0.08666424418604646 0.06092538759689914 0.0033914728682169493 0.0957485465116279 0.0033914728682169493 0.16085271317829464 0.06849563953488369 0.20021802325581395 0.1366279069767442 0.2759205426356588 0.32739825581395343 0.336482558139535 0.43792393410852715 0.38341812015503884 0.5121124031007751 0.45457848837209314 0.6332364341085271
0 0.23655523255813948 0.9920663759689923 0.001953125 0.7816353946441157 0.001953125 0.8209786821705426 0.14722625968992253 0.9587572674418604 0.17145106589147274 0.995094476744186 0.19761385658914732 1.0
2 0.18143203883495151 0.0866201456310679 0.6877275485436892 0.08851638349514557 0.6877275485436892 0.13402609223300976 0.6441140776699029 0.16626213592233008 0.6422178398058251 0.2041868932038835 0.6744538834951456 0.287621359223301 0.7104824029126213 0.30089502427184467 0.7465109223300971 0.30089502427184467 0.6877275485436892 0.333131067961165 0.6858313106796116 0.37864077669902907 0.7142748786407767 0.3994993932038835 0.7521996359223301 0.4146692961165048 0.7768507281553397 0.4336316747572816 0.8109830097087378 0.5265473300970873 0.8223604368932038 0.5967081310679612 0.7692657766990291 0.5910194174757282 0.735133495145631 0.5891231796116505 0.7161711165048543 0.6099817961165048 0.7313410194174756 0.4715564320388349 0.6801425970873786 0.4563865291262136 0.6725576456310679 0.3938106796116505 0.5379247572815533 0.40139563106796117 0.5379247572815533 0.29520631067961167 0.44121662621359214 0.29520631067961167 0.4336316747572815 0.14540351941747576 0.2478003640776698 0.16057342233009708 0.2724514563106797 0.24590412621359226 0.29520631067961167 0.2667627427184466 0.31227245145631066 0.316064927184466 0.350197208737864 0.3558859223300971 0.42983919902912615 0.35778216019417475 0.45259405339805814 0.3388197815533981 0.4488015776699028 0.316064927184466 0.488622572815534 0.3046875 0.49241504854368934 0.3615746359223301 0.528443567961165 0.3558859223300971 0.522754854368932 0.3994993932038835 0.48103762135922334 0.3938106796116505 0.494311286407767 0.46397148058252424 0.482933859223301 0.49620752427184467 0.4165655339805825 0.49620752427184467 0.39570691747572817 0.4051881067961165 0.3312348300970873 0.3596783980582524 0.276243932038835 0.30847997572815533
2 0.7115091463414634 0.6276676829268293 0.7124618902439024 0.5847942073170731 0.5200076219512195 0.5819359756097562 0.47522865853658536 0.5762195121951219 0.4647484756097561 0.6009908536585367 0.5133384146341464 0.616234756097561 0.5314405487804879 0.6391006097560976 0.5266768292682926 0.6648246951219512 0.5219131097560976 0.696265243902439 0.5419207317073171 0.7067454268292683 0.5457317073170731 0.6905487804878049 0.5466844512195121 0.6667301829268293 0.6219512195121951 0.6648246951219512 0.6362423780487805 0.6648246951219512 0.6276676829268293 0.6991234756097562 0.6695884146341464 0.696265243902439 0.6657774390243902 0.6610137195121951 0.6514862804878049 0.6352896341463414 0.6714939024390244 0.6067073170731707 0.6981707317073171 0.6124237804878049
2 0.6753048780487805 0.6915015243902439 0.7143673780487805 0.6867378048780488 0.7086509146341464 0.6667301829268293 0.6991234756097562 0.6524390243902439 0.6724466463414634 0.655297256097561
1 0.8448932926829269 0.6724466463414634 0.8086890243902439 0.6714939024390244 0.7877286585365854 0.6676829268292683 0.7696265243902439 0.6724466463414634 0.7372332317073171 0.6819740853658537 0.7134146341463414 0.6667301829268293 0.7000762195121951 0.6400533536585367 0.7153201219512195 0.6333841463414634 0.7258003048780488 0.6229039634146342 0.7391387195121952 0.6105182926829269 0.7658155487804879 0.6000381097560976 0.7915396341463414 0.6124237804878049 0.8039253048780488 0.6333841463414634 0.8182164634146342 0.6124237804878049 0.8363185975609757 0.6209984756097562 0.8439405487804879 0.650533536585366
2 0.9979723282442747 0.44185353053435117 0.9487714694656488 0.45378101145038163 0.9249165076335878 0.4850906488549618 0.8980796755725191 0.4791269083969465 0.8936068702290076 0.46123568702290074 0.8518606870229007 0.4657084923664122 0.8026598282442747 0.4791269083969465 0.8354604007633588 0.6058563931297709 0.8593153625954199 0.6714575381679388 0.6297113549618321 0.7087309160305344 0.61331106870229 0.7489861641221374 0.5775286259541985 0.751968034351145 0.5417461832061068 0.7817867366412213 0.5596374045801527 0.833969465648855 0.5342915076335879 0.9010615458015268 0.443344465648855 0.8980796755725191 0.39116173664122145 0.947280534351145 0.43439885496183206 0.9949904580152672 0.9994632633587786 0.996481393129771
2 0.9949904580152671 0.42694417938931295 0.9547352099236641 0.32257872137404575 0.9249165076335878 0.27337786259541985 0.8727337786259541 0.17497614503816794 0.8458969465648856 0.12130248091603058 0.8056416984732824 0.009482347328244378 0.6826644004452914 0.001953125 0.6968034351145038 0.09297471374045807 0.7504770992366412 0.2823234732824428 0.8280057251908397 0.2897781488549618 0.8637881679389313 0.31363311068702293 0.874224713740458 0.34345181297709926 0.8399332061068703 0.36283396946564883 0.8026598282442747 0.38519799618320605 0.7802958015267176 0.3896708015267175 0.7937142175572519 0.42694417938931295 0.8071326335877862 0.46719942748091603 0.8786975190839694 0.45378101145038163 0.907025286259542 0.4358897900763359 0.9428077290076335 0.4314169847328244 0.9517533396946565 0.443344465648855
1 0.9949904580152671 0.4015982824427481 0.9994145741493197 0.001953125 0.8160782442748091 0.001953125
2 0.6818940839694656 0.07657442748091603 0.18988549618320616 0.07657442748091603 0.10521901836832048 0.001953125 0.6714575381679388 0.001953125
2 0.4314169847328244 0.996481393129771 0.39265267175572527 0.9606989503816794 0.3747614503816794 0.9308802480916031 0.4358897900763359 0.890625 0.3807251908396947 0.8429150763358779 0.32705152671755733 0.8429150763358779 0.2539957061068703 0.8637881679389313 0.2137404580152673 0.8458969465648855 0.18839456106870234 0.7594227099236641 0.1928673664122138 0.6878578244274809 0.25846851145038174 0.6550572519083969 0.32705152671755733 0.6476025763358779 0.3538883587786259 0.7579317748091603 0.34494274809160297 0.833969465648855 0.37625238549618323 0.8130963740458015 0.38370706106870234 0.7728411259541985 0.4150166984732824 0.7296040076335877 0.43290791984732824 0.7266221374045801 0.39861641221374056 0.6893487595419847 0.37625238549618323 0.662511927480916 0.37177958015267176 0.6312022900763359 0.3807251908396947 0.5984017175572519 0.3747614503816794 0.5685830152671756 0.35687022900763354 0.5372733778625953 0.32705152671755733 0.4865815839694656 0.30021469465648853 0.443344465648855 0.2703959923664123 0.3971254770992366 0.25101383587786263 0.3553792938931297 0.23163167938931295 0.3166149809160306 0.2062857824427482 0.26741412213740456 0.18093988549618323 0.21224952290076338 0.15857585877862612 0.16901240458015265 0.1227934160305344 0.10042938931297707 0.09595658396946583 0.06911975190839692 0.05421040076335881 0.02737356870229013 0.007991412213740556 0.0035186068702290907 0.002027671755725269 0.11832061068702293 0.005009541984732913 0.27934160305343514 0.09744751908396965 0.27934160305343514 0.07657442748091614 0.3106512404580153 0.11682967557251911 0.3523974236641221 0.08402910305343525 0.38519799618320605 0.109375 0.4567628816793893 0.11086593511450382 0.5074546755725191 0.05271946564885499 0.540255248091603 0.007991412213740556 0.5834923664122138 0.001953125 0.6059202903489642 0.002027671755725269 0.6774212786259541 0.007991412213740556 0.7624045801526718 0.057192270992366456 0.8190601145038168 0.14217557251908408 0.8861521946564885 0.2569775763358779 0.9979723282442748
2 0.16155772900763377 0.9994632633587786 0.001953125 0.8384077084056211 0.001953125 0.9994632633587786
