5 0.1923828125 0.998046875 0.24446614583333326 0.9437934027777778 0.26291232638888884 0.9286024305555556 0.2987196180555556 0.917751736111111 0.3692491319444444 0.9220920138888888 0.48318142361111105 0.9210069444444444 0.5764973958333333 0.917751736111111 0.629665798611111 0.9134114583333333 0.7012803819444444 0.9112413194444444 0.7870008680555555 0.9166666666666666 0.8748914930555555 0.9090711805555556 0.9041883680555555 0.8927951388888888 0.9215494791666666 0.8385416666666666 0.9660373263888888 0.8374565972222222 0.9649522569444444 0.8884548611111112 1.0 0.8856131522147147 0.9996744791666666 0.9014756944444444 0.9671223958333333 0.9123263888888888 0.9725343471364883 1.0 0.28244357638888884 1.0 0.19672309027777768 1.0
5 0.9541015625 0.8103298611111112 0.9345703125 0.7777777777777778 0.9345703125 0.4717881944444444 0.9768880208333333 0.4457465277777778 0.961697048611111 0.7658420138888888
5 0.971462673611111 0.43381076388888895 0.8987630208333333 0.4175347222222222 0.8618706597222222 0.3187934027777778 0.8879123263888888 0.3003472222222222 0.9389105902777778 0.3448350694444444 0.9541015625 0.36328125 0.9855685763888888 0.35134548611111116 0.9888237847222222 0.4077690972222222
5 0.29654947916666674 0.9069010416666666 0.2271050347222221 0.9079861111111112 0.20974392361111116 0.7376302083333334 0.2520616319444444 0.7680121527777778 0.28786892361111116 0.8504774305555556 0.31716579861111116 0.890625
5 0.22276475694444442 0.7137586805555556 0.1880425347222221 0.7105034722222223 0.1728515625 0.548828125 0.16091579861111116 0.4598524305555556 0.1923828125 0.4609375 0.20106336805555558 0.5694444444444444 0.22059461805555558 0.6475694444444444 0.2314453125 0.6963975694444444
5 0.1685112847222221 0.45334201388888895 0.14789496527777768 0.44466145833333337 0.16091579861111116 0.314453125 0.17502170138888884 0.32096354166666674 0.1728515625 0.4110243055555556
5 0.8597005208333333 0.3198784722222222 0.7913411458333333 0.27756076388888895 0.7284071180555555 0.22330729166666674 0.6947699652777778 0.17990451388888895 0.7023654513888888 0.15928819444444453 0.6253255208333333 0.12239583333333337 0.6014539930555556 0.16579861111111116 0.5645616319444444 0.13216145833333337 0.5699869791666666 0.109375 0.5580512152777778 0.12022569444444453 0.5428602430555556 0.119140625 0.5048828125 0.16037326388888895 0.4940321180555556 0.13107638888888895 0.5254991319444444 0.11697048611111116 0.532009548611111 0.09418402777777779 0.5103081597222222 0.08224826388888895 0.4571397569444444 0.07465277777777779 0.4169921875 0.05946180555555558 0.39420572916666674 0.05729166666666674 0.4028862847222221 0.04752604166666674 0.5113932291666666 0.041015625 0.5786675347222222 0.07356770833333337 0.6839192708333333 0.12131076388888895 0.7511935763888888 0.15711805555555558 0.8379991319444444 0.24717881944444453 0.8846571180555555 0.2960069444444444
5 0.23795572916666674 0.138671875 0.2216796875 0.13758680555555558 0.2553168402777777 0.07356770833333337 0.2637420853758169 0.001953125 0.2791883680555556 0.003038194444444531 0.2694227430555556 0.04535590277777779 0.2650824652777777 0.080078125 0.2564019097222221 0.11588541666666674 0.24555121527777768 0.12999131944444453
5 0.5265842013888888 0.8993055555555556 0.35188802083333326 0.9079861111111112 0.3084852430555556 0.9155815972222222 0.26725260416666674 0.9253472222222222 0.24880642361111116 0.9253472222222222 0.24012586805555558 0.91015625 0.2911241319444444 0.9090711805555556 0.3149956597222221 0.8960503472222222 0.32693142361111116 0.8841145833333333 0.33235677083333326 0.841796875 0.3638237847222221 0.8407118055555556 0.35622829861111116 0.8841145833333333 0.40397135416666674 0.8819444444444444 0.5254991319444444 0.8873697916666666
5 0.28244357638888884 0.8407118055555556 0.2553168402777777 0.7690972222222222 0.23795572916666674 0.7506510416666666 0.21625434027777768 0.7408854166666667 0.19455295138888884 0.7126736111111112 0.22384982638888884 0.71484375 0.2368706597222221 0.6953125 0.22819010416666674 0.6714409722222223 0.2173394097222221 0.6236979166666667 0.19997829861111116 0.5640190972222223 0.20865885416666674 0.5640190972222223 0.24012586805555558 0.6019965277777778 0.24880642361111116 0.6519097222222223 0.2412109375 0.6746961805555556 0.2607421875 0.6909722222222223 0.2802734375 0.7224392361111112 0.2748480902777777 0.783203125 0.2856987847222221 0.8168402777777778
5 0.9975043402777777 0.841796875 0.9703776041666666 0.8667534722222222 0.9660373263888888 0.8862847222222222 1.0 0.8842263783670034
1 0.9996744791666666 0.08224826388888895 0.8965928819444444 0.10828993055555558 0.8607855902777778 0.13650173611111116 0.8217230902777778 0.15711805555555558 0.7989366319444444 0.16145833333333337 0.7804904513888888 0.13216145833333337 0.7631293402777778 0.11046006944444453 0.7555338541666666 0.06922743055555558 0.7544487847222222 0.01280381944444453 0.7577874599358974 0.001953125 1.0 0.001953125
1 0.002495659722222099 0.17556423611111116 0.02094184027777768 0.14084201388888895 0.03070746527777768 0.10069444444444453 0.04047309027777768 0.03993055555555558 0.03287760416666674 0.01605902777777779 0.0751953125 0.04210069444444453 0.10557725694444442 0.02473958333333337 0.08821614583333326 0.004123263888888951 0.002495659722222099 0.003038194444444531 0.001953125 0.017505787037034204 0.001953125 0.13650173611111116 0.001953125 0.1723090277777778
3 0.9334852430555555 0.7864583333333333 0.9497612847222222 0.8081597222222222 0.961697048611111 0.8255208333333333 0.9432508680555555 0.8342013888888888 0.9258897569444444 0.8342013888888888 0.9139539930555555 0.8157552083333333 0.8672960069444444 0.8157552083333333 0.8727213541666666 0.8385416666666666 0.8846571180555555 0.8602430555555556 0.8987630208333333 0.87109375 0.9074435763888888 0.8841145833333333 0.8976779513888888 0.8873697916666666 0.8857421875 0.8776041666666666 0.873806423611111 0.8689236111111112 0.8553602430555555 0.8689236111111112 0.8173828125 0.8754340277777778 0.7978515625 0.8537326388888888 0.7804904513888888 0.8352864583333333 0.7598741319444444 0.8135850694444444 0.7381727430555555 0.7994791666666666 0.7262369791666666 0.7918836805555556 0.7208116319444444 0.7799479166666666 0.7056206597222222 0.7745225694444444 0.688259548611111 0.7810329861111112 0.6904296875 0.7973090277777778 0.6774088541666666 0.8038194444444444 0.6557074652777778 0.7973090277777778 0.6481119791666666 0.7973090277777778 0.6502821180555556 0.8255208333333333 0.6578776041666666 0.8461371527777778 0.6557074652777778 0.8667534722222222 0.6643880208333333 0.8797743055555556 0.6546223958333333 0.8732638888888888 0.6502821180555556 0.9069010416666666 0.6459418402777778 0.9047309027777778 0.6470269097222222 0.8721788194444444 0.6361762152777778 0.87109375 0.6318359375 0.8591579861111112 0.6112196180555556 0.8537326388888888 0.590603298611111 0.8559027777777778 0.5645616319444444 0.8580729166666666 0.5634765625 0.87109375 0.5558810763888888 0.8743489583333333 0.5385199652777778 0.8526475694444444 0.5309244791666666 0.8385416666666666 0.5374348958333333 0.8200954861111112 0.5157335069444444 0.7821180555555556 0.5081380208333333 0.7669270833333333 0.4810112847222222 0.7701822916666666 0.3876953125 0.7712673611111112 0.3377821180555556 0.7712673611111112 0.3301866319444444 0.7582465277777778 0.3432074652777777 0.7408854166666667 0.3442925347222221 0.7354600694444444 0.3779296875 0.734375 0.4701605902777778 0.7376302083333334 0.5103081597222222 0.7332899305555556 0.5059678819444444 0.7105034722222223 0.5048828125 0.6453993055555556 0.5048828125 0.5651041666666667 0.5048828125 0.5542534722222223 0.4462890625 0.5553385416666667 0.34103732638888884 0.5596788194444444 0.22819010416666674 0.5629340277777778 0.20974392361111116 0.5607638888888888 0.20540364583333326 0.5564236111111112 0.20323350694444442 0.47721354166666674 0.20106336805555558 0.4620225694444444 0.1826171875 0.45876736111111116 0.1685112847222221 0.45768229166666674 0.17176649305555558 0.412109375 0.17393663194444442 0.31770833333333337 0.19997829861111116 0.3187934027777778 0.19889322916666674 0.27756076388888895 0.19997829861111116 0.14084201388888895 0.2368706597222221 0.13975694444444453 0.2466362847222221 0.13541666666666674 0.2596571180555556 0.12348090277777779 0.27376302083333326 0.12565104166666674 0.27701822916666674 0.13975694444444453 0.3388671875 0.1430121527777778 0.3377821180555556 0.1831597222222222 0.36165364583333326 0.18858506944444453 0.37033420138888884 0.18858506944444453 0.37467447916666674 0.1527777777777778 0.3790147569444444 0.1343315972222222 0.38444010416666674 0.12348090277777779 0.3985460069444444 0.11154513888888895 0.4213324652777777 0.10611979166666674 0.4473741319444444 0.10611979166666674 0.4571397569444444 0.12022569444444453 0.4712456597222222 0.15060763888888895 0.4712456597222222 0.1831597222222222 0.5048828125 0.18532986111111116 0.532009548611111 0.18858506944444453 0.5482855902777778 0.1831597222222222 0.561306423611111 0.17122395833333337 0.5775824652777778 0.1733940972222222 0.5927734375 0.1733940972222222 0.5960286458333333 0.17990451388888895 0.6166449652777778 0.18641493055555558 0.6188151041666666 0.2265625 0.6188151041666666 0.30685763888888895 0.6188151041666666 0.421875 0.6350911458333333 0.4305555555555556 0.7294921875 0.431640625 0.7620442708333333 0.4305555555555556 0.7870008680555555 0.431640625 0.8076171875 0.43381076388888895 0.8173828125 0.4229600694444444 0.8271484375 0.4175347222222222 0.8412543402777778 0.421875 0.8434244791666666 0.42838541666666674 0.8944227430555555 0.4327256944444444 0.9085286458333333 0.431640625 0.9139539930555555 0.4262152777777778 0.9356553819444444 0.42513020833333337 0.9530164930555555 0.43381076388888895 0.9638671875 0.4370659722222222 0.9692925347222222 0.44140625 0.9584418402777777 0.45334201388888895 0.9280598958333333 0.470703125 0.9302300347222222 0.5151909722222223 0.9345703125 0.63671875 0.9334852430555555 0.7289496527777778 0.9313151041666666 0.7734375
5 0.17719184027777768 0.6475694444444444 0.13595920138888884 0.44791666666666674 0.1533203125 0.451171875 0.15983072916666674 0.4522569444444444 0.1728515625 0.5802951388888888
5 0.14572482638888884 0.44357638888888895 0.13595920138888884 0.44466145833333337 0.12836371527777768 0.33181423611111116 0.1435546875 0.3187934027777778 0.15440538194444442 0.3133680555555556 0.15766059027777768 0.3253038194444444 0.14572482638888884 0.42404513888888895
0 0.6730685763888888 0.9090711805555556 0.6502821180555556 0.9090711805555556 0.6546223958333333 0.8884548611111112 0.6567925347222222 0.8776041666666666 0.6622178819444444 0.8851996527777778 0.6698133680555556 0.8841145833333333 0.6643880208333333 0.8754340277777778 0.6600477430555556 0.861328125 0.6600477430555556 0.8515625 0.658962673611111 0.8396267361111112 0.6535373263888888 0.8287760416666666 0.6513671875 0.8070746527777778 0.6654730902777778 0.8038194444444444 0.6752387152777778 0.8092447916666666 0.6730685763888888 0.8298611111111112 0.6763237847222222 0.8689236111111112 0.6763237847222222 0.890625
5 0.6839192708333333 0.8776041666666666 0.6947699652777778 0.8830295138888888 0.6936848958333333 0.900390625 0.6947699652777778 0.9069010416666666 0.6806640625 0.9112413194444444 0.6774088541666666 0.9069010416666666
