2 0.9948895676691729 0.9963580827067668 0.9978265977443608 0.8788768796992481 0.9420230263157894 0.8994360902255639 0.7716752819548872 0.9038416353383458 0.7525845864661654 0.9097156954887218 0.7511160714285714 0.9963580827067668
2 0.7555216165413533 0.8774083646616542 0.7569901315789473 0.7687382518796992 0.7746123120300752 0.7687382518796992 0.7716752819548872 0.6879699248120301 0.7569901315789473 0.6879699248120301 0.7613956766917293 0.6703477443609023 0.7746123120300752 0.6718162593984962 0.7746123120300752 0.6585996240601504 0.7613956766917293 0.6527255639097744 0.7702067669172932 0.5190906954887218 0.790765977443609 0.37517622180451127 0.7995770676691729 0.3560855263157895 0.9097156954887218 0.397203947368421 0.983141447368421 0.43097979323308266 0.986078477443609 0.44566494360902253 0.984609962406015 0.510279605263158 0.9963580827067668 0.5205592105263158 0.9992951127819548 0.5279017857142858 0.9992951127819548 0.8597861842105263 0.9537711466165413 0.8818139097744361 0.793703007518797 0.8759398496240601
2 0.9978265977443608 0.4162946428571428 0.690906954887218 0.28706531954887216 0.5102796052631579 0.22685620300751874 0.3693021616541353 0.19895441729323304 0.22391917293233077 0.19161184210526316 0.04329182330827075 0.19601738721804507 0.001953125 0.20331245162538703 0.001953125 0.001953125 0.9992951127819548 0.001953125
5 0.9948895676691729 0.4324483082706767 0.7525845864661654 0.3252467105263157 0.6086701127819548 0.27825422932330823 0.48237781954887216 0.23860432330827064 0.3252467105263158 0.209234022556391 0.1813322368421052 0.20335996240601506 0.0036419172932330435 0.21804511278195482 0.002173402255639112 0.209234022556391 0.05357142857142849 0.19895441729323304 0.29147086466165417 0.1974859022556391 0.39426691729323304 0.209234022556391 0.49265742481203 0.22832471804511278 0.6057330827067668 0.2606320488721804 0.7584586466165413 0.3164356203007519 0.9097156954887218 0.38251879699248115 0.9948895676691729 0.41776315789473684
3 0.7481790413533834 0.6703477443609023 0.6497885338345865 0.6688792293233083 0.6527255639097744 0.599859022556391 0.690906954887218 0.599859022556391 0.693843984962406 0.5895794172932332 0.7055921052631579 0.5895794172932332 0.7055921052631579 0.5939849624060151 0.7481790413533834 0.596921992481203 0.7555216165413533 0.6351033834586466
3 0.7423049812030075 0.6938439849624061 0.7423049812030075 0.7628641917293233 0.7041235902255639 0.7613956766917294 0.7055921052631579 0.690906954887218
3 0.7334938909774436 0.5807683270676691 0.6630051691729323 0.5778312969924813 0.6630051691729323 0.5572720864661654 0.7334938909774436 0.5572720864661654
3 0.7423049812030075 0.5469924812030076 0.701186560150376 0.5455239661654135 0.7026550751879699 0.510279605263158 0.7467105263157895 0.5117481203007519
2 0.7628641917293233 0.510279605263158 0.7863604323308271 0.34727443609022557 0.6086701127819548 0.2841282894736842 0.4750352443609023 0.24300986842105265 0.31937265037593987 0.21070253759398494 0.2562265037593986 0.209234022556391 0.09762687969924821 0.21217105263157887 0.001953125 0.2177989205550641 0.001953125 0.9082471804511278 0.001953125 0.9963580827067668 0.5872699326441146 1.0 0.7129346804511278 0.9963580827067668 0.7129346804511278 0.9229323308270676 0.7423049812030075 0.9214638157894737 0.7378994360902256 0.8524436090225563 0.7334938909774436 0.787828947368421 0.6483200187969924 0.7672697368421052 0.6483200187969924 0.7085291353383458 0.6145441729323308 0.6674107142857143 0.6204182330827067 0.6174812030075187 0.6189497180451128 0.5763627819548872 0.6380404135338346 0.5308388157894737 0.6600681390977443 0.5337758458646616 0.6762218045112782 0.5455239661654135 0.693843984962406 0.5293703007518797 0.693843984962406 0.5205592105263158 0.693843984962406 0.495594454887218
5 0.7441681338028169 0.9972491197183099 0.7464605340375587 0.940856073943662 0.7496698943661972 0.9174735915492958 0.7510453345070423 0.8991343896713615 0.7542546948356808 0.8821706279342723 0.751962294600939 0.8409074237089202 0.7510453345070423 0.7762617370892019 0.7602149354460094 0.7615903755868545 0.7684675762910798 0.7615903755868545 0.7680090962441315 0.7015294894366197 0.7556301349765258 0.692818368544601 0.746919014084507 0.6937353286384976 0.745543573943662 0.7652582159624413 0.727662852112676 0.7643412558685446 0.7317891725352113 0.7785541373239436 0.7437096537558685 0.8083553403755869 0.7464605340375587 0.9197659917840375 0.7432511737089202 0.9271016725352113 0.7171178110328638 0.9257262323943662 0.7175762910798122 0.9972491197183099
5 0.7464605340375587 0.687775088028169 0.6960277288732395 0.6854826877934272 0.6983201291079812 0.70703125 0.687775088028169 0.708406690140845 0.6845657276995305 0.7478359741784038 0.67631308685446 0.7478359741784038 0.6767715669014085 0.6932768485915493 0.6694358861502347 0.681356367370892 0.6410101232394366 0.6740206866197183 0.6327574823943662 0.6643926056338028 0.623587881455399 0.6593493251173709 0.623587881455399 0.6387177230046948 0.6245048415492958 0.617169160798122 0.6254218016431925 0.588743397887324 0.628631161971831 0.583700117370892 0.6460534037558685 0.583700117370892 0.654306044600939 0.5905773180751174 0.6437610035211268 0.6024977992957746 0.6465118838028169 0.6469703638497653 0.6460534037558685 0.6694358861502347 0.6937353286384976 0.6726452464788732 0.746919014084507 0.6753961267605634 0.7588394953051643 0.6726452464788732 0.7537962147887324 0.6886920481220657
5 0.7698430164319249 0.667143485915493 0.753337734741784 0.667143485915493 0.7537962147887324 0.657056924882629 0.7602149354460094 0.6341329225352113 0.7524207746478873 0.5983714788732395 0.7515038145539906 0.590118838028169 0.7157423708920188 0.5882849178403755 0.705655809859155 0.5832416373239436 0.6868581279342723 0.5878264377934272 0.6854826877934272 0.5919527582159625 0.6611832453051643 0.5924112382629108 0.6501797241784038 0.5827831572769953 0.657056924882629 0.5704041960093896 0.6579738849765258 0.563068515258216 0.6616417253521127 0.5690287558685445 0.660724765258216 0.5791153169014085 0.662100205399061 0.5827831572769953 0.6767715669014085 0.5827831572769953 0.7184932511737089 0.5800322769953051 0.7579225352112676 0.5818661971830985 0.7620488556338028 0.6267972417840375 0.7592979753521126 0.6488042840375587 0.7680090962441315 0.6584323650234742
5 0.7625073356807511 0.57865683685446 0.7377494131455399 0.5777398767605634 0.7377494131455399 0.5575667546948356 0.7473774941314554 0.543812353286385 0.7505868544600939 0.5126357100938967 0.7634242957746479 0.5144696302816901
