4 0.44354248046875 0.1898651123046875 0.470245361328125 0.1997833251953125 0.5030517578125 0.1929168701171875 0.518310546875 0.2005462646484375 0.52288818359375 0.2287750244140625 0.5335693359375 0.2615814208984375 0.548828125 0.2646331787109375 0.56866455078125 0.2798919677734375 0.570953369140625 0.2898101806640625 0.563323974609375 0.2959136962890625 0.54119873046875 0.2974395751953125 0.546539306640625 0.3126983642578125 0.56103515625 0.3249053955078125 0.57476806640625 0.3432159423828125 0.5885009765625 0.3683929443359375 0.567901611328125 0.3867034912109375 0.55035400390625 0.3538970947265625 0.537384033203125 0.3249053955078125 0.520599365234375 0.2966766357421875 0.5 0.2722625732421875 0.494659423828125 0.2394561767578125 0.477874755859375 0.2165679931640625 0.448883056640625 0.2112274169921875 0.445068359375 0.2058868408203125
4 0.591552734375 0.3790740966796875 0.604522705078125 0.4301910400390625 0.60528564453125 0.4584197998046875 0.598419189453125 0.4721527099609375 0.583160400390625 0.4835968017578125 0.584686279296875 0.4912261962890625 0.59613037109375 0.4973297119140625 0.60528564453125 0.5148773193359375 0.610626220703125 0.5293731689453125 0.596893310546875 0.5759124755859375 0.60223388671875 0.5972747802734375 0.60223388671875 0.6232147216796875 0.6007080078125 0.6575469970703125 0.590789794921875 0.6438140869140625 0.579345703125 0.6270294189453125 0.567901611328125 0.6003265380859375 0.577056884765625 0.5827789306640625 0.59307861328125 0.5759124755859375 0.5946044921875 0.5591278076171875 0.5823974609375 0.5484466552734375 0.57781982421875 0.5179290771484375 0.575531005859375 0.4950408935546875 0.575531005859375 0.4729156494140625 0.570953369140625 0.4546051025390625 0.57171630859375 0.4439239501953125 0.58087158203125 0.4317169189453125 0.58392333984375 0.4103546142578125 0.579345703125 0.4034881591796875
4 0.004089355468750014 0.7979278564453125 0.06893920898437501 0.8322601318359375 0.11242675781250001 0.8635406494140625 0.143707275390625 0.8887176513671875 0.164306640625 0.8917694091796875 0.1673583984375 0.9047393798828125 0.180328369140625 0.8887176513671875 0.186431884765625 0.8940582275390625 0.18109130859375 0.9070281982421875 0.18109130859375 0.9131317138671875 0.191009521484375 0.9116058349609375 0.1978759765625 0.8940582275390625 0.233734130859375 0.8910064697265625 0.248992919921875 0.9222869873046875 0.225341796875 0.9413604736328125 0.1978759765625 0.9405975341796875 0.157440185546875 0.9283905029296875 0.12234497070312501 0.9199981689453125 0.08343505859375001 0.9009246826171875 0.06665039062500001 0.8856658935546875 0.054443359375000014 0.8749847412109375 0.029266357421875014 0.8726959228515625 0.019348144531250014 0.8665924072265625 0.004852294921875014 0.8627777099609375 0.0 0.8600049700055803
4 0.377166748046875 0.1555328369140625 0.377166748046875 0.1898651123046875 0.368011474609375 0.2180938720703125 0.355804443359375 0.2188568115234375 0.3443603515625 0.1883392333984375 0.34588623046875 0.1753692626953125
4 0.390899658203125 0.1387481689453125 0.395477294921875 0.1768951416015625 0.40386962890625 0.1761322021484375 0.406158447265625 0.1654510498046875 0.39776611328125 0.1471405029296875
4 0.296295166015625 0.1669769287109375 0.299346923828125 0.2081756591796875 0.235260009765625 0.2409820556640625 0.22991943359375 0.2257232666015625 0.239837646484375 0.1898651123046875 0.265777587890625 0.1929168701171875 0.26806640625 0.1868133544921875
4 0.189483642578125 0.2287750244140625 0.207794189453125 0.2684478759765625 0.1917724609375 0.2943878173828125 0.169647216796875 0.2867584228515625 0.176513671875 0.2638702392578125
4 0.158966064453125 0.3241424560546875 0.176513671875 0.3538970947265625 0.15667724609375 0.3683929443359375 0.152862548828125 0.3401641845703125
4 0.1826171875 0.5247955322265625 0.194061279296875 0.5095367431640625 0.198638916015625 0.5301361083984375 0.213134765625 0.5469207763671875 0.230682373046875 0.5469207763671875 0.237548828125 0.5690460205078125 0.226104736328125 0.5743865966796875 0.21466064453125 0.5682830810546875 0.198638916015625 0.5591278076171875 0.181854248046875 0.5530242919921875 0.1795654296875 0.5431060791015625
4 0.255096435546875 0.5644683837890625 0.256622314453125 0.5492095947265625 0.273406982421875 0.5446319580078125 0.2955322265625 0.5499725341796875 0.310791015625 0.5690460205078125 0.31536865234375 0.5850677490234375 0.31536865234375 0.6018524169921875 0.326812744140625 0.6209259033203125 0.331390380859375 0.6422882080078125 0.331390380859375 0.6552581787109375 0.302398681640625 0.6758575439453125 0.30621337890625 0.6537322998046875 0.30926513671875 0.6392364501953125 0.2894287109375 0.6224517822265625 0.2833251953125 0.6117706298828125 0.2802734375 0.5942230224609375 0.277984619140625 0.5743865966796875 0.26348876953125 0.5682830810546875
4 0.298583984375 0.7010345458984375 0.282562255859375 0.7986907958984375 0.296295166015625 0.7857208251953125 0.311553955078125 0.7971649169921875 0.306976318359375 0.7735137939453125 0.31536865234375 0.7384185791015625
4 0.277984619140625 0.8246307373046875 0.306976318359375 0.8467559814453125 0.28790283203125 0.8589630126953125 0.28179931640625 0.8627777099609375 0.28179931640625 0.8849029541015625 0.270355224609375 0.8955841064453125 0.261962890625 0.8910064697265625 0.25433349609375 0.8948211669921875 0.2467041015625 0.8841400146484375 0.255859375 0.8650665283203125
4 0.548828125 0.9543304443359375 0.56561279296875 0.9856109619140625 0.566375732421875 0.9970550537109375 0.54730224609375 0.9962921142578125 0.54425048828125 0.9634857177734375
4 0.569427490234375 0.9245758056640625 0.577056884765625 0.8131866455078125 0.5701904296875 0.8093719482421875 0.560272216796875 0.8360748291015625 0.545013427734375 0.7994537353515625 0.53814697265625 0.8040313720703125 0.53204345703125 0.8665924072265625 0.54119873046875 0.8673553466796875 0.552642822265625 0.8749847412109375 0.546539306640625 0.9077911376953125 0.545013427734375 0.9154205322265625 0.55035400390625 0.9222869873046875
4 0.5946044921875 0.6605987548828125 0.581634521484375 0.7750396728515625 0.561798095703125 0.7597808837890625 0.56866455078125 0.7437591552734375 0.56256103515625 0.7307891845703125 0.56561279296875 0.7094268798828125 0.560272216796875 0.6979827880859375 0.560272216796875 0.6827239990234375 0.5640869140625 0.6766204833984375 0.5823974609375 0.6865386962890625 0.587738037109375 0.6728057861328125
2 0.40642584405144694 0.014444332797427654 0.44975884244372993 0.007536173633440515 0.4729953778135048 0.035796824758842445 0.4893237540192926 0.06908159163987139 0.4930918408360129 0.10676245980707395 0.494975884244373 0.18966036977491962 0.44285068327974275 0.18714831189710612 0.44285068327974275 0.13502311093247588 0.4346864951768489 0.08540996784565917 0.41396201768488744 0.06405747588424437 0.40830988745980706 0.034540795819935695 0.40830988745980706 0.022608520900321543
2 0.41710209003215437 0.30144694533762056 0.4346864951768489 0.27130225080385856 0.4510148713826367 0.29391077170418006 0.4704833199356913 0.29893488745980706 0.48555566720257237 0.3516881028938907 0.4974879421221865 0.39878918810289393 0.4729953778135048 0.3460359726688103 0.4076818729903537 0.3146352491961415
2 0.3926095257234727 0.8076266077170419 0.42777833601286175 0.9960309485530547 0.4579230305466238 0.9979149919614149 0.4685992765273312 0.9470458199356914 0.4610631028938907 0.8811043006430869 0.4309184083601286 0.8773362138263666 0.4145900321543408 0.8427954180064309 0.42024216237942125 0.8252110128617364 0.41144995980707394 0.7944383038585209 0.4051698151125402 0.791298231511254 0.3970056270096463 0.8026024919614149
5 0.4711113344051447 0.7328928858520901 0.4956038987138264 0.7002361334405145 0.49120779742765275 0.639318729903537 0.4993719855305466 0.580913384244373 0.5069081591639871 0.5162278938906752 0.5069081591639871 0.47163886655948556 0.4943478697749196 0.4226537379421222 0.4905797829581994 0.40067323151125406 0.48115956591639875 0.36613243569131837 0.46985530546623794 0.3466639871382637 0.4334304662379421 0.3303356109324759 0.4384545819935691 0.3466639871382637 0.4478747990353698 0.36864449356913187 0.4409666398713826 0.3937650723472669 0.4397106109324759 0.40820940514469456 0.4340584807073955 0.42642182475884244 0.41773010450160775 0.43458601286173637 0.40391378617363344 0.44023814308681675 0.39323754019292606 0.4465182877813505 0.3492765273311897 0.4992715032154341 0.34802049839228294 0.5143438504823151 0.3612088022508039 0.5287881832797428 0.383189308681672 0.5281601688102894 0.40328577170418006 0.5746332395498392 0.4070538585209003 0.5878215434083601 0.431546422829582 0.6518790192926045 0.4485028135048232 0.712796422829582
3 0.4076818729903537 0.601009847266881 0.4020297427652733 0.6255024115755627 0.38193327974276525 0.5903336012861736 0.3813052652733119 0.5576768488745981 0.39135349678456594 0.5589328778135049
2 0.41082194533762056 0.6072899919614149 0.4422226688102894 0.7058882636655949 0.41333400321543406 0.7090283360128617 0.3919815112540193 0.7335209003215435 0.3926095257234727 0.712796422829582 0.38570136655948556 0.6807676848874599 0.3970056270096463 0.6474829180064309 0.3970056270096463 0.6330385852090032 0.4045418006430868 0.6280144694533762
2 0.34236836816720256 0.008792202572347268 0.3555566720257235 0.12497487942122187 0.3706290192926045 0.12309083601286173 0.3605807877813505 0.0 0.3417403536977492 0.0006280144694533762
0 0.37690916398713825 0.0012560289389067524 0.39135349678456594 0.18149618167202572 0.3800492363344051 0.185264268488746 0.378165192926045 0.14444332797427653 0.3649768890675241 0.0018840434083601287
0 0.34488042604501606 0.5181119372990354 0.34048432475884244 0.5281601688102894 0.3266680064308682 0.5294161977491961 0.3128516881028939 0.5269041398713826 0.2965233118971061 0.5137158360128617 0.28710309485530544 0.5036676045016077 0.2889871382636656 0.47917504019292606 0.30845558681672025 0.4609626205787781 0.314735731511254 0.4433782154340836 0.34488042604501606 0.3510600884244373 0.3612088022508039 0.3114951768488746 0.3700010048231511 0.3008189308681672 0.3825612942122186 0.28197849678456594 0.38884143890675243 0.28197849678456594 0.3970056270096463 0.31589127813504825 0.40893790192926044 0.3290795819935691 0.4095659163987138 0.33535972668810293 0.3844453376205788 0.3516881028938907 0.3762811495176849 0.3642483922829582 0.3813052652733119 0.3912530144694534 0.3813052652733119 0.4220257234726688 0.3813052652733119 0.4333299839228296 0.38632938102893893 0.43961012861736337 0.3875854099678457 0.4433782154340836 0.38632938102893893 0.45028637459807075 0.3442524115755627 0.49801547427652737
1 0.4152180466237942 0.3359877411575563 0.4340584807073955 0.35043207395498394 0.4409666398713826 0.3642483922829582 0.4397106109324759 0.3849728697749196 0.4346864951768489 0.40318528938906756 0.43280245176848875 0.41888565112540194 0.4101939308681672 0.4308179260450161 0.3944935691318328 0.4358420418006431 0.38884143890675243 0.42956189710610937 0.38570136655948556 0.4000452170418007 0.3825612942122186 0.375552652733119 0.3850733520900322 0.35796824758842444 0.40391378617363344 0.34540795819935693
3 0.32980807877813506 0.2593699758842444 0.3555566720257235 0.2782104099678457 0.3517885852090032 0.2882586414790997 0.3674889469453376 0.2951668006430868 0.3599527733118971 0.30521503215434087 0.3417403536977492 0.3491760450160772 0.309711615755627 0.4465182877813505 0.3046875 0.4571945337620579 0.28396302250803857 0.4785470257234727 0.27454280546623794 0.4710108520900322 0.2827069935691318 0.46410269292604506 0.2921272106109325 0.46410269292604506 0.2971513263665595 0.4565665192926045 0.2940112540192926 0.4433782154340836 0.29024316720257237 0.45028637459807075 0.2582144292604502 0.41825763665594856 0.2600984726688103 0.41386153536977494 0.26889067524115756 0.42390976688102894 0.2776828778135048 0.3931370578778135 0.28207897909967844 0.37366860932475887 0.28207897909967844 0.36048030546623794 0.2827069935691318 0.33724377009646306 0.29024316720257237 0.30207495980707394 0.3090836012861736 0.2901426848874598 0.3210158762057878 0.2807224678456592 0.3266680064308682 0.2681621784565916
1 0.4538112331081081 0.0 0.47690561655405406 0.03283361486486486 0.49604096283783783 0.07110430743243243 0.5 0.10739548141891891 0.5 0.1826171875 0.5197951858108109 0.19449429898648649 0.5369510135135135 0.25519953547297297 0.5475084459459459 0.25783889358108103 0.571262668918919 0.27499472128378377 0.5765413851351351 0.2908308699324324 0.5686233108108109 0.2974292652027027 0.5475084459459459 0.30072846283783783 0.5560863597972973 0.3132654138513513 0.5745618665540541 0.3310810810810811 0.5870988175675675 0.35219594594594594 0.5943570523648649 0.3713312922297297 0.6016152871621622 0.40102407094594594 0.6075538429054054 0.43137668918918914 0.6101932010135135 0.46502850506756754 0.5897381756756757 0.4854835304054054 0.595676731418919 0.48944256756756754 0.6154719172297297 0.5244140625 0.6108530405405406 0.5415698902027026 0.6022751266891891 0.5653241131756757 0.6022751266891891 0.5791807432432432 0.6049144847972973 0.598316089527027 0.6049144847972973 0.6286687077702703 0.6055743243243243 0.6596811655405406 0.5983160895270271 0.6682590793918919 0.5851192989864865 0.7784522804054054 0.5798405827702703 0.8246410472972973 0.573902027027027 0.9282358530405406 0.5719225084459459 0.998046875 0.998046875 0.998046875 0.998046875 0.0
1 0.3752903293918919 0.15226456925675677 0.34493771114864863 0.1727195945945946 0.30072846283783783 0.16480152027027029 0.29610958614864863 0.16084248310810811 0.26773648648648646 0.17997782939189189 0.2624577702702703 0.1872360641891892 0.2387035472972973 0.18459670608108109 0.2241870777027027 0.22484691722972974 0.2314453125 0.24068306587837837 0.20901076858108109 0.26311760979729726 0.1925147804054054 0.22022804054054054 0.17074007601351351 0.255859375 0.16480152027027026 0.2835726351351351 0.1634818412162162 0.2881915118243243 0.19053526182432431 0.3000686233108108 0.17997782939189189 0.353515625 0.15754328547297297 0.3172244510135135 0.14698585304054054 0.3370196368243243 0.15028505067567569 0.37397065033783783 0.18063766891891891 0.36011402027027023 0.18855574324324323 0.5052787162162162 0.17337943412162163 0.5323321368243243 0.1753589527027027 0.5521273226351351 0.19845333614864866 0.5673036317567567 0.2268264358108108 0.5818201013513513 0.24134290540540543 0.5719225084459459 0.23672402871621623 0.5475084459459459 0.24992081925675674 0.549487964527027 0.25190033783783783 0.5692831503378378 0.2730152027027027 0.5805004222972973 0.27697423986486486 0.6108530405405406 0.30402766047297297 0.6438450168918919 0.2974292652027027 0.6636402027027026 0.29676942567567566 0.6761771537162162 0.29676942567567566 0.6821157094594594 0.3363597972972973 0.6583614864864865 0.3198638091216216 0.7329233530405406 0.29940878378378377 0.6953125 0.29478990709459457 0.6953125 0.27961359797297297 0.8008868243243243 0.2822529560810811 0.8041860219594594 0.2974292652027027 0.7916490709459459 0.31326541385135137 0.8035261824324325 0.30996621621621623 0.843776393581081 0.27697423986486486 0.8206820101351351 0.24332242398648646 0.8833667652027027 0.25453969594594594 0.8985430743243243 0.26179793074324326 0.8952438766891891 0.2683963260135135 0.9018422719594594 0.25058065878378377 0.9189980996621622 0.23408467060810811 0.8866659628378378 0.20043285472972971 0.891284839527027 0.19647381756756757 0.891284839527027 0.18937895569620253 0.9068433544303797 0.18443433544303797 0.9068433544303797 0.19036787974683544 0.892998417721519 0.18047863924050633 0.8840981012658228 0.1696004746835443 0.8954707278481012 0.1651503164556962 0.886570411392405 0.13993275316455694 0.8776700949367088 0.04647943037974683 0.8114121835443038 6.938893903907228e-18 0.7867642994099402 0.003212108013937301 0.0006805313588850174 0.33258928571428575 0.004083188153310105 0.3502831010452962 0.13134255226480837 0.3713795731707317 0.1299814895470383
1 0.3509636324041812 0.22185322299651566 0.341436193379791 0.1912293118466899 0.34075566202090596 0.17353549651567943 0.2999237804878049 0.16945230836236932 0.305368031358885 0.20824259581881532 0.2379954268292683 0.24363022648083624 0.21315070169712794 0.2661859497389034 0.19581225522193213 0.2983130711488251 0.18459326044386423 0.3544080450391645 0.19275252937336815 0.503824657310705 0.1968321638381201 0.506374428851175 0.20295161553524804 0.5277925097911227 0.21417061031331594 0.5436010933420365 0.22895928524804177 0.5441110476501305 0.2503773661879896 0.5461508648825065 0.26210631527415146 0.5456409105744126 0.27638503590078334 0.5420712304177546 0.2962732539164491 0.5456409105744126 0.305452431462141 0.5573698596605744 0.31361170039164493 0.5685888544386424 0.3182012891644909 0.5879671181462142 0.3233008322454308 0.606835427545692 0.33197005548302877 0.6226440110966057 0.3365596442558747 0.6425322291122716 0.3401293244125327 0.6578308583550914 0.32534064947780683 0.7358538674934726 0.3166714262402089 0.7521724053524804 0.31259179177545693 0.7766502121409922 0.31463160900783294 0.797048384464752 0.3182012891644909 0.8169366024804178 0.31565151762402094 0.8429442721932116 0.31004202023498695 0.8546732212793734 0.28964384791122716 0.8643623531331592 0.2865841220626632 0.8806808909921672 0.2865841220626632 0.890879977154047 0.2264095137075718 0.9449351338120104 0.19275252937336815 0.9459550424281985 0.14328696148825065 0.9321862761096605 0.10504038838120106 0.9184175097911227 0.07648294712793734 0.9010790633159269 0.05557482049608356 0.8822107539164491 0.0 0.8674248964088398 0.0 0.998046875 0.4237618309399478 0.997970381853786 0.38857498368146215 0.8041877447780679 0.40234375000000006 0.78786920691906 0.41458265339425593 0.79041897845953 0.4258016481723238 0.8266257343342037 0.4212120593994778 0.8424343178851175 0.43243105417754574 0.8720116677545692 0.4614984497389034 0.8760913022193212 0.4711875815926893 0.7389135933420365 0.4451799118798956 0.7149457408616188 0.4400803687989556 0.7103561520887729 0.41713242493472585 0.7129059236292429 0.3957143439947781 0.7343240045691907 0.3875550750652742 0.7373837304177546 0.38245553198433424 0.6843484823759791 0.39112475522193213 0.6430421834203656 0.39163470953002616 0.6323331429503917 0.3952043896866841 0.6241738740208878 0.3783758975195823 0.5935766155352481 0.3773559889033943 0.5578798139686685 0.3793958061357703 0.5543101338120104 0.38959489229765015 0.5543101338120104 0.3819455776762402 0.5313621899477807 0.3676668570496084 0.5323820985639687 0.35848767950391647 0.5323820985639687 0.35032841057441255 0.5216730580939948 0.3457388218015666 0.5293223727154047 0.33095014686684077 0.5344219157963447 0.306472340078329 0.5283024640992168 0.29168366514360317 0.5160635607049608 0.28454430483028725 0.504844565926893 0.28352439621409925 0.4829165306788512 0.2682257669712794 0.47169753590078334 0.2789348074412533 0.4630283126631854 0.29219361945169714 0.45843872389033946 0.29270357375979117 0.4538491351174935 0.2901538022193212 0.4543590894255875 0.25292713772845954 0.4176423792428199 0.25853663511749353 0.407953247389034 0.2677158126631854 0.4156025620104439 0.27638503590078334 0.37123653720626637 0.28454430483028725 0.30035288838120106 0.28709407637075723 0.2962732539164491 0.30290265992167104 0.2876040306788512 0.3187112434725849 0.2789348074412533 0.3278904210182768 0.25394704634464754 0.33451982702349875 0.25853663511749353 0.3559379079634465 0.27179544712793735 0.3605274967362925 0.27485517297650136 0.3579777251958225 0.28352439621409925 0.36919671997389036 0.2901538022193212 0.37786594321148825 0.27995471605744127 0.3819455776762402 0.2774049445169713 0.39061480091383816 0.27536512728459533 0.39928402415143605 0.309532065926893 0.40387361292428203 0.31106192885117495 0.4156025620104439 0.2967832082245431 0.43090119125326376 0.2687357212793734 0.44823963772845954 0.21519051892950392 0.44059032310704965 0.21060093015665796 0.43702064295039167 0.19071271214099217 0.4365106886422977 0.13716750979112272 0.43039123694516973 0.08566212467362926 0.4115229275456919 0.06526395234986945 0.404383567232376 0.036196556788511754 0.403363658616188 0.01171875000000001 0.44772968342036557 0.004069435378590087 0.44772968342036557 0.0010097095300261188 0.3839853949086162 0.0015196638381201138 0.38092566906005226 0.005089343994778077 0.39112475522193213 0.13257792101827676 0.40030393276762405 0.14379691579634465 0.40897315600522194 0.16317517950391647 0.41101297323759794 0.17235435704960836 0.40897315600522194 0.18051362597911227 0.3957143439947781 0.18051362597911227 0.3957143439947781 0.18306339751958225 0.3844953492167102 0.1871430319843342 0.38041571475195823 0.19479234660574413 0.3732763544386423 0.22232987924281986
1 0.45264623955431754 0.21707433844011143 0.43795699860724235 0.26495038300835655 0.45373433147632314 0.29106458913649025 0.47277594011142066 0.2965050487465181 0.4907294568245126 0.35471796657381616 0.502154422005571 0.3987856894150418 0.5010663300835655 0.4047701949860724 0.49780205431754876 0.4178272980501393 0.50977106545961 0.4657033426183844 0.5054186977715878 0.581041086350975 0.4967139623955432 0.6397980501392758 0.4999782381615599 0.7012752437325905 0.47549616991643456 0.7360941852367688 0.4684235724233983 0.877546135097493 0.47277594011142066 0.9471840181058496 0.4635271587743733 0.9977802924791087 0.5435019150417828 0.9977802924791087 0.5391495473537604 0.9645934888579387 0.5445900069637883 0.9520804317548747 0.5500304665738162 0.9482721100278552 0.5679839832869081 0.9809148676880223 0.570704213091922 0.9297745473537605 0.5489423746518106 0.925966225626741 0.5424138231197771 0.918349582172702 0.5407816852367688 0.9020282033426185 0.5473102367688023 0.8786342270194987 0.5413257311977716 0.8715616295264624 0.5271805362116991 0.8704735376044569 0.5347971796657381 0.7997475626740947 0.5424138231197771 0.7959392409470752 0.5500304665738162 0.796483286908078 0.5598232938718664 0.8285819986072424 0.5701601671309192 0.8019237465181058 0.5772327646239555 0.8073642061281338 0.581041086350975 0.7817940459610028 0.5565590181058496 0.7594881615598886 0.563087569637883 0.7458870125348189 0.5576471100278552 0.7333739554317549 0.5609113857938719 0.7094359331476323 0.5549268802228412 0.6969228760445683 0.5576471100278552 0.6789693593314764 0.5598232938718664 0.6735288997214485 0.5668958913649025 0.6724408077994429 0.5788649025069638 0.6800574512534819 0.5864815459610028 0.6659122562674095 0.5897458217270195 0.6577515668523677 0.5924660515320335 0.6528551532033426 0.5772327646239555 0.6300052228412256 0.5652637534818942 0.603891016713092 0.5652637534818942 0.596274373259053 0.5745125348189415 0.5788649025069638 0.5897458217270195 0.5728803969359332 0.5897458217270195 0.5636316155988859 0.5832172701949861 0.5576471100278552 0.5788649025069638 0.5532947423398329 0.573424442896936 0.5260924442896936 0.5717923050139276 0.49127350278551535 0.5712482590529249 0.4700557103064067 0.5652637534818942 0.451558147632312 0.5663518454038997 0.4433974582172702 0.5777768105849582 0.43142844707520894 0.5804970403899722 0.413474930362117 0.5756006267409471 0.4064023328690808 0.5756006267409471 0.4009618732590529 0.5892017757660167 0.37539171309192204 0.5853934540389972 0.3764798050139276 0.5663518454038997 0.3917130919220056 0.5478542827298051 0.35907033426183843 0.5315329038997215 0.3198990250696379 0.5141234331476323 0.29487291086350975 0.49834610027855153 0.2747432103064067 0.489641364902507 0.25352541782729804 0.489641364902507 0.23611594707520892 0.47604021587743733 0.22360288997214486 0.46407120473537605 0.21979456824512536
