1 0.5406901041666667 0.8439670138888888 0.5244140625 0.7842881944444444 0.4864366319444444 0.7853732638888888 0.4745008680555556 0.75390625 0.47775607638888895 0.7072482638888888 0.5005425347222222 0.6833767361111112 0.536349826388889 0.7170138888888888 0.5613064236111112 0.7224392361111112 0.5895182291666667 0.7495659722222223 0.6188151041666667 0.7788628472222222 0.6133897569444444 0.8200954861111112 0.5754123263888888 0.8493923611111112
1 0.22927517361111116 0.7083333333333334 0.25857204861111116 0.6779513888888888 0.2943793402777778 0.6974826388888888 0.3377821180555556 0.6746961805555556 0.33235677083333337 0.6486545138888888 0.35080295138888895 0.6128472222222223 0.3106553819444444 0.5944010416666667 0.29329427083333337 0.6095920138888888 0.27701822916666674 0.5748697916666667 0.25857204861111116 0.5618489583333334 0.22276475694444453 0.5705295138888888 0.1978081597222222 0.5922309027777778 0.1826171875 0.626953125 0.1880425347222222 0.6790364583333334 0.20540364583333337 0.7105034722222223 0.24446614583333337 0.7094184027777778
1 0.00032552083333337034 0.6182725694444444 0.03504774305555558 0.6399739583333334 0.08387586805555558 0.6095920138888888 0.12619357638888895 0.5802951388888888 0.12727864583333337 0.5303819444444444 0.1294487847222222 0.48806423611111116 0.07628038194444453 0.43489583333333337 0.017686631944444475 0.41970486111111116 0.0 0.4754177517361112
1 0.2455512152777778 0.32638888888888895 0.2509765625 0.3491753472222222 0.26399739583333337 0.35568576388888895 0.2954644097222222 0.33615451388888895 0.30740017361111116 0.3133680555555556 0.29763454861111116 0.2840711805555556 0.2661675347222222 0.2797309027777778 0.24229600694444453 0.2862413194444444 0.24989149305555558 0.3036024305555556
1 0.08713107638888895 0.05295138888888895 0.1533203125 0.13541666666666674 0.2021484375 0.14192708333333337 0.27701822916666674 0.13650173611111116 0.28678385416666674 0.09418402777777779 0.28678385416666674 0.05403645833333337 0.2969962724673203 0.001953125 0.14246961805555558 0.001953125 0.07736545138888895 0.001953125
4 0.0024956597222222654 0.099609375 0.017686631944444475 0.11588541666666674 0.04047309027777779 0.12022569444444453 0.03504774305555558 0.099609375 0.06217447916666674 0.08767361111111116 0.08821614583333337 0.07573784722222221 0.08387586805555558 0.04752604166666674 0.0753971858850129 0.001953125 1.3877787807814457e-17 0.001953125000000111 0.00032552083333337034 0.08116319444444453
1 0.3725043402777778 0.3285590277777778 0.4365234375 0.33072916666666674 0.43977864583333337 0.30143229166666674 0.4408637152777778 0.22439236111111116 0.44303385416666674 0.177734375 0.4028862847222222 0.15711805555555558 0.3725043402777778 0.16579861111111116 0.3497178819444444 0.17013888888888895 0.33127170138888895 0.22981770833333337 0.33669704861111116 0.28298611111111116
1 0.5146484375 0.3198784722222222 0.5417751736111112 0.3491753472222222 0.5960286458333333 0.3741319444444444 0.6285807291666667 0.3448350694444444 0.6513671875 0.31119791666666674 0.6405164930555556 0.26779513888888895 0.6274956597222223 0.22547743055555558 0.6025390625 0.21788194444444453 0.5992838541666667 0.1430121527777778 0.5732421875 0.11805555555555558 0.5254991319444444 0.09743923611111116 0.48752170138888895 0.11480034722222221 0.4614800347222222 0.16688368055555558 0.46799045138888895 0.216796875 0.49186197916666674 0.24934895833333337 0.48318142361111116 0.2710503472222222 0.4799262152777778 0.28732638888888895
1 0.40397135416666674 0.04861111111111116 0.4462890625 0.0703125 0.48318142361111116 0.07248263888888895 0.526584201388889 0.04318576388888895 0.5341796875 0.001953125000000111 0.5341796874999971 0.001953125 0.40939670138888895 0.001953125
1 0.6285807291666667 0.1332465277777778 0.6557074652777779 0.1430121527777778 0.6633029513888888 0.11697048611111116 0.6557074652777779 0.08767361111111116 0.6285807291666667 0.10069444444444453
3 0.6416015625 0.22981770833333337 0.6904296875 0.2309027777777778 0.7854653924266248 0.001953125 0.8000217013888888 0.001953125 0.7479383680555556 0.10611979166666674 0.6969401041666667 0.236328125 0.6969401041666667 0.24283854166666674
1 0.6133897569444444 0.4663628472222222 0.6123046875 0.43489583333333337 0.6318359375 0.42838541666666674 0.6350911458333333 0.4468315972222222 0.6307508680555556 0.46419270833333337
3 0.09038628472222221 0.3198784722222222 0.06217447916666674 0.421875 0.027452256944444475 0.4164496527777778 0.0024956597222222654 0.41427951388888895 0.00032552083333337034 0.2808159722222222 0.07845052083333337 0.3057725694444444
1 0.33235677083333337 0.4403211805555556 0.3041449652777778 0.46853298611111116 0.30197482638888895 0.49348958333333337 0.32584635416666674 0.5119357638888888 0.34212239583333337 0.5130208333333334 0.3529730902777778 0.49782986111111116 0.35622829861111116 0.4761284722222222 0.35622829861111116 0.451171875
1 0.5211588541666667 0.6085069444444444 0.5059678819444444 0.5889756944444444 0.4907769097222222 0.6030815972222223 0.4962022569444444 0.6215277777777778 0.5113932291666667 0.6280381944444444
1 0.43977864583333337 0.6106770833333334 0.43001302083333337 0.5933159722222223 0.41373697916666674 0.6085069444444444 0.4126519097222222 0.6280381944444444 0.4278428819444444 0.6280381944444444
3 0.2357855902777778 0.41427951388888895 0.24338107638888895 0.40885416666666674 0.2314453125 0.3817274305555556 0.20540364583333337 0.33072916666666674 0.17936197916666674 0.3046875 0.18153211805555558 0.3187934027777778 0.21408420138888895 0.36111111111111116
3 0.10557725694444453 0.2547743055555556 0.10232204861111116 0.2743055555555556 0.08279079861111116 0.26779513888888895 0.05891927083333337 0.2406684027777778 0.06108940972222221 0.23307291666666674
0 0.0947265625 0.44466145833333337 0.12185329861111116 0.43923611111111116 0.12293836805555558 0.41861979166666674 0.12727864583333337 0.392578125 0.14246961805555558 0.3687065972222222 0.15983072916666674 0.3719618055555556 0.19021267361111116 0.39474826388888895 0.2173394097222222 0.4403211805555556 0.23795572916666674 0.4891493055555556 0.24989149305555558 0.5173611111111112 0.2705078125 0.5423177083333334 0.34103732638888895 0.5705295138888888 0.3583984375 0.5130208333333334 0.3486328125 0.5108506944444444 0.33669704861111116 0.5173611111111112 0.32693142361111116 0.5151909722222223 0.3149956597222222 0.5065104166666667 0.3008897569444444 0.4989149305555556 0.29329427083333337 0.4858940972222222 0.29763454861111116 0.4815538194444444 0.2759331597222222 0.46744791666666674 0.25314670138888895 0.4555121527777778 0.24338107638888895 0.44466145833333337 0.23795572916666674 0.4359809027777778 0.23361545138888895 0.4229600694444444 0.2260199652777778 0.4077690972222222 0.21082899305555558 0.38606770833333337 0.19889322916666674 0.36111111111111116 0.17176649305555558 0.3426649305555556 0.1435546875 0.333984375 0.11534288194444453 0.34592013888888895 0.10123697916666674 0.36979166666666674 0.09689670138888895 0.4164496527777778
0 0.09689670138888895 0.451171875 0.12076822916666674 0.4403211805555556 0.13704427083333337 0.4696180555555556 0.1478949652777778 0.4858940972222222 0.17610677083333337 0.5065104166666667 0.22493489583333337 0.5238715277777778 0.23795572916666674 0.5119357638888888 0.2455512152777778 0.5151909722222223 0.2705078125 0.5434027777777778 0.2650824652777778 0.55859375 0.24880642361111116 0.5607638888888888 0.2314453125 0.5618489583333334 0.2075737847222222 0.55859375 0.15440538194444453 0.5368923611111112 0.1337890625 0.5206163194444444 0.1337890625 0.5065104166666667 0.13704427083333337 0.4891493055555556 0.10883246527777779 0.46744791666666674
0 0.26399739583333337 0.5618489583333334 0.2802734375 0.578125 0.29220920138888895 0.6009114583333334 0.30740017361111116 0.5954861111111112 0.3432074652777778 0.6030815972222223 0.35622829861111116 0.6117621527777778 0.3594835069444444 0.6041666666666667 0.3388671875 0.5889756944444444 0.34212239583333337 0.5705295138888888 0.2748480902777778 0.5455729166666667
3 0.2075737847222222 0.5824652777777778 0.19889322916666674 0.587890625 0.1283637152777778 0.5466579861111112 0.13161892361111116 0.5368923611111112
3 0.3377821180555556 0.6540798611111112 0.47775607638888895 0.734375 0.47341579861111116 0.7387152777777778 0.4267578125 0.7170138888888888 0.3594835069444444 0.6790364583333334 0.34103732638888895 0.6692708333333334
0 0.35622829861111116 0.6204427083333334 0.3670789930555556 0.6106770833333334 0.40071614583333337 0.6193576388888888 0.4126519097222222 0.6291232638888888 0.43001302083333337 0.6302083333333334 0.43869357638888895 0.6150173611111112 0.4452039930555556 0.6106770833333334 0.4376085069444444 0.5987413194444444 0.4462890625 0.59765625 0.45822482638888895 0.6052517361111112 0.46799045138888895 0.6052517361111112 0.48318142361111116 0.5987413194444444 0.4940321180555556 0.5900607638888888 0.5027126736111112 0.5911458333333334 0.49186197916666674 0.6009114583333334 0.48860677083333337 0.6052517361111112 0.48752170138888895 0.6139322916666667 0.4907769097222222 0.6226128472222223 0.5037977430555556 0.6302083333333334 0.5189887152777778 0.6280381944444444 0.5244140625 0.6161024305555556 0.5254991319444444 0.6095920138888888 0.5103081597222222 0.5933159722222223 0.5157335069444444 0.5889756944444444 0.5244140625 0.59765625 0.5330946180555556 0.5922309027777778 0.5341796875 0.5802951388888888 0.5613064236111112 0.5824652777777778 0.5699869791666667 0.5954861111111112 0.5764973958333333 0.6009114583333334 0.5873480902777779 0.5987413194444444 0.5960286458333333 0.5954861111111112 0.5981987847222223 0.5835503472222223 0.6546223958333333 0.5954861111111112 0.6242404513888888 0.6432291666666667 0.6133897569444444 0.6605902777777778 0.5775824652777779 0.6746961805555556 0.5396050347222222 0.6844618055555556 0.5124782986111112 0.685546875 0.4853515625 0.6746961805555556 0.4506293402777778 0.6616753472222223 0.41373697916666674 0.6475694444444444 0.3822699652777778 0.6323784722222223
0 0.5634765625 0.5792100694444444 0.5352647569444444 0.5813802083333334 0.5189887152777778 0.5661892361111112 0.5482855902777779 0.48372395833333337 0.5613064236111112 0.4848090277777778 0.5678168402777779 0.4696180555555556 0.5754123263888888 0.44140625 0.5656467013888888 0.4359809027777778 0.5764973958333333 0.392578125 0.5873480902777779 0.3838975694444444 0.5971137152777779 0.3817274305555556 0.5949435763888888 0.3914930555555556 0.6112196180555556 0.3828125 0.6383463541666667 0.35026041666666674 0.6502821180555556 0.32204861111111116 0.6806640625 0.2862413194444444 0.7067057291666667 0.2515190972222222 0.7522786458333333 0.13216145833333337 0.8119574652777779 0.001953125000000111 0.8119574652777799 0.001953125 0.8434244791666667 0.001953125 0.7989366319444444 0.099609375 0.7414279513888888 0.2569444444444444 0.7197265625 0.3524305555555556 0.7099609375 0.4110243055555556 0.7012803819444444 0.4262152777777778 0.6448567708333333 0.40993923611111116 0.6220703125 0.40559895833333337 0.6014539930555556 0.4522569444444444 0.5732421875 0.5423177083333334
0 0.5938585069444444 0.5759548611111112 0.6535373263888888 0.5911458333333334 0.7034505208333333 0.4262152777777778 0.6491970486111112 0.4131944444444444 0.6372612847222223 0.4175347222222222 0.6329210069444444 0.42947048611111116 0.6383463541666667 0.4468315972222222 0.6340060763888888 0.4663628472222222 0.6264105902777779 0.48697916666666674 0.6199001736111112 0.5086805555555556 0.5916883680555556 0.5 0.5808376736111112 0.5227864583333334 0.5775824652777779 0.5390625 0.5840928819444444 0.5477430555555556 0.6003689236111112 0.5531684027777778 0.6036241319444444 0.55859375
1 0.6014539930555556 0.4761284722222222 0.6036241319444444 0.4609375 0.6144748263888888 0.4696180555555556 0.6296657986111112 0.4663628472222222 0.6253255208333333 0.48372395833333337
3 0.34103732638888895 0.5922309027777778 0.3735894097222222 0.6117621527777778 0.39963107638888895 0.6150173611111112 0.4061414930555556 0.6117621527777778 0.4180772569444444 0.5661892361111112 0.4267578125 0.578125 0.43869357638888895 0.5694444444444444 0.4376085069444444 0.5564236111111112 0.4310980902777778 0.5553385416666667 0.4376085069444444 0.5444878472222223 0.44411892361111116 0.5358072916666667 0.47884114583333337 0.5531684027777778 0.5135633680555556 0.5672743055555556 0.5309244791666667 0.5303819444444444 0.5515407986111112 0.4696180555555556 0.5656467013888888 0.46853298611111116 0.5721571180555556 0.451171875 0.5623914930555556 0.44357638888888895 0.5699869791666667 0.4262152777777778 0.5764973958333333 0.3914930555555556 0.5254991319444444 0.36979166666666674 0.4896918402777778 0.3448350694444444 0.4560546875 0.3285590277777778 0.45279947916666674 0.3328993055555556 0.44845920138888895 0.3491753472222222 0.4310980902777778 0.33723958333333337 0.4115668402777778 0.3350694444444444 0.3822699652777778 0.33181423611111116 0.3790147569444444 0.33723958333333337 0.3627387152777778 0.40451388888888895 0.3876953125 0.41536458333333337 0.3920355902777778 0.4229600694444444 0.39095052083333337 0.4424913194444444 0.3822699652777778 0.4424913194444444 0.3725043402777778 0.4652777777777778 0.36490885416666674 0.470703125 0.35622829861111116 0.5054253472222223 0.3583984375 0.5162760416666667
3 0.2998046875 0.05620659722222221 0.36165364583333337 0.10720486111111116 0.3735894097222222 0.0703125 0.39095052083333337 0.03884548611111116 0.37141927083333337 0.01605902777777779 0.3479094328703706 0.001953125 0.3052300347222222 0.001953125000000111 0.2954644097222222 0.03884548611111116
