5 0.1923828125 0.0019531250000000126 0.24446614583333326 0.05620659722222224 0.26291232638888884 0.07139756944444446 0.2987196180555556 0.08224826388888891 0.3692491319444444 0.07790798611111112 0.48318142361111105 0.07899305555555557 0.5764973958333333 0.08224826388888891 0.629665798611111 0.08658854166666669 0.7012803819444444 0.08875868055555557 0.7870008680555555 0.08333333333333334 0.8748914930555555 0.09092881944444446 0.9041883680555555 0.10720486111111112 0.9215494791666666 0.16145833333333334 0.9660373263888888 0.1625434027777778 0.9649522569444444 0.1115451388888889 1.0 0.11438684778528531 0.9996744791666666 0.09852430555555557 0.9671223958333333 0.08767361111111112 0.9725343471364883 0.0 0.28244357638888884 0.0 0.19672309027777768 0.0
5 0.9541015625 0.1896701388888889 0.9345703125 0.22222222222222224 0.9345703125 0.5282118055555556 0.9768880208333333 0.5542534722222222 0.961697048611111 0.23415798611111113
5 0.971462673611111 0.566189236111111 0.8987630208333333 0.5824652777777778 0.8618706597222222 0.6812065972222222 0.8879123263888888 0.6996527777777778 0.9389105902777778 0.6551649305555556 0.9541015625 0.63671875 0.9855685763888888 0.6486545138888888 0.9888237847222222 0.5922309027777778
5 0.29654947916666674 0.09309895833333334 0.2271050347222221 0.0920138888888889 0.20974392361111116 0.26236979166666663 0.2520616319444444 0.23198784722222224 0.28786892361111116 0.14952256944444445 0.31716579861111116 0.10937500000000001
5 0.22276475694444442 0.2862413194444444 0.1880425347222221 0.28949652777777773 0.1728515625 0.451171875 0.16091579861111116 0.5401475694444444 0.1923828125 0.5390625 0.20106336805555558 0.4305555555555555 0.22059461805555558 0.3524305555555555 0.2314453125 0.3036024305555555
5 0.1685112847222221 0.546657986111111 0.14789496527777768 0.5553385416666666 0.16091579861111116 0.685546875 0.17502170138888884 0.6790364583333333 0.1728515625 0.5889756944444444
5 0.8597005208333333 0.6801215277777778 0.7913411458333333 0.722439236111111 0.7284071180555555 0.7766927083333333 0.6947699652777778 0.820095486111111 0.7023654513888888 0.8407118055555555 0.6253255208333333 0.8776041666666666 0.6014539930555556 0.8342013888888888 0.5645616319444444 0.8678385416666666 0.5699869791666666 0.890625 0.5580512152777778 0.8797743055555555 0.5428602430555556 0.880859375 0.5048828125 0.839626736111111 0.4940321180555556 0.868923611111111 0.5254991319444444 0.8830295138888888 0.532009548611111 0.9058159722222222 0.5103081597222222 0.917751736111111 0.4571397569444444 0.9253472222222222 0.4169921875 0.9405381944444444 0.39420572916666674 0.9427083333333333 0.4028862847222221 0.9524739583333333 0.5113932291666666 0.958984375 0.5786675347222222 0.9264322916666666 0.6839192708333333 0.878689236111111 0.7511935763888888 0.8428819444444444 0.8379991319444444 0.7528211805555555 0.8846571180555555 0.7039930555555556
5 0.23795572916666674 0.861328125 0.2216796875 0.8624131944444444 0.2553168402777777 0.9264322916666666 0.2637420853758169 0.998046875 0.2791883680555556 0.9969618055555555 0.2694227430555556 0.9546440972222222 0.2650824652777777 0.919921875 0.2564019097222221 0.8841145833333333 0.24555121527777768 0.8700086805555555
5 0.5265842013888888 0.10069444444444446 0.35188802083333326 0.0920138888888889 0.3084852430555556 0.08441840277777779 0.26725260416666674 0.07465277777777779 0.24880642361111116 0.07465277777777779 0.24012586805555558 0.08984375000000001 0.2911241319444444 0.09092881944444446 0.3149956597222221 0.10394965277777779 0.32693142361111116 0.11588541666666669 0.33235677083333326 0.158203125 0.3638237847222221 0.15928819444444445 0.35622829861111116 0.11588541666666669 0.40397135416666674 0.11805555555555557 0.5254991319444444 0.11263020833333334
5 0.28244357638888884 0.15928819444444445 0.2553168402777777 0.2309027777777778 0.23795572916666674 0.24934895833333334 0.21625434027777768 0.2591145833333333 0.19455295138888884 0.2873263888888889 0.22384982638888884 0.28515625 0.2368706597222221 0.3046875 0.22819010416666674 0.32855902777777773 0.2173394097222221 0.3763020833333333 0.19997829861111116 0.43598090277777773 0.20865885416666674 0.43598090277777773 0.24012586805555558 0.3980034722222222 0.24880642361111116 0.34809027777777773 0.2412109375 0.3253038194444444 0.2607421875 0.30902777777777773 0.2802734375 0.2775607638888889 0.2748480902777777 0.216796875 0.2856987847222221 0.18315972222222224
5 0.9975043402777777 0.158203125 0.9703776041666666 0.1332465277777778 0.9660373263888888 0.11371527777777779 1.0 0.11577362163299665
1 0.9996744791666666 0.917751736111111 0.8965928819444444 0.8917100694444444 0.8607855902777778 0.8634982638888888 0.8217230902777778 0.8428819444444444 0.7989366319444444 0.8385416666666666 0.7804904513888888 0.8678385416666666 0.7631293402777778 0.8895399305555555 0.7555338541666666 0.9307725694444444 0.7544487847222222 0.9871961805555555 0.7577874599358974 0.998046875 1.0 0.998046875
1 0.002495659722222099 0.8244357638888888 0.02094184027777768 0.859157986111111 0.03070746527777768 0.8993055555555555 0.04047309027777768 0.9600694444444444 0.03287760416666674 0.9839409722222222 0.0751953125 0.9578993055555555 0.10557725694444442 0.9752604166666666 0.08821614583333326 0.995876736111111 0.002495659722222099 0.9969618055555555 0.001953125 0.9824942129629658 0.001953125 0.8634982638888888 0.001953125 0.8276909722222222
3 0.9334852430555555 0.21354166666666669 0.9497612847222222 0.1918402777777778 0.961697048611111 0.17447916666666669 0.9432508680555555 0.16579861111111113 0.9258897569444444 0.16579861111111113 0.9139539930555555 0.18424479166666669 0.8672960069444444 0.18424479166666669 0.8727213541666666 0.16145833333333334 0.8846571180555555 0.13975694444444445 0.8987630208333333 0.12890625 0.9074435763888888 0.11588541666666669 0.8976779513888888 0.11263020833333334 0.8857421875 0.12239583333333334 0.873806423611111 0.1310763888888889 0.8553602430555555 0.1310763888888889 0.8173828125 0.12456597222222224 0.7978515625 0.14626736111111113 0.7804904513888888 0.16471354166666669 0.7598741319444444 0.18641493055555555 0.7381727430555555 0.20052083333333334 0.7262369791666666 0.20811631944444445 0.7208116319444444 0.22005208333333334 0.7056206597222222 0.22547743055555555 0.688259548611111 0.2189670138888889 0.6904296875 0.20269097222222224 0.6774088541666666 0.19618055555555555 0.6557074652777778 0.20269097222222224 0.6481119791666666 0.20269097222222224 0.6502821180555556 0.17447916666666669 0.6578776041666666 0.15386284722222224 0.6557074652777778 0.1332465277777778 0.6643880208333333 0.12022569444444446 0.6546223958333333 0.12673611111111113 0.6502821180555556 0.09309895833333334 0.6459418402777778 0.09526909722222224 0.6470269097222222 0.12782118055555558 0.6361762152777778 0.12890625 0.6318359375 0.1408420138888889 0.6112196180555556 0.14626736111111113 0.590603298611111 0.14409722222222224 0.5645616319444444 0.14192708333333334 0.5634765625 0.12890625 0.5558810763888888 0.12565104166666669 0.5385199652777778 0.14735243055555558 0.5309244791666666 0.16145833333333334 0.5374348958333333 0.1799045138888889 0.5157335069444444 0.21788194444444445 0.5081380208333333 0.23307291666666669 0.4810112847222222 0.22981770833333334 0.3876953125 0.2287326388888889 0.3377821180555556 0.2287326388888889 0.3301866319444444 0.24175347222222224 0.3432074652777777 0.2591145833333333 0.3442925347222221 0.2645399305555555 0.3779296875 0.265625 0.4701605902777778 0.26236979166666663 0.5103081597222222 0.2667100694444444 0.5059678819444444 0.28949652777777773 0.5048828125 0.3546006944444444 0.5048828125 0.4348958333333333 0.5048828125 0.44574652777777773 0.4462890625 0.4446614583333333 0.34103732638888884 0.4403211805555555 0.22819010416666674 0.4370659722222222 0.20974392361111116 0.4392361111111111 0.20540364583333326 0.44357638888888884 0.20323350694444442 0.5227864583333333 0.20106336805555558 0.5379774305555556 0.1826171875 0.5412326388888888 0.1685112847222221 0.5423177083333333 0.17176649305555558 0.587890625 0.17393663194444442 0.6822916666666666 0.19997829861111116 0.6812065972222222 0.19889322916666674 0.722439236111111 0.19997829861111116 0.859157986111111 0.2368706597222221 0.8602430555555555 0.2466362847222221 0.8645833333333333 0.2596571180555556 0.8765190972222222 0.27376302083333326 0.8743489583333333 0.27701822916666674 0.8602430555555555 0.3388671875 0.8569878472222222 0.3377821180555556 0.8168402777777778 0.36165364583333326 0.8114149305555555 0.37033420138888884 0.8114149305555555 0.37467447916666674 0.8472222222222222 0.3790147569444444 0.8656684027777778 0.38444010416666674 0.8765190972222222 0.3985460069444444 0.888454861111111 0.4213324652777777 0.8938802083333333 0.4473741319444444 0.8938802083333333 0.4571397569444444 0.8797743055555555 0.4712456597222222 0.849392361111111 0.4712456597222222 0.8168402777777778 0.5048828125 0.8146701388888888 0.532009548611111 0.8114149305555555 0.5482855902777778 0.8168402777777778 0.561306423611111 0.8287760416666666 0.5775824652777778 0.8266059027777778 0.5927734375 0.8266059027777778 0.5960286458333333 0.820095486111111 0.6166449652777778 0.8135850694444444 0.6188151041666666 0.7734375 0.6188151041666666 0.693142361111111 0.6188151041666666 0.578125 0.6350911458333333 0.5694444444444444 0.7294921875 0.568359375 0.7620442708333333 0.5694444444444444 0.7870008680555555 0.568359375 0.8076171875 0.566189236111111 0.8173828125 0.5770399305555556 0.8271484375 0.5824652777777778 0.8412543402777778 0.578125 0.8434244791666666 0.5716145833333333 0.8944227430555555 0.5672743055555556 0.9085286458333333 0.568359375 0.9139539930555555 0.5737847222222222 0.9356553819444444 0.5748697916666666 0.9530164930555555 0.566189236111111 0.9638671875 0.5629340277777778 0.9692925347222222 0.55859375 0.9584418402777777 0.546657986111111 0.9280598958333333 0.529296875 0.9302300347222222 0.48480902777777773 0.9345703125 0.36328125 0.9334852430555555 0.2710503472222222 0.9313151041666666 0.2265625
5 0.17719184027777768 0.3524305555555555 0.13595920138888884 0.5520833333333333 0.1533203125 0.548828125 0.15983072916666674 0.5477430555555556 0.1728515625 0.4197048611111111
5 0.14572482638888884 0.556423611111111 0.13595920138888884 0.5553385416666666 0.12836371527777768 0.6681857638888888 0.1435546875 0.6812065972222222 0.15440538194444442 0.6866319444444444 0.15766059027777768 0.6746961805555556 0.14572482638888884 0.575954861111111
0 0.6730685763888888 0.09092881944444446 0.6502821180555556 0.09092881944444446 0.6546223958333333 0.1115451388888889 0.6567925347222222 0.12239583333333334 0.6622178819444444 0.11480034722222224 0.6698133680555556 0.11588541666666669 0.6643880208333333 0.12456597222222224 0.6600477430555556 0.138671875 0.6600477430555556 0.1484375 0.658962673611111 0.1603732638888889 0.6535373263888888 0.17122395833333334 0.6513671875 0.19292534722222224 0.6654730902777778 0.19618055555555555 0.6752387152777778 0.19075520833333334 0.6730685763888888 0.1701388888888889 0.6763237847222222 0.1310763888888889 0.6763237847222222 0.10937500000000001
5 0.6839192708333333 0.12239583333333334 0.6947699652777778 0.11697048611111112 0.6936848958333333 0.09960937500000001 0.6947699652777778 0.09309895833333334 0.6806640625 0.08875868055555557 0.6774088541666666 0.09309895833333334
