2 0.005110432330827086 0.9963580827067668 0.0021734022556391674 0.8788768796992481 0.057976973684210564 0.8994360902255639 0.22832471804511278 0.9038416353383458 0.24741541353383456 0.9097156954887218 0.2488839285714286 0.9963580827067668
2 0.2444783834586467 0.8774083646616542 0.24300986842105265 0.7687382518796992 0.2253876879699248 0.7687382518796992 0.22832471804511278 0.6879699248120301 0.24300986842105265 0.6879699248120301 0.23860432330827075 0.6703477443609023 0.2253876879699248 0.6718162593984962 0.2253876879699248 0.6585996240601504 0.23860432330827075 0.6527255639097744 0.22979323308270683 0.5190906954887218 0.209234022556391 0.37517622180451127 0.20042293233082709 0.3560855263157895 0.09028430451127822 0.397203947368421 0.016858552631578982 0.43097979323308266 0.013921522556391008 0.44566494360902253 0.015390037593984995 0.510279605263158 0.003641917293233099 0.5205592105263158 0.0007048872180451804 0.5279017857142858 0.0007048872180451804 0.8597861842105263 0.04622885338345867 0.8818139097744361 0.20629699248120303 0.8759398496240601
2 0.0021734022556391674 0.4162946428571428 0.309093045112782 0.28706531954887216 0.48972039473684215 0.22685620300751874 0.6306978383458647 0.19895441729323304 0.7760808270676692 0.19161184210526316 0.9567081766917293 0.19601738721804507 0.998046875 0.20331245162538703 0.998046875 0.001953125 0.0007048872180451804 0.001953125
5 0.005110432330827086 0.4324483082706767 0.24741541353383456 0.3252467105263157 0.3913298872180452 0.27825422932330823 0.5176221804511278 0.23860432330827064 0.6747532894736842 0.209234022556391 0.8186677631578948 0.20335996240601506 0.996358082706767 0.21804511278195482 0.9978265977443609 0.209234022556391 0.9464285714285715 0.19895441729323304 0.7085291353383458 0.1974859022556391 0.605733082706767 0.209234022556391 0.50734257518797 0.22832471804511278 0.39426691729323315 0.2606320488721804 0.24154135338345872 0.3164356203007519 0.09028430451127822 0.38251879699248115 0.005110432330827086 0.41776315789473684
3 0.2518209586466166 0.6703477443609023 0.35021146616541354 0.6688792293233083 0.34727443609022557 0.599859022556391 0.309093045112782 0.599859022556391 0.30615601503759404 0.5895794172932332 0.29440789473684215 0.5895794172932332 0.29440789473684215 0.5939849624060151 0.2518209586466166 0.596921992481203 0.2444783834586467 0.6351033834586466
3 0.2576950187969925 0.6938439849624061 0.2576950187969925 0.7628641917293233 0.2958764097744361 0.7613956766917294 0.29440789473684215 0.690906954887218
3 0.26650610902255645 0.5807683270676691 0.3369948308270677 0.5778312969924813 0.3369948308270677 0.5572720864661654 0.26650610902255645 0.5572720864661654
3 0.2576950187969925 0.5469924812030076 0.29881343984962405 0.5455239661654135 0.2973449248120301 0.510279605263158 0.2532894736842105 0.5117481203007519
2 0.2371358082706767 0.510279605263158 0.21363956766917297 0.34727443609022557 0.3913298872180452 0.2841282894736842 0.5249647556390977 0.24300986842105265 0.6806273496240601 0.21070253759398494 0.7437734962406014 0.209234022556391 0.9023731203007518 0.21217105263157887 0.998046875 0.2177989205550641 0.998046875 0.9082471804511278 0.998046875 0.9963580827067668 0.41273006735588535 1.0 0.28706531954887216 0.9963580827067668 0.28706531954887216 0.9229323308270676 0.2576950187969925 0.9214638157894737 0.26210056390977443 0.8524436090225563 0.26650610902255645 0.787828947368421 0.3516799812030076 0.7672697368421052 0.3516799812030076 0.7085291353383458 0.38545582706766923 0.6674107142857143 0.3795817669172933 0.6174812030075187 0.3810502819548872 0.5763627819548872 0.36195958646616544 0.5308388157894737 0.3399318609022557 0.5337758458646616 0.3237781954887218 0.5455239661654135 0.30615601503759404 0.5293703007518797 0.30615601503759404 0.5205592105263158 0.30615601503759404 0.495594454887218
5 0.2558318661971831 0.9972491197183099 0.2535394659624413 0.940856073943662 0.2503301056338028 0.9174735915492958 0.24895466549295775 0.8991343896713615 0.24574530516431925 0.8821706279342723 0.24803770539906103 0.8409074237089202 0.24895466549295775 0.7762617370892019 0.23978506455399062 0.7615903755868545 0.2315324237089202 0.7615903755868545 0.23199090375586856 0.7015294894366197 0.2443698650234742 0.692818368544601 0.253080985915493 0.6937353286384976 0.25445642605633806 0.7652582159624413 0.27233714788732394 0.7643412558685446 0.26821082746478875 0.7785541373239436 0.2562903462441315 0.8083553403755869 0.2535394659624413 0.9197659917840375 0.2567488262910798 0.9271016725352113 0.2828821889671362 0.9257262323943662 0.2824237089201878 0.9972491197183099
5 0.2535394659624413 0.687775088028169 0.30397227112676056 0.6854826877934272 0.3016798708920188 0.70703125 0.312224911971831 0.708406690140845 0.3154342723004695 0.7478359741784038 0.32368691314553993 0.7478359741784038 0.32322843309859156 0.6932768485915493 0.33056411384976525 0.681356367370892 0.3589898767605634 0.6740206866197183 0.3672425176056338 0.6643926056338028 0.37641211854460094 0.6593493251173709 0.37641211854460094 0.6387177230046948 0.37549515845070425 0.617169160798122 0.37457819835680756 0.588743397887324 0.37136883802816906 0.583700117370892 0.3539465962441315 0.583700117370892 0.34569395539906106 0.5905773180751174 0.35623899647887325 0.6024977992957746 0.3534881161971831 0.6469703638497653 0.3539465962441315 0.6694358861502347 0.30626467136150237 0.6726452464788732 0.253080985915493 0.6753961267605634 0.2411605046948357 0.6726452464788732 0.24620378521126762 0.6886920481220657
5 0.23015698356807512 0.667143485915493 0.24666226525821597 0.667143485915493 0.24620378521126762 0.657056924882629 0.23978506455399062 0.6341329225352113 0.2475792253521127 0.5983714788732395 0.2484961854460094 0.590118838028169 0.28425762910798125 0.5882849178403755 0.29434419014084506 0.5832416373239436 0.3131418720657277 0.5878264377934272 0.3145173122065728 0.5919527582159625 0.3388167546948357 0.5924112382629108 0.34982027582159625 0.5827831572769953 0.34294307511737093 0.5704041960093896 0.3420261150234742 0.563068515258216 0.3383582746478873 0.5690287558685445 0.33927523474178406 0.5791153169014085 0.337899794600939 0.5827831572769953 0.32322843309859156 0.5827831572769953 0.2815067488262911 0.5800322769953051 0.2420774647887324 0.5818661971830985 0.2379511443661972 0.6267972417840375 0.24070202464788734 0.6488042840375587 0.23199090375586856 0.6584323650234742
5 0.23749266431924884 0.57865683685446 0.2622505868544601 0.5777398767605634 0.2622505868544601 0.5575667546948356 0.2526225058685446 0.543812353286385 0.24941314553990612 0.5126357100938967 0.23657570422535212 0.5144696302816901
