2 0.9957932692307692 0.5130471912955465 0.7411753542510121 0.5264897520242915 0.6874051113360324 0.5628637398785425 0.5956794028340081 0.5889581224696356 0.5735387145748988 0.6095173329959515 0.5687942813765182 0.6182154605263158 0.5751201923076923 0.6245413714574899 0.586190536437247 0.6253321103238867 0.5980516194331984 0.6435191042510122 0.6012145748987854 0.6601246204453441 0.5909349696356275 0.6680320091093117 0.5948886639676113 0.6791023532388664 0.6035867914979757 0.6862190030364372 0.5711664979757085 0.7281281629554656 0.5466535931174089 0.7265466852226721 0.5379554655870445 0.7447336791497976 0.4786500506072875 0.7486873734817814 0.4936740890688259 0.8926018471659919 0.5260943825910931 0.9542794787449392 0.5972164015055669 0.998046875 0.996584008097166 0.998046875 0.9981654858299595 0.998046875
2 0.7647735013623979 0.0 0.7000569331983806 0.4877435475708502 0.7419660931174088 0.5083027580971661 0.9981654858299595 0.4932787196356275 0.9981654858299595 0.0022298836032389057
0 0.5474443319838056 0.003811361336032428 0.5482350708502024 0.0694426872469636 0.552979504048583 0.07655933704453445 0.5513980263157895 0.09079263663967616 0.5474443319838056 0.10739815283400814 0.5284665991902834 0.3098273026315789 0.5181869939271255 0.32564207995951416 0.43990384615384615 0.33038651315789475 0.41380946356275305 0.33275872975708504 0.4035298582995951 0.3430383350202429 0.397203947368421 0.3651790232793522 0.4035298582995951 0.3794123228744939 0.4019483805668016 0.3881104504048583 0.4066928137651822 0.3999715334008097 0.41143724696356276 0.41104187753036436 0.4098557692307693 0.438717737854251 0.4090650303643725 0.46639359817813764 0.4059020748987854 0.47588246457489874 0.3726910425101214 0.49644167510121456 0.36320217611336036 0.5035583248987855 0.34264296558704455 0.4735102479757085 0.3315726214574899 0.47430098684210525 0.3331540991902834 0.49644167510121456 0.3331540991902834 0.5209545799595142 0.3331540991902834 0.5691896508097166 0.3363170546558705 0.5802599949392713 0.36794660931174084 0.5857951670040487 0.3956224696356275 0.5818414726720648 0.4225075910931174 0.5794692560728745 0.44148532388663964 0.5739340840080972 0.4517649291497976 0.5541656123481782 0.46204453441295545 0.5454674848178138 0.46520748987854255 0.5612822621457491 0.48497596153846156 0.5676081730769231 0.5150240384615384 0.5557470900809717 0.5221406882591093 0.5351878795546559 0.4762778340080972 0.5288619686234818 0.46204453441295545 0.524908274291498 0.46283527327935226 0.5122564524291499 0.44148532388663964 0.5106749746963563 0.43595015182186236 0.4624399038461538 0.4232983299595142 0.4434621710526316 0.4240890688259109 0.3509457236842105 0.5221406882591093 0.3406661184210526 0.5355832489878543 0.3343402074898785 0.5569331983805668 0.13191105769230774 0.5596157340116279 0.002634447674418597
2 0.002900292642140534 0.8066863503344482 0.4163879598662207 0.9445155727424749 0.413121864548495 0.9588863921404682 0.40593645484949836 0.9726039924749164 0.3791544732441472 0.9961198787625418 0.2481187290969875 0.998046875 0.19625313545150502 0.9797894021739131 0.15705999163879603 0.9850151546822743 0.13615698160535117 0.9928537834448161 0.12836734427257523 0.998046875 0.01008570234113726 0.998046875 0.001953125 0.998046875 0.001953125 0.8079927884615385
2 0.4595004180602007 0.9575799540133779 0.5603465544871795 0.998046875 0.4673390468227425 0.998046875
2 0.48170986622073575 0.9112014005016723 0.5019596571906354 0.9510477633779264 0.4647261705685619 0.9379833821070235
0 0.0022470735785954377 0.7942751881270903 0.43402487458193983 0.9255722198996655 0.460806856187291 0.9392898202341138 0.5111047240802675 0.9562735158862876 0.48170986622073575 0.9066288670568562 0.460806856187291 0.9379833821070235 0.44316994147157185 0.9281850961538461 0.4568875418060201 0.9151207148829432 0.47191158026755853 0.8961773620401338 0.4712583612040133 0.8491455894648829 0.47844377090301005 0.8360812081939799 0.48693561872909696 0.8844194188963211 0.5052257525083612 0.9255722198996655 0.5241691053511706 0.9575799540133779 0.5946598709407703 0.998046875 0.5685880016722408 0.998046875 0.4692987040133779 0.9510477633779264 0.4536214464882943 0.9392898202341138 0.44578281772575246 0.9334108486622074 0.4242265886287625 0.9405962583612041 0.39744460702341133 0.9301447533444817 0.001953125 0.8030923003056593
0 0.4516617892976589 0.6179060409698998 0.47779055183946484 0.8001541596989967 0.4673390468227425 0.7968880643812709 0.44774247491638797 0.6590588419732442
1 0.47975020903010035 0.809952445652174 0.4640729515050167 0.7981945025083612 0.4516617892976589 0.8066863503344482 0.44447637959866215 0.8197507316053512 0.44186350334448155 0.8393473035117057 0.4588471989966555 0.8471859322742475 0.4692987040133779 0.8400005225752508
1 0.44643603678929766 0.9399430392976589 0.4255330267558528 0.9458220108695652 0.40593645484949836 0.9771765259197325 0.38441390736047243 0.998046875 0.4627665133779264 0.9974263168896321 0.4555811036789298 0.9641121446488294 0.4555811036789298 0.9530074205685619
1 0.13550376254180607 0.9961198787625418 0.17077759197324416 0.9869748118729097 0.19559991638795993 0.9869748118729097 0.23467778624827873 0.998046875 0.13615698160535117 0.998046875
0 0.9964464882943144 0.49444763795986624 0.7403846153846154 0.5107781145484951 0.7116429765886287 0.5048991429765887 0.6972721571906355 0.48595579013377926 0.6613451086956521 0.46766565635451507 0.6332566889632107 0.44741586538461536 0.6326034698996655 0.45982702759197325 0.6724498327759196 0.48464935200668896 0.6874738712374582 0.5029394857859533 0.6809416806020067 0.5101248954849499 0.6829013377926421 0.5244957148829432 0.6789820234113713 0.5434390677257526 0.6613451086956521 0.5558502299331104 0.6522000418060201 0.5610759824414716 0.6489339464882943 0.5663017349498328 0.626071279264214 0.5604227633779265 0.6214987458193979 0.5623824205685619 0.5770798494983278 0.5427858486622074 0.5594429347826086 0.5565034489966556 0.552257525083612 0.5630356396321071 0.5509510869565217 0.5741403637123746 0.5489914297658862 0.5787128971571907 0.569241220735786 0.5832854306020068 0.5698944397993311 0.5865515259197325 0.6019021739130435 0.5787128971571907 0.6182326505016722 0.5806725543478262 0.6842077759197325 0.5617292015050168 0.7031511287625418 0.540826191471572 0.7338524247491638 0.5231892767558529 0.777618102006689 0.5179635242474917 0.8932378762541806 0.5133909908026756 0.9984061454849498 0.5068588001672242
2 0.7586747491638796 0.0006140259197324772 0.5652035081743869 0.0 0.5476348784194529 0.29504654255319146 0.6087813449848024 0.2439922112462006 0.6283719604863223 0.26536379179331304 0.623029065349544 0.29207826747720367 0.6075940349544073 0.3104815729483283 0.5868161094224924 0.29623385258358664 0.579098594224924 0.27189399696048633 0.5500094984802432 0.2968275075987842 0.5418060200668896 0.34224759615384615 0.5470317725752508 0.3664167015050167 0.6306438127090301 0.4382707984949833 0.6984232522796352 0.48382883738601823 0.7144519376899696 0.356193009118541 0.7209821428571428 0.3116688829787234 0.7097026975683891 0.3104815729483283 0.6996105623100304 0.3496628039513678 0.6841755319148937 0.34194528875379937 0.6669595364741641 0.35916128419452886 0.6758643617021276 0.3835011398176292 0.6889247720364742 0.40962196048632216 0.7019851823708207 0.42921257598784196 0.6954549772036474 0.46245725683890576 0.6408387158054711 0.4375237462006079 0.6248100303951367 0.41555851063829785 0.6301529255319149 0.3977488601823708 0.6390577507598785 0.38706306990881456 0.6117496200607903 0.3775645896656535 0.6034384498480243 0.32947853343465044 0.6313402355623101 0.3164181231003039 0.647962575987842 0.2980148176291793 0.6788326367781155 0.29029730243161095 0.6770516717325228 0.3057323328267477 0.7203884878419453 0.3104815729483283 0.7251377279635258 0.29564019756838905 0.6948613221884499 0.2855480623100304 0.7025788373860182 0.2327127659574468 0.6948613221884499 0.23390007598784193 0.6847691869300911 0.27189399696048633 0.6580547112462006 0.2855480623100304 0.6467752659574468 0.2576462765957447 0.6800199468085106 0.23152545592705168 0.7310742781155015 0.22796352583586627 0.7586747491638796 0.0306621028428094 0.7371185200668896 0.028049226588628795 0.7220944816053512 0.01955737876254184 0.7220944816053512 0.0038801212374582296
3 0.5238886778115501 0.3502564589665653 0.42890387537993924 0.35381838905775076 0.4241546352583586 0.4410856762917933 0.43365311550151975 0.45770801671732525 0.43840235562310026 0.46067629179331304 0.4431515957446809 0.5063877279635258 0.46630414133738607 0.5087623480243161 0.4657104863221885 0.5212291033434651 0.5333871580547113 0.5259783434650456 0.5452602583586625 0.5307275835866261 0.5476348784194529 0.5491308890577508 0.5583206686930091 0.5491308890577508 0.574943009118541 0.5390387537993921 0.6265909954407295 0.5550674392097265 0.6449943009118542 0.5627849544072948 0.6491498860182371 0.5580357142857143 0.6711151215805471 0.5443816489361702 0.6764580167173253 0.5366641337386018 0.6794262917933132 0.5218227583586627 0.6806136018237082 0.5141052431610942 0.6788326367781155 0.5081686930091185 0.6812072568389058 0.5022321428571429 0.6616166413373861 0.4879844224924012 0.6349021656534954 0.4713620820668693 0.6159052051671732 0.46661284194528874 0.5969082446808511 0.45711436170212766 0.5969082446808511 0.44464760638297873 0.595720934650456 0.43277450607902734 0.5850351443768997 0.41615216565349544 0.5648508738601824 0.4001234802431611 0.5381363981762918 0.3722216945288754
1 0.6147178951367781 0.4321808510638298 0.6046257598784195 0.4351491261398176 0.5992828647416413 0.4523651215805471 0.5992828647416413 0.45770801671732525 0.6283719604863223 0.4660191869300912 0.6283719604863223 0.4476158814589666 0.6254036854103344 0.4369300911854103
3 0.5155775075987842 0.5930613601823708 0.45621200607902734 0.612058320668693 0.4633358662613982 0.6737984422492401 0.4698660714285714 0.6963573328267477 0.4912376519756839 0.690420782674772 0.492424962006079 0.6749857522796352 0.5345744680851063 0.6803286474164134 0.5428856382978724 0.6280870060790273 0.5316061930091185 0.6215568009118541 0.5345744680851063 0.5912803951367781
1 0.5375427431610942 0.5894994300911854 0.5648508738601824 0.5877184650455927 0.5696001139817629 0.6043408054711246 0.5636635638297872 0.6280870060790273 0.5434792933130699 0.6280870060790273 0.5440729483282675 0.6185885258358662 0.5369490881458967 0.6209631458966566
1 0.5333871580547113 0.5336958586626139 0.5215140577507599 0.5467562689969605 0.518545782674772 0.5716897796352584 0.5316061930091185 0.5794072948328267 0.5411046732522796 0.5746580547112462 0.5464475683890577 0.5675341945288753 0.5464475683890577 0.5592230243161094 0.539323708206687 0.5396324088145896
1 0.4538373860182371 0.5615976443768997 0.44552621580547114 0.5770326747720365 0.43484042553191493 0.5811882598784195 0.43424677051671734 0.6025598404255319 0.45502469604863227 0.6025598404255319 0.4769899316109423 0.5978106003039514 0.4805518617021277 0.5841565349544073 0.4817391717325228 0.577626329787234 0.46630414133738607 0.5675341945288753
1 0.4318721504559271 0.6102773556231003 0.4075322948328267 0.6334299012158054 0.3968465045592705 0.62986797112462 0.3855670592705167 0.634023556231003 0.3748812689969605 0.6417410714285714 0.3742876139817629 0.6518332066869301 0.36003989361702127 0.654801481762918 0.3517287234042553 0.6743920972644377 0.3422302431610942 0.6844842325227963 0.33273176291793316 0.6993256079027356 0.3291698328267477 0.7106050531914894 0.3790368541033434 0.7177289133738601 0.3760685790273556 0.7337575987841946 0.3594462386018237 0.7373195288753799 0.3748812689969605 0.7527545592705167 0.37844319908814594 0.7652213145896657 0.39506553951367784 0.7681895896656535 0.4140625 0.7658149696048632 0.43484042553191493 0.7521609042553191 0.4366213905775076 0.733163943768997 0.4479008358662614 0.7070431231003039 0.4419642857142857 0.6435220364741642 0.43958966565349544 0.6310552811550152
1 0.003846884498480252 0.5331022036474165 0.01987556990881456 0.5135115881458967 0.03827887537993924 0.5146988981762918 0.04896466565349544 0.507575037993921 0.07092990121580545 0.5105433130699089 0.09170782674772038 0.5046067629179332 0.09705072188449848 0.481454217325228 0.11011113221884494 0.4820478723404255 0.10120630699088151 0.46839380699088146 0.10298727203647418 0.4410856762917933 0.12317154255319152 0.4375237462006079 0.13741926291793316 0.4476158814589666 0.14157484802431608 0.45533339665653494 0.1510733282674772 0.43871105623100304 0.17303856382978722 0.4315871960486322 0.18787993920972645 0.4375237462006079 0.2234992401215805 0.4482095364741641 0.2306231003039514 0.46067629179331304 0.24308985562310026 0.4767049772036474 0.2460581306990881 0.4867971124620061 0.25555661094224924 0.4933273176291793 0.26149316109422494 0.5063877279635258 0.25971219604863227 0.5230100683890577 0.2579312310030395 0.5384450987841946 0.2573375759878419 0.5562547492401215 0.25615026595744683 0.5764390197568389 0.25080737082066873 0.5811882598784195 0.24783909574468088 0.5954359802431611 0.24783909574468088 0.6096837006079028 0.25615026595744683 0.6179948708206687 0.26089950607902734 0.6280870060790273 0.26742971124620063 0.634023556231003 0.27752184650455924 0.6405537613981763 0.28880129179331304 0.6435220364741642 0.29533149696048633 0.654801481762918 0.30542363221884494 0.6696428571428571 0.301268047112462 0.6803286474164134 0.31017287234042556 0.6886398176291794 0.3178903875379939 0.7005129179331306 0.3036426671732523 0.7301956686930091 0.28820763677811556 0.7349449088145896 0.27752184650455924 0.7385068389057751 0.26030585106382975 0.7177289133738601 0.24487082066869303 0.720697188449848 0.2252802051671733 0.7224781534954408 0.19975303951367784 0.7301956686930091 0.18134973404255317 0.7337575987841946 0.18134973404255317 0.7117923632218844 0.15404160334346506 0.7177289133738601 0.15344794832826747 0.711198708206687 0.12198423252279633 0.7224781534954408 0.11307940729483279 0.720697188449848 0.11545402735562316 0.6951700227963525 0.07983472644376899 0.6874525075987842 0.08102203647416417 0.6631126519756839 0.08755224164133735 0.6494585866261398 0.07567914133738607 0.6358045212765957 0.08042838145896658 0.6138392857142857 0.08992686170212771 0.6102773556231003 0.08220934650455924 0.6013725303951367 0.07033624620060797 0.5960296352583586 0.06321238601823709 0.5948423252279635 0.05905680091185417 0.6138392857142857 0.053713905775075954 0.6233377659574468 0.03649791033434646 0.6245250759878419 0.030561360182370878 0.6090900455927052 0.016907294832826714 0.599591565349544 0.006221504559270508 0.5936550151975684 0.002065919452887588 0.5930613601823708
2 0.5822334809264305 0.6301089918256131 0.566800068119891 0.6333021117166213 0.5455126021798364 0.6317055517711172 0.5423194822888283 0.6434136580381471 0.5401907356948229 0.6615080040871935 0.5369976158038148 0.6796023501362398 0.5364654291553134 0.6843920299727521 0.49921236376021794 0.6822632833787466 0.4960192438692098 0.6907782697547684 0.49069737738419617 0.6982288828337875 0.4704742847411444 0.7014220027247956 0.4731352179836512 0.7408038147138964 0.5354010558583107 0.7408038147138964 0.5423194822888283 0.7248382152588556 0.5705253746594006 0.7237738419618529 0.596070333787466 0.6907782697547684 0.5902162806539509 0.6822632833787466 0.5870231607629428 0.6748126702997276 0.5870231607629428 0.6657654972752044 0.5944737738419619 0.6615080040871935 0.596070333787466 0.653525204359673 0.5864909741144414 0.635963044959128
2 0.452379938692098 0.7094048024523161 0.46355585831062673 0.7924259196185286 0.4401396457765667 0.8174386920980926 0.4364143392370572 0.835533038147139 0.4353499659400545 0.842983651226158 0.46515241825613074 0.8504342643051771 0.46887772479564027 0.8924770095367848 0.44226839237057225 0.922279461852861 0.43162465940054495 0.9212150885558583 0.001953125 0.7891308761290241 0.002150034059945516 0.5992421662125341 0.025034059945504117 0.6104180858310627 0.030888113079019064 0.6237227520435967 0.03248467302452318 0.6274480585831063 0.05536869891008167 0.6274480585831063 0.0692055517711172 0.6024352861035422 0.08357459128065392 0.6098858991825613 0.07559179155313345 0.6098858991825613 0.07026992506811991 0.6380917915531336 0.08304240463215262 0.6497998978201635 0.07665616485013627 0.6615080040871935 0.07452741825613074 0.6913104564032697 0.11124829700272476 0.6987610694822889 0.10911955040871935 0.7243060286103542 0.12402077656675747 0.7248382152588556 0.1485013623978202 0.7157910422343324 0.1490335490463215 0.719516348773842 0.17777162806539504 0.7168554155313351 0.17830381471389645 0.7354819482288828 0.20491314713896458 0.7306922683923706 0.22034655994550412 0.7259025885558583 0.2560030653950953 0.7205807220708447 0.27356522479564027 0.7376106948228883 0.2762261580381471 0.7408038147138964 0.30549642370572205 0.7328210149863761 0.31826890326975477 0.7051473092643052 0.32731607629427795 0.706211682561308 0.3251873297002724 0.7104691757493188 0.37521287465940056 0.7205807220708447 0.37414850136239786 0.7290957084468666 0.3555219686648501 0.7338853882833788 0.35286103542234326 0.7360141348773842 0.3709553814713896 0.7535762942779292 0.37361631471389645 0.7615590940054496 0.37521287465940056 0.7658165871934605 0.4018222070844687 0.7700740803814714 0.4263027929155313 0.7631556539509536 0.44067183242506813 0.7477222411444142 0.44173620572207084 0.731224455040872
1 0.23737653269754766 0.14688351498637603 0.22034655994550412 0.15699506130790192 0.22407186648501365 0.1766859673024523 0.22779717302452318 0.19478031335149865 0.24748807901907355 0.20595623297002724 0.2645180517711172 0.1942481267029973 0.2650502384196185 0.17029972752043598 0.255470878746594 0.15593068801089918
1 0.3081573569482289 0.06173365122615804 0.28208021117166215 0.06918426430517712 0.2655824250681199 0.08248893051771117 0.25653525204359673 0.10271202316076294 0.2618571185286104 0.13038572888283378 0.28367677111716616 0.1500766348773842 0.30709298365122617 0.152737568119891 0.32838044959128065 0.15752724795640327 0.3443460490463215 0.14635132833787468 0.34008855585831066 0.1090982629427793 0.3321057561307902 0.09739015667574932 0.34062074250681196 0.08887517029972752 0.35179666212534055 0.07184519754768393 0.35179666212534055 0.05481522479564033 0.3358310626702997 0.042574931880108996
1 0.37308412806539504 0.07290957084468665 0.36137602179836514 0.08408549046321526 0.3539254087193461 0.10164764986376022 0.348071355585831 0.13038572888283378 0.359779461852861 0.1458191416893733 0.3661657016348774 0.15380194141689374 0.3810669277929155 0.15699506130790192 0.39543596730245234 0.13996508855585832 0.4028865803814714 0.12666042234332425 0.4018222070844687 0.10696951634877384 0.39064628746594 0.08887517029972752 0.3778738079019074 0.06918426430517712
1 0.39703252724795635 0.0878107970027248 0.40714407356948223 0.07290957084468665 0.4284315395095367 0.05321866485013624 0.4481224455040872 0.05321866485013624 0.45184775204359673 0.0638623978201635 0.4592983651226158 0.06971645095367847 0.4726030313351498 0.07131301089918256 0.48803644414168934 0.08621423705722071 0.48910081743869205 0.10856607629427793 0.4694099114441417 0.12453167574931881 0.439075272479564 0.1330466621253406 0.4278993528610354 0.1362397820163488 0.41831999318801094 0.12399948910081744 0.40927282016348776 0.12187074250681199
1 0.5417872956403269 0.05747615803814714 0.5417872956403269 0.04683242506811989 0.5316757493188011 0.03193119891008175 0.5210320163487738 0.03139901226158038 0.5103882833787465 0.04204274523160763 0.5029376702997275 0.05694397138964578 0.500808923705722 0.07397394414168937 0.4965514305177111 0.08727861035422343 0.493358310626703 0.09951890326975477 0.4944226839237057 0.10696951634877384 0.5018732970027248 0.11229138283378746 0.5109204700272479 0.11814543596730245 0.5236929495912807 0.12293511580381472 0.5375298024523161 0.12080636920980926 0.5423194822888283 0.11282356948228883 0.5449804155313351 0.10164764986376022 0.5481735354223434 0.08727861035422343 0.5481735354223434 0.07450613079019074 0.5412551089918256 0.06705551771117166
2 0.5013411103542234 0.11920980926430517 0.48856863079019075 0.11601668937329701 0.427367166212534 0.14369039509536785 0.4172556198910081 0.13091791553133517 0.3901141008174387 0.15752724795640327 0.3661657016348774 0.1601881811989101 0.35339322207084467 0.1447547683923706 0.3246551430517711 0.16391348773841963 0.286337704359673 0.15593068801089918 0.26026055858310626 0.13517540871934605 0.2544065054495913 0.1458191416893733 0.26877554495912803 0.17296066076294278 0.27090429155313345 0.201166553133515 0.23365122615803813 0.2080849795640327 0.2198143732970027 0.1857331403269755 0.21342813351498635 0.15060882152588556 0.22673279972752047 0.14688351498637603 0.24802026566757496 0.14262602179836512 0.257067438692098 0.13411103542234332 0.2522777588555858 0.10217983651226158 0.2623893051771117 0.07716706403269755 0.2884664509536785 0.06279802452316076 0.30656079700272476 0.056411784741144416 0.33902418256130784 0.03672087874659401 0.35339322207084467 0.04896117166212534 0.3571185286103542 0.06971645095367847 0.33902418256130784 0.09792234332425068 0.3432816757493188 0.13145010217983652 0.3576507152588556 0.07876362397820164 0.3805347411444141 0.061201464577656677 0.3911784741144414 0.08461767711171662 0.42577060626703 0.05108991825613079 0.45450868528610355 0.05108991825613079 0.4592983651226158 0.06439458446866485 0.4736674046321526 0.06705551771117166 0.4928261239782016 0.08514986376021799 0.5013411103542234 0.049493358310626706 0.5204998297002725 0.02181965258855586 0.5311435626702997 0.028205892370572208 0.5417872956403269 0.03884962534059946 0.5423194822888283 0.0 0.001953125 0.0 0.0016178474114443286 0.5321866485013624 0.01918000681198917 0.512495742506812 0.03461341961852882 0.5108991825613078 0.045257152588556115 0.5061095027247957 0.06920555177111742 0.509302622615804 0.08783208446866508 0.5034485694822888 0.10007237738419628 0.4395861716621253 0.12295640326975499 0.4342643051771117 0.136261069482289 0.4379896117166212 0.15648416212534078 0.4268136920980926 0.17511069482288844 0.4257493188010899 0.22247530653950975 0.44331147820163486 0.23152247956403293 0.45129427792915533 0.2528099455040873 0.4853542234332425 0.26824335831062696 0.4481011580381471 0.27835490463215273 0.44331147820163486 0.2953848773841963 0.44011835831062673 0.32359076975476864 0.4342643051771117 0.3432816757493189 0.427345878746594 0.3666978882833789 0.4151055858310627 0.38266348773841985 0.42042745231607626 0.38053474114441443 0.4598092643051771 0.3911784741144415 0.4576805177111717 0.39383940735694845 0.4379896117166212 0.40554751362397834 0.4268136920980926 0.40661188692098116 0.4140412125340599 0.397564713896458 0.39701123978201636 0.37201975476839255 0.39754342643051777 0.32571951634877405 0.403929666212534 0.2964492506811991 0.4018009196185286 0.2980458106267032 0.3586938010899182 0.29964237057220733 0.3352775885558583 0.3326379427792918 0.32995572207084467 0.37414850136239797 0.32889134877384196 0.410869380108992 0.3304879087193461 0.43109247275204376 0.32835916212534055 0.5141135899182561 0.324633855585831 0.5215642029972751 0.311329189373297 0.5311435626702996 0.2293724455040872 0.5412551089918256 0.13091791553133514
