1 0.6242404513888888 0.7311197916666667 0.6057942708333333 0.7267795138888888 0.6101345486111112 0.705078125 0.6242404513888888 0.7083333333333334
1 0.5786675347222223 0.7018229166666667 0.5873480902777779 0.7180989583333334 0.5775824652777779 0.734375 0.5580512152777779 0.7191840277777778
1 0.5374348958333334 0.6888020833333334 0.5461154513888888 0.6963975694444444 0.5330946180555556 0.7083333333333334 0.5146484375 0.6996527777777778 0.5092230902777778 0.6909722222222223 0.5254991319444444 0.6790364583333334
1 0.5092230902777778 0.6497395833333334 0.5341796875 0.6627604166666667 0.5211588541666667 0.6725260416666667 0.507052951388889 0.6736111111111112 0.4896918402777778 0.6692708333333334
1 0.6578776041666667 0.6985677083333334 0.6633029513888888 0.6768663194444444 0.6904296875 0.6909722222222223 0.6882595486111112 0.7094184027777778
1 0.7327473958333333 0.3546006944444444 0.5721571180555556 0.21354166666666674 0.6491970486111112 0.17556423611111116 0.7674696180555556 0.16145833333333337 0.8597005208333333 0.12999131944444453 0.9606119791666667 0.06705729166666674 0.9975043402777779 0.00520833333333337 0.998046875 0.008192274305555025 0.998046875 0.05946180555555558 0.9638671875 0.14952256944444453 0.9139539930555556 0.20920138888888895 0.8868272569444444 0.2406684027777778 0.8564453125 0.2319878472222222 0.8683810763888888 0.2699652777777778 0.8282335069444444 0.3187934027777778 0.8369140625 0.28190104166666674 0.8217230902777779 0.24609375 0.7718098958333333 0.2211371527777778 0.7316623263888888 0.2417534722222222 0.7164713541666667 0.26779513888888895 0.7544487847222223 0.29817708333333337 0.7707248263888888 0.31770833333333337 0.7620442708333333 0.3491753472222222
1 0.5613064236111112 0.529296875 0.4799262152777778 0.5792100694444444 0.4452039930555556 0.6019965277777778 0.43435329861111116 0.6291232638888888 0.4408637152777778 0.6573350694444444 0.4571397569444444 0.6801215277777778 0.5016276041666667 0.7224392361111112 0.5851779513888888 0.7701822916666666 0.6622178819444444 0.8125 0.6600477430555556 0.7907986111111112 0.5819227430555556 0.7560763888888888 0.5504557291666667 0.7376302083333334 0.5547960069444444 0.7278645833333334 0.5374348958333334 0.7159288194444444 0.5200737847222222 0.7224392361111112 0.47233072916666674 0.6801215277777778 0.4603949652777778 0.6551649305555556 0.4517144097222222 0.6204427083333334 0.4799262152777778 0.5933159722222223 0.5396050347222222 0.5640190972222223 0.5732421875 0.5412326388888888
1 0.5537109375 0.5553385416666667 0.6806640625 0.5596788194444444 0.7088758680555556 0.5726996527777778 0.7218967013888888 0.6106770833333334 0.7273220486111112 0.6486545138888888 0.7197265625 0.6714409722222223 0.7349175347222223 0.6822916666666667 0.7262369791666667 0.6996527777777778 0.7110460069444444 0.7029079861111112 0.6991102430555556 0.6909722222222223 0.6958550347222223 0.6725260416666667 0.7110460069444444 0.6475694444444444 0.7034505208333333 0.6041666666666667 0.6893446180555556 0.578125 0.6340060763888888 0.5716145833333334 0.5786675347222223 0.5705295138888888
1 0.6470269097222223 0.5792100694444444 0.5775824652777779 0.5922309027777778 0.5515407986111112 0.5922309027777778 0.5244140625 0.607421875 0.526584201388889 0.6291232638888888 0.47884114583333337 0.63671875 0.4647352430555556 0.6334635416666667 0.46365017361111116 0.6215277777777778 0.4853515625 0.6106770833333334 0.5048828125 0.5911458333333334 0.5450303819444444 0.5705295138888888 0.6068793402777779 0.5748697916666667
1 0.6915147569444444 0.8287760416666666 0.6361762152777779 0.7072482638888888 0.6448567708333333 0.7007378472222223 0.6969401041666667 0.79296875 0.6969401041666667 0.7745225694444444 0.7186414930555556 0.8049045138888888 0.7392578125 0.8472222222222222 0.7218967013888888 0.8428819444444444
1 0.7761501736111112 0.9188368055555556 0.7403428819444444 0.9307725694444444 0.7509932558760684 1.0 0.7859157986111112 0.9991319444444444
1 0.7479383680555556 0.6931423611111112 0.7631293402777779 0.6877170138888888 0.7685546875 0.6443142361111112 0.7728949652777779 0.59765625 0.7815755208333333 0.6041666666666667 0.7804904513888888 0.6584201388888888 0.7696397569444444 0.7061631944444444 0.7414279513888888 0.7061631944444444
1 0.5819227430555556 0.5520833333333334 0.5840928819444444 0.5325520833333334 0.6003689236111112 0.5238715277777778 0.5981987847222223 0.46744791666666674 0.5981987847222223 0.4609375 0.6242404513888888 0.4555121527777778 0.6643880208333333 0.45876736111111116 0.6936848958333333 0.46310763888888895 0.6893446180555556 0.4500868055555556 0.7370876736111112 0.4500868055555556 0.7414279513888888 0.5162760416666667 0.7403428819444444 0.5629340277777778 0.6969401041666667 0.5553385416666667 0.6665581597222223 0.55859375 0.6155598958333333 0.5553385416666667
1 0.5678168402777779 0.5227864583333334 0.5808376736111112 0.4989149305555556 0.5623914930555556 0.4424913194444444 0.5656467013888888 0.431640625 0.5873480902777779 0.4468315972222222 0.5916883680555556 0.49348958333333337 0.5873480902777779 0.5282118055555556 0.5775824652777779 0.5347222222222223
0 0.7284071180555556 0.9991319444444444 0.7501085069444444 0.998046875 0.7338324652777779 0.9014756944444444 0.7110460069444444 0.8428819444444444 0.6806640625 0.8211805555555556 0.6763237847222223 0.7994791666666666 0.6698133680555556 0.8070746527777778 0.6589626736111112 0.8103298611111112 0.6296657986111112 0.7951388888888888 0.5580512152777779 0.7615017361111112 0.49837239583333337 0.7267795138888888 0.4517144097222222 0.6801215277777778 0.4354383680555556 0.6529947916666667 0.43001302083333337 0.6334635416666667 0.4506293402777778 0.5911458333333334 0.4853515625 0.5737847222222223 0.5515407986111112 0.5325520833333334 0.5678168402777779 0.5065104166666667 0.5656467013888888 0.46744791666666674 0.5504557291666667 0.44900173611111116 0.5211588541666667 0.42838541666666674 0.44954427083333337 0.412109375 0.3388671875 0.4175347222222222 0.2650824652777778 0.4175347222222222 0.21082899305555558 0.4110243055555556 0.17502170138888895 0.40559895833333337 0.1435546875 0.3871527777777778 0.12510850694444453 0.36002604166666674 0.13053385416666674 0.32638888888888895 0.14463975694444453 0.30685763888888895 0.21408420138888895 0.30251736111111116 0.3280164930555556 0.31119791666666674 0.4180772569444444 0.30794270833333337 0.47884114583333337 0.2862413194444444 0.5200737847222222 0.2612847222222222 0.5699869791666667 0.21571180555555558 0.6068793402777779 0.1918402777777778 0.6687282986111112 0.17013888888888895 0.7924262152777779 0.1527777777777778 0.8879123263888888 0.11480034722222221 0.9660373263888888 0.05729166666666674 0.9866536458333333 0.01497395833333337 0.9936648637820513 0.001953125 0.9530164930555556 0.003038194444444531 0.9475911458333333 0.02582465277777779 0.9258897569444444 0.04969618055555558 0.9150390625 0.06380208333333337 0.8781467013888888 0.080078125 0.8466796875 0.10069444444444453 0.7772352430555556 0.12239583333333337 0.6784939236111112 0.15169270833333337 0.6188151041666667 0.15928819444444453 0.5689019097222223 0.177734375 0.5352647569444444 0.2124565972222222 0.4810112847222222 0.25802951388888895 0.4354383680555556 0.2808159722222222 0.3963758680555556 0.29166666666666674 0.32150607638888895 0.29166666666666674 0.2260199652777778 0.28298611111111116 0.1435546875 0.2797309027777778 0.09255642361111116 0.31228298611111116 0.08930121527777779 0.3578559027777778 0.09255642361111116 0.3882378472222222 0.10666232638888895 0.40017361111111116 0.13704427083333337 0.4175347222222222 0.1869574652777778 0.4327256944444444 0.2650824652777778 0.4424913194444444 0.3887803819444444 0.43815104166666674 0.46256510416666674 0.4359809027777778 0.516818576388889 0.4555121527777778 0.5450303819444444 0.4858940972222222 0.536349826388889 0.5119357638888888 0.5113932291666667 0.5358072916666667 0.44845920138888895 0.5705295138888888 0.42350260416666674 0.5933159722222223 0.4126519097222222 0.6161024305555556 0.40939670138888895 0.6388888888888888 0.4180772569444444 0.666015625 0.4354383680555556 0.6931423611111112 0.46256510416666674 0.7213541666666667 0.5157335069444444 0.763671875 0.6188151041666667 0.8125 0.6839192708333333 0.8537326388888888 0.7110460069444444 0.8949652777777778 0.7229817708333333 0.9481336805555556 0.7262369791666667 0.9806857638888888
3 0.5786675347222223 0.6649305555555556 0.5710720486111112 0.6345486111111112 0.6318359375 0.6247829861111112 0.6383463541666667 0.6605902777777778 0.5916883680555556 0.6681857638888888
3 0.6578776041666667 0.6334635416666667 0.6513671875 0.6193576388888888 0.6925998263888888 0.6117621527777778 0.7012803819444444 0.6312934027777778 0.7045355902777779 0.6529947916666667 0.6817491319444444 0.6540798611111112 0.6622178819444444 0.6573350694444444
0 0.7273220486111112 0.6030815972222223 0.7761501736111112 0.5792100694444444 0.7739800347222223 0.5726996527777778 0.7566189236111112 0.5716145833333334 0.7457682291666667 0.5802951388888888 0.7316623263888888 0.5857204861111112
0 0.5895182291666667 0.705078125 0.6350911458333333 0.7007378472222223 0.6394314236111112 0.6812065972222223 0.6633029513888888 0.6746961805555556 0.6633029513888888 0.65625 0.6491970486111112 0.6226128472222223 0.6361762152777779 0.6215277777777778 0.6437717013888888 0.6432291666666667 0.6459418402777779 0.65625 0.6416015625 0.6649305555555556 0.6274956597222223 0.6703559027777778 0.6285807291666667 0.6779513888888888 0.6188151041666667 0.6801215277777778 0.6047092013888888 0.6812065972222223 0.6014539930555556 0.6736111111111112 0.5938585069444444 0.6736111111111112 0.5884331597222223 0.6779513888888888 0.5895182291666667 0.6822916666666667 0.5764973958333333 0.6833767361111112 0.5732421875 0.6714409722222223 0.5526258680555556 0.6627604166666667 0.5428602430555556 0.6801215277777778 0.5656467013888888 0.6920572916666667
