1 0.45930989583333326 0.15603298611111113 0.4755859375 0.21571180555555555 0.5135633680555556 0.21462673611111113 0.5254991319444444 0.24609375 0.522243923611111 0.2927517361111111 0.4994574652777778 0.3166232638888889 0.46365017361111105 0.2829861111111111 0.43869357638888884 0.2775607638888889 0.41048177083333326 0.25043402777777773 0.38118489583333326 0.2211371527777778 0.3866102430555556 0.1799045138888889 0.42458767361111116 0.1506076388888889
1 0.7707248263888888 0.29166666666666663 0.7414279513888888 0.3220486111111111 0.7056206597222222 0.3025173611111111 0.6622178819444444 0.3253038194444444 0.6676432291666666 0.3513454861111111 0.649197048611111 0.38715277777777773 0.6893446180555556 0.4055989583333333 0.7067057291666666 0.3904079861111111 0.7229817708333333 0.4251302083333333 0.7414279513888888 0.43815104166666663 0.7772352430555555 0.4294704861111111 0.8021918402777778 0.4077690972222222 0.8173828125 0.373046875 0.8119574652777778 0.32096354166666663 0.7945963541666666 0.28949652777777773 0.7555338541666666 0.2905815972222222
1 0.9996744791666666 0.3817274305555555 0.9649522569444444 0.36002604166666663 0.9161241319444444 0.3904079861111111 0.873806423611111 0.4197048611111111 0.8727213541666666 0.4696180555555555 0.8705512152777778 0.5119357638888888 0.9237196180555555 0.5651041666666666 0.9823133680555556 0.5802951388888888 1.0 0.5245822482638888
1 0.7544487847222222 0.673611111111111 0.7490234375 0.6508246527777778 0.7360026041666666 0.644314236111111 0.7045355902777778 0.663845486111111 0.6925998263888888 0.6866319444444444 0.7023654513888888 0.7159288194444444 0.7338324652777778 0.7202690972222222 0.7577039930555555 0.7137586805555556 0.7501085069444444 0.6963975694444444
1 0.912868923611111 0.947048611111111 0.8466796875 0.8645833333333333 0.7978515625 0.8580729166666666 0.7229817708333333 0.8634982638888888 0.7132161458333333 0.9058159722222222 0.7132161458333333 0.9459635416666666 0.7030037275326797 0.998046875 0.8575303819444444 0.998046875 0.922634548611111 0.998046875
4 0.9975043402777777 0.900390625 0.9823133680555556 0.8841145833333333 0.9595269097222222 0.8797743055555555 0.9649522569444444 0.900390625 0.9378255208333333 0.9123263888888888 0.9117838541666666 0.9242621527777778 0.9161241319444444 0.9524739583333333 0.9246028141149871 0.998046875 1.0 0.9980468749999999 0.9996744791666666 0.9188368055555555
1 0.6274956597222222 0.6714409722222222 0.5634765625 0.6692708333333333 0.5602213541666666 0.6985677083333333 0.5591362847222222 0.7756076388888888 0.5569661458333333 0.822265625 0.5971137152777778 0.8428819444444444 0.6274956597222222 0.8342013888888888 0.6502821180555556 0.829861111111111 0.668728298611111 0.7701822916666666 0.6633029513888888 0.7170138888888888
1 0.4853515625 0.6801215277777778 0.45822482638888884 0.6508246527777778 0.40397135416666674 0.6258680555555556 0.37141927083333326 0.6551649305555556 0.3486328125 0.6888020833333333 0.3594835069444444 0.732204861111111 0.3725043402777777 0.7745225694444444 0.3974609375 0.7821180555555555 0.40071614583333326 0.8569878472222222 0.4267578125 0.8819444444444444 0.4745008680555556 0.9025607638888888 0.512478298611111 0.8851996527777778 0.5385199652777778 0.8331163194444444 0.532009548611111 0.783203125 0.5081380208333333 0.7506510416666666 0.5168185763888888 0.7289496527777778 0.5200737847222222 0.712673611111111
1 0.5960286458333333 0.9513888888888888 0.5537109375 0.9296875 0.5168185763888888 0.927517361111111 0.47341579861111105 0.956814236111111 0.4658203125 0.9980468749999999 0.4658203125000029 0.998046875 0.590603298611111 0.998046875
1 0.37141927083333326 0.8667534722222222 0.3442925347222221 0.8569878472222222 0.33669704861111116 0.8830295138888888 0.3442925347222221 0.9123263888888888 0.37141927083333326 0.8993055555555555
3 0.3583984375 0.7701822916666666 0.3095703125 0.7690972222222222 0.21453460757337517 0.998046875 0.19997829861111116 0.998046875 0.2520616319444444 0.8938802083333333 0.30305989583333326 0.763671875 0.30305989583333326 0.7571614583333333
1 0.3866102430555556 0.5336371527777778 0.3876953125 0.5651041666666666 0.3681640625 0.5716145833333333 0.36490885416666674 0.5531684027777778 0.3692491319444444 0.5358072916666666
3 0.9096137152777778 0.6801215277777778 0.9378255208333333 0.578125 0.9725477430555556 0.5835503472222222 0.9975043402777777 0.585720486111111 0.9996744791666666 0.7191840277777778 0.9215494791666666 0.6942274305555556
1 0.6676432291666666 0.5596788194444444 0.6958550347222222 0.5314670138888888 0.698025173611111 0.5065104166666666 0.6741536458333333 0.4880642361111111 0.6578776041666666 0.48697916666666663 0.6470269097222222 0.5021701388888888 0.6437717013888888 0.5238715277777778 0.6437717013888888 0.548828125
1 0.47884114583333326 0.3914930555555555 0.4940321180555556 0.4110243055555555 0.5092230902777778 0.39691840277777773 0.5037977430555556 0.3784722222222222 0.48860677083333326 0.3719618055555555
1 0.5602213541666666 0.38932291666666663 0.5699869791666666 0.40668402777777773 0.5862630208333333 0.3914930555555555 0.5873480902777778 0.3719618055555555 0.5721571180555556 0.3719618055555555
3 0.7642144097222222 0.585720486111111 0.756618923611111 0.5911458333333333 0.7685546875 0.6182725694444444 0.7945963541666666 0.6692708333333333 0.8206380208333333 0.6953125 0.8184678819444444 0.6812065972222222 0.785915798611111 0.6388888888888888
3 0.8944227430555555 0.7452256944444444 0.8976779513888888 0.7256944444444444 0.9172092013888888 0.732204861111111 0.9410807291666666 0.7593315972222222 0.9389105902777778 0.7669270833333333
0 0.9052734375 0.5553385416666666 0.8781467013888888 0.5607638888888888 0.8770616319444444 0.5813802083333333 0.8727213541666666 0.607421875 0.8575303819444444 0.6312934027777778 0.8401692708333333 0.6280381944444444 0.8097873263888888 0.605251736111111 0.7826605902777778 0.5596788194444444 0.7620442708333333 0.5108506944444444 0.7501085069444444 0.48263888888888884 0.7294921875 0.45768229166666663 0.658962673611111 0.4294704861111111 0.6416015625 0.48697916666666663 0.6513671875 0.4891493055555555 0.6633029513888888 0.48263888888888884 0.6730685763888888 0.48480902777777773 0.6850043402777778 0.4934895833333333 0.6991102430555556 0.5010850694444444 0.7067057291666666 0.5141059027777778 0.7023654513888888 0.5184461805555556 0.7240668402777778 0.5325520833333333 0.746853298611111 0.5444878472222222 0.756618923611111 0.5553385416666666 0.7620442708333333 0.5640190972222222 0.766384548611111 0.5770399305555556 0.7739800347222222 0.5922309027777778 0.7891710069444444 0.6139322916666666 0.8011067708333333 0.6388888888888888 0.8282335069444444 0.6573350694444444 0.8564453125 0.666015625 0.8846571180555555 0.654079861111111 0.8987630208333333 0.6302083333333333 0.903103298611111 0.5835503472222222
0 0.903103298611111 0.548828125 0.8792317708333333 0.5596788194444444 0.8629557291666666 0.5303819444444444 0.8521050347222222 0.5141059027777778 0.8238932291666666 0.4934895833333333 0.7750651041666666 0.4761284722222222 0.7620442708333333 0.4880642361111111 0.7544487847222222 0.48480902777777773 0.7294921875 0.4565972222222222 0.7349175347222222 0.44140625 0.7511935763888888 0.4392361111111111 0.7685546875 0.43815104166666663 0.7924262152777778 0.44140625 0.8455946180555555 0.46310763888888884 0.8662109375 0.4793836805555555 0.8662109375 0.4934895833333333 0.8629557291666666 0.5108506944444444 0.8911675347222222 0.5325520833333333
0 0.7360026041666666 0.43815104166666663 0.7197265625 0.421875 0.707790798611111 0.39908854166666663 0.6925998263888888 0.40451388888888884 0.6567925347222222 0.39691840277777773 0.6437717013888888 0.3882378472222222 0.6405164930555556 0.3958333333333333 0.6611328125 0.4110243055555555 0.6578776041666666 0.4294704861111111 0.7251519097222222 0.4544270833333333
3 0.7924262152777778 0.4175347222222222 0.8011067708333333 0.412109375 0.8716362847222222 0.45334201388888884 0.8683810763888888 0.46310763888888884
3 0.6622178819444444 0.3459201388888889 0.522243923611111 0.265625 0.5265842013888888 0.2612847222222222 0.5732421875 0.2829861111111111 0.6405164930555556 0.32096354166666663 0.658962673611111 0.33072916666666663
0 0.6437717013888888 0.37955729166666663 0.6329210069444444 0.38932291666666663 0.5992838541666666 0.3806423611111111 0.5873480902777778 0.3708767361111111 0.5699869791666666 0.36979166666666663 0.561306423611111 0.38498263888888884 0.5547960069444444 0.38932291666666663 0.5623914930555556 0.4012586805555555 0.5537109375 0.40234375 0.541775173611111 0.39474826388888884 0.532009548611111 0.39474826388888884 0.5168185763888888 0.4012586805555555 0.5059678819444444 0.4099392361111111 0.49728732638888884 0.40885416666666663 0.5081380208333333 0.39908854166666663 0.5113932291666666 0.39474826388888884 0.512478298611111 0.3860677083333333 0.5092230902777778 0.37738715277777773 0.4962022569444444 0.36979166666666663 0.4810112847222222 0.3719618055555555 0.4755859375 0.3838975694444444 0.4745008680555556 0.3904079861111111 0.4896918402777778 0.40668402777777773 0.4842664930555556 0.4110243055555555 0.4755859375 0.40234375 0.4669053819444444 0.4077690972222222 0.4658203125 0.4197048611111111 0.43869357638888884 0.4175347222222222 0.43001302083333326 0.40451388888888884 0.42350260416666674 0.39908854166666663 0.4126519097222221 0.4012586805555555 0.40397135416666674 0.40451388888888884 0.4018012152777777 0.41644965277777773 0.34537760416666674 0.40451388888888884 0.37575954861111116 0.3567708333333333 0.3866102430555556 0.3394097222222222 0.4224175347222221 0.3253038194444444 0.4603949652777778 0.3155381944444444 0.48752170138888884 0.314453125 0.5146484375 0.3253038194444444 0.5493706597222222 0.33832465277777773 0.5862630208333333 0.3524305555555555 0.6177300347222222 0.36762152777777773
0 0.4365234375 0.4207899305555555 0.4647352430555556 0.41861979166666663 0.4810112847222222 0.43381076388888884 0.4517144097222221 0.5162760416666666 0.43869357638888884 0.5151909722222222 0.4321831597222221 0.5303819444444444 0.42458767361111116 0.55859375 0.43435329861111116 0.5640190972222222 0.42350260416666674 0.607421875 0.4126519097222221 0.6161024305555556 0.4028862847222221 0.6182725694444444 0.40505642361111116 0.6085069444444444 0.3887803819444444 0.6171875 0.36165364583333326 0.6497395833333333 0.3497178819444444 0.6779513888888888 0.3193359375 0.7137586805555556 0.29329427083333326 0.7484809027777778 0.24772135416666674 0.8678385416666666 0.1880425347222221 0.9980468749999999 0.1880425347222201 0.998046875 0.15657552083333326 0.998046875 0.20106336805555558 0.900390625 0.25857204861111116 0.7430555555555556 0.2802734375 0.6475694444444444 0.2900390625 0.5889756944444444 0.2987196180555556 0.5737847222222222 0.35514322916666674 0.5900607638888888 0.3779296875 0.5944010416666666 0.3985460069444444 0.5477430555555556 0.4267578125 0.45768229166666663
0 0.4061414930555556 0.42404513888888884 0.34646267361111116 0.40885416666666663 0.29654947916666674 0.5737847222222222 0.35080295138888884 0.5868055555555556 0.3627387152777777 0.5824652777777778 0.3670789930555556 0.5705295138888888 0.36165364583333326 0.5531684027777778 0.36599392361111116 0.5336371527777778 0.3735894097222221 0.5130208333333333 0.38009982638888884 0.4913194444444444 0.4083116319444444 0.5 0.41916232638888884 0.47721354166666663 0.4224175347222221 0.4609375 0.4159071180555556 0.4522569444444444 0.39963107638888884 0.4468315972222222 0.3963758680555556 0.44140625
1 0.3985460069444444 0.5238715277777778 0.3963758680555556 0.5390625 0.38552517361111116 0.5303819444444444 0.37033420138888884 0.5336371527777778 0.37467447916666674 0.5162760416666666
3 0.658962673611111 0.4077690972222222 0.6264105902777778 0.3882378472222222 0.600368923611111 0.38498263888888884 0.5938585069444444 0.3882378472222222 0.5819227430555556 0.43381076388888884 0.5732421875 0.421875 0.561306423611111 0.4305555555555555 0.5623914930555556 0.44357638888888884 0.5689019097222222 0.4446614583333333 0.5623914930555556 0.45551215277777773 0.5558810763888888 0.4641927083333333 0.5211588541666666 0.4468315972222222 0.4864366319444444 0.4327256944444444 0.46907552083333326 0.4696180555555555 0.44845920138888884 0.5303819444444444 0.43435329861111116 0.5314670138888888 0.4278428819444444 0.548828125 0.4376085069444444 0.556423611111111 0.43001302083333326 0.5737847222222222 0.42350260416666674 0.6085069444444444 0.4745008680555556 0.6302083333333333 0.5103081597222222 0.6551649305555556 0.5439453125 0.6714409722222222 0.5472005208333333 0.6671006944444444 0.551540798611111 0.6508246527777778 0.5689019097222222 0.6627604166666666 0.5884331597222222 0.6649305555555556 0.6177300347222222 0.6681857638888888 0.6209852430555556 0.6627604166666666 0.6372612847222222 0.595486111111111 0.6123046875 0.5846354166666666 0.6079644097222222 0.5770399305555556 0.6090494791666666 0.5575086805555556 0.6177300347222222 0.5575086805555556 0.6274956597222222 0.5347222222222222 0.6350911458333333 0.529296875 0.6437717013888888 0.49457465277777773 0.6416015625 0.4837239583333333
3 0.7001953125 0.9437934027777778 0.6383463541666666 0.8927951388888888 0.6264105902777778 0.9296875 0.6090494791666666 0.9611545138888888 0.6285807291666666 0.9839409722222222 0.6520905671296293 0.998046875 0.6947699652777778 0.9980468749999999 0.7045355902777778 0.9611545138888888
