1 0.002495659722222099 0.2536892361111111 0.01985677083333326 0.26236979166666663 0.03396267361111116 0.2808159722222222 0.03070746527777768 0.2927517361111111 0.07411024305555558 0.3372395833333333 0.17176649305555558 0.5249565972222222 0.21408420138888884 0.5737847222222222 0.28244357638888884 0.6323784722222222 0.38118489583333326 0.7061631944444444 0.45822482638888884 0.7278645833333333 0.5200737847222222 0.7376302083333333 0.5645616319444444 0.7365451388888888 0.5981987847222222 0.7202690972222222 0.6361762152777778 0.6898871527777778 0.6763237847222222 0.65625 0.6958550347222222 0.6030815972222222 0.7056206597222222 0.5151909722222222 0.7511935763888888 0.5282118055555556 1.0 0.5530924479166667 1.0 0.998046875 0.001953125 0.998046875
1 0.6925998263888888 0.5423177083333333 0.6600477430555556 0.5249565972222222 0.6220703125 0.5640190972222222 0.5873480902777778 0.59765625 0.6209852430555556 0.634548611111111 0.6405164930555556 0.6193576388888888 0.6416015625 0.6551649305555556 0.6242404513888888 0.6681857638888888 0.5981987847222222 0.7105034722222222 0.6578776041666666 0.6692708333333333 0.678493923611111 0.6421440972222222 0.6991102430555556 0.587890625
3 0.47233072916666663 0.685546875 0.5179036458333333 0.6920572916666666 0.5211588541666666 0.7105034722222222 0.5764973958333333 0.7061631944444444 0.5754123263888888 0.663845486111111 0.5884331597222222 0.6627604166666666 0.5895182291666666 0.6356336805555556 0.5732421875 0.6388888888888888 0.5743272569444444 0.6128472222222222 0.4799262152777778 0.6291232638888888
1 0.5037977430555556 0.7072482638888888 0.48860677083333326 0.6920572916666666 0.512478298611111 0.693142361111111 0.5146484375 0.6974826388888888
0 0.7001953125 0.45551215277777773 0.6741536458333333 0.44574652777777773 0.6741536458333333 0.527126736111111 0.6925998263888888 0.5303819444444444 0.7023654513888888 0.5130208333333333
0 0.6622178819444444 0.3860677083333333 0.6643880208333333 0.4197048611111111 0.6546223958333333 0.4034288194444444 0.6242404513888888 0.3980034722222222 0.5927734375 0.41427951388888884 0.5580512152777778 0.44574652777777773 0.5450303819444444 0.47504340277777773 0.502712673611111 0.48263888888888884 0.5081380208333333 0.44791666666666663 0.5330946180555556 0.4490017361111111 0.5363498263888888 0.43598090277777773 0.5743272569444444 0.4077690972222222 0.5960286458333333 0.3817274305555555 0.600368923611111 0.3611111111111111 0.6166449652777778 0.3611111111111111 0.6188151041666666 0.3426649305555555 0.6318359375 0.36328125 0.649197048611111 0.3643663194444444
0 0.5873480902777778 0.5835503472222222 0.5602213541666666 0.595486111111111 0.5048828125 0.509765625 0.49837239583333326 0.5141059027777778 0.5016276041666666 0.48480902777777773 0.5385199652777778 0.47721354166666663 0.5428602430555556 0.509765625 0.5504557291666666 0.5336371527777778
0 0.5678168402777778 0.5965711805555556 0.5819227430555556 0.5868055555555556 0.5873480902777778 0.607421875 0.6057942708333333 0.626953125 0.6166449652777778 0.6378038194444444 0.6361762152777778 0.626953125 0.639431423611111 0.6529947916666666 0.6188151041666666 0.666015625 0.6155598958333333 0.6790364583333333 0.5949435763888888 0.7094184027777778 0.5797526041666666 0.7191840277777778 0.5775824652777778 0.7105034722222222 0.5851779513888888 0.6985677083333333 0.5895182291666666 0.6898871527777778 0.590603298611111 0.6725260416666666 0.5949435763888888 0.6584201388888888 0.5960286458333333 0.6378038194444444 0.5851779513888888 0.6291232638888888 0.5797526041666666 0.615017361111111 0.5754123263888888 0.6063368055555556
0 0.4951171875 0.5314670138888888 0.5211588541666666 0.566189236111111 0.5048828125 0.5868055555555556 0.48860677083333326 0.575954861111111
3 0.5179036458333333 0.5770399305555556 0.532009548611111 0.59765625 0.5157335069444444 0.6139322916666666 0.5059678819444444 0.5998263888888888 0.5016276041666666 0.6161024305555556 0.48318142361111105 0.6204427083333333 0.4864366319444444 0.5824652777777778 0.49837239583333326 0.5900607638888888
3 0.40071614583333326 0.5651041666666666 0.2618272569444444 0.4696180555555555 0.2314453125 0.5651041666666666 0.38118489583333326 0.6671006944444444 0.3779296875 0.7007378472222222 0.42458767361111116 0.7170138888888888 0.43326822916666674 0.6844618055555556 0.46799045138888884 0.6898871527777778 0.49186197916666663 0.5065104166666666 0.5179036458333333 0.3318142361111111 0.5244140625 0.294921875 0.5298394097222222 0.24175347222222224 0.5070529513888888 0.2309027777777778 0.4994574652777778 0.28190104166666663 0.4907769097222222 0.2764756944444444 0.49294704861111105 0.23741319444444445 0.4647352430555556 0.22547743055555555 0.4560546875 0.26236979166666663
3 0.0046657986111111605 0.20052083333333334 0.07953559027777768 0.23198784722222224 0.08604600694444442 0.17122395833333334 0.1099175347222221 0.07790798611111112 0.06000434027777768 0.06380208333333334 0.01551649305555558 0.04752604166666668 0.001953125 0.05065604967948717
0 0.002495659722222099 0.22222222222222224 0.1099175347222221 0.2732204861111111 0.10340711805555558 0.294921875 0.0849609375 0.2981770833333333 0.0806206597222221 0.3372395833333333 0.03830295138888884 0.2970920138888889 0.0415581597222221 0.27973090277777773 0.03938802083333326 0.2634548611111111 0.001953125 0.24670767086988304 0.001953125 0.22439236111111113 0.001953125 0.22222222222222224
0 0.18695746527777768 0.2970920138888889 0.17068142361111116 0.28949652777777773 0.1685112847222221 0.3079427083333333 0.1826171875 0.3166232638888889 0.18044704861111116 0.333984375 0.1880425347222221 0.35026041666666663 0.1880425347222221 0.36762152777777773 0.19455295138888884 0.3611111111111111 0.1923828125 0.34375 0.19346788194444442 0.3253038194444444 0.19997829861111116 0.3046875
0 0.4614800347222222 0.23198784722222224 0.44845920138888884 0.22439236111111113 0.4419487847222221 0.2384982638888889 0.42024739583333326 0.236328125 0.4072265625 0.2536892361111111 0.3985460069444444 0.2580295138888889 0.38118489583333326 0.25043402777777773 0.3822699652777777 0.2645399305555555 0.38986545138888884 0.2840711805555555 0.38552517361111116 0.3046875 0.3876953125 0.32096354166666663 0.4018012152777777 0.3133680555555555 0.42024739583333326 0.29926215277777773 0.4310980902777777 0.3079427083333333 0.4408637152777777 0.3101128472222222 0.45388454861111116 0.2667100694444444
0 0.43977864583333326 0.32096354166666663 0.43977864583333326 0.314453125 0.4267578125 0.3122829861111111 0.41916232638888884 0.3231336805555555 0.4072265625 0.3296440972222222 0.39963107638888884 0.3198784722222222 0.38986545138888884 0.32421875 0.3931206597222221 0.3394097222222222 0.39095052083333326 0.35785590277777773 0.38986545138888884 0.36762152777777773 0.4072265625 0.3665364583333333 0.4267578125 0.3654513888888889 0.4365234375 0.35785590277777773
0 0.4321831597222221 0.3719618055555555 0.4159071180555556 0.3708767361111111 0.4126519097222221 0.3882378472222222 0.40939670138888884 0.4077690972222222 0.39420572916666674 0.4077690972222222 0.3974609375 0.3904079861111111 0.4018012152777777 0.3741319444444444 0.38118489583333326 0.373046875 0.3822699652777777 0.38932291666666663 0.38009982638888884 0.4077690972222222 0.3573133680555556 0.41861979166666663 0.3301866319444444 0.4327256944444444 0.3182508680555556 0.44140625 0.30197482638888884 0.45334201388888884 0.28678385416666674 0.44791666666666663 0.27810329861111116 0.4348958333333333 0.2802734375 0.42621527777777773 0.2509765625 0.4197048611111111 0.25314670138888884 0.44791666666666663 0.24555121527777768 0.45334201388888884 0.28244357638888884 0.4782986111111111 0.3985460069444444 0.5553385416666666 0.41482204861111116 0.4685329861111111
0 0.24338107638888884 0.4934895833333333 0.22493489583333326 0.4815538194444444 0.22601996527777768 0.4598524305555555 0.24012586805555558 0.4544270833333333 0.25857204861111116 0.4620225694444444
0 0.22819010416666674 0.5249565972222222 0.18912760416666674 0.49782986111111105 0.17502170138888884 0.5249565972222222 0.19889322916666674 0.5509982638888888 0.20540364583333326 0.5477430555555556 0.22276475694444442 0.5509982638888888 0.22493489583333326 0.55859375 0.23578559027777768 0.546657986111111 0.2412109375 0.527126736111111
0 0.21516927083333326 0.5705295138888888 0.3735894097222221 0.6953125 0.37467447916666674 0.6671006944444444 0.2314453125 0.5672743055555556
1 0.7132161458333333 0.5162760416666666 0.7511935763888888 0.5249565972222222 0.8683810763888888 0.536892361111111 1.0 0.5496296762992832 0.9985894097222222 0.0030381944444444566 0.6513671875 0.0008680555555555677 0.001953125 0.0008680555555555677 0.001953125 0.04535590277777779 0.05023871527777768 0.058376736111111126 0.10666232638888884 0.07248263888888891 0.11534288194444442 0.09309895833333334 0.12510850694444442 0.1430121527777778 0.11208767361111116 0.197265625 0.11642795138888884 0.21788194444444445 0.10666232638888884 0.2287326388888889 0.10883246527777768 0.255859375 0.001953125 0.20870672487745098 0.001953125 0.216796875 0.10774739583333326 0.2688802083333333 0.20431857638888884 0.3025173611111111 0.3866102430555556 0.3350694444444444 0.3833550347222221 0.29926215277777773 0.3833550347222221 0.2775607638888889 0.3735894097222221 0.26019965277777773 0.37575954861111116 0.24392361111111113 0.39420572916666674 0.2536892361111111 0.40939670138888884 0.24826388888888892 0.4159071180555556 0.2309027777777778 0.43326822916666674 0.23307291666666669 0.44303385416666674 0.23307291666666669 0.4473741319444444 0.2189670138888889 0.4571397569444444 0.22222222222222224 0.4712456597222222 0.2211371527777778 0.48209635416666663 0.22439236111111113 0.49294704861111105 0.22764756944444445 0.5113932291666666 0.2265625 0.5233289930555556 0.236328125 0.5406901041666666 0.2384982638888889 0.5623914930555556 0.27213541666666663 0.5775824652777778 0.2981770833333333 0.5873480902777778 0.31119791666666663 0.6242404513888888 0.35026041666666663 0.6416015625 0.3589409722222222 0.6481119791666666 0.3589409722222222 0.6622178819444444 0.3719618055555555 0.6676432291666666 0.3828125 0.6665581597222222 0.4131944444444444 0.6774088541666666 0.44140625 0.6969401041666666 0.4490017361111111 0.7034505208333333 0.4544270833333333 0.7023654513888888 0.46527777777777773 0.7034505208333333 0.48480902777777773 0.7045355902777778 0.5
3 0.5699869791666666 0.38498263888888884 0.5233289930555556 0.36328125 0.5276692708333333 0.3415798611111111 0.5396050347222222 0.3415798611111111 0.5678168402777778 0.3491753472222222 0.5851779513888888 0.3546006944444444
0 0.5623914930555556 0.38498263888888884 0.5580512152777778 0.39474826388888884 0.5428602430555556 0.3828125 0.5330946180555556 0.3914930555555555 0.5309244791666666 0.4055989583333333 0.5233289930555556 0.42838541666666663 0.522243923611111 0.4446614583333333 0.5059678819444444 0.4424913194444444 0.5135633680555556 0.3958333333333333 0.5157335069444444 0.3654513888888889 0.5330946180555556 0.36762152777777773 0.551540798611111 0.37955729166666663
1 0.3866102430555556 0.34049479166666663 0.3887803819444444 0.353515625 0.3866102430555556 0.3665364583333333 0.3779296875 0.3708767361111111 0.3790147569444444 0.38498263888888884 0.37575954861111116 0.39908854166666663 0.3725043402777777 0.4099392361111111 0.35622829861111116 0.4153645833333333 0.33561197916666674 0.42621527777777773 0.3149956597222221 0.4305555555555555 0.3106553819444444 0.4403211805555555 0.2998046875 0.4490017361111111 0.28352864583333326 0.44357638888888884 0.28352864583333326 0.4348958333333333 0.28244357638888884 0.421875 0.26291232638888884 0.41861979166666663 0.24555121527777768 0.41861979166666663 0.24880642361111116 0.431640625 0.24880642361111116 0.44357638888888884 0.23253038194444442 0.4490017361111111 0.22276475694444442 0.45551215277777773 0.22276475694444442 0.4739583333333333 0.22059461805555558 0.48263888888888884 0.2368706597222221 0.4934895833333333 0.2368706597222221 0.5043402777777778 0.23036024305555558 0.5162760416666666 0.2075737847222221 0.509765625 0.19672309027777768 0.5010850694444444 0.19021267361111116 0.4934895833333333 0.18044704861111116 0.507595486111111 0.1728515625 0.5184461805555556 0.16959635416666674 0.5217013888888888 0.12510850694444442 0.42838541666666663 0.0806206597222221 0.3459201388888889 0.08279079861111116 0.3253038194444444 0.08604600694444442 0.3036024305555555 0.1001519097222221 0.2981770833333333 0.10666232638888884 0.294921875 0.11208767361111116 0.27973090277777773 0.1142578125 0.2732204861111111 0.16417100694444442 0.2905815972222222 0.16959635416666674 0.2970920138888889 0.16417100694444442 0.3079427083333333 0.17719184027777768 0.3198784722222222 0.17610677083333326 0.3296440972222222 0.17719184027777768 0.3459201388888889 0.18044704861111116 0.3567708333333333 0.18478732638888884 0.3708767361111111 0.19129774305555558 0.3784722222222222 0.19889322916666674 0.36328125 0.19346788194444442 0.333984375 0.20106336805555558 0.3177083333333333 0.20431857638888884 0.3079427083333333 0.21082899305555558 0.3036024305555555 0.3377821180555556 0.32855902777777773
0 0.10557725694444442 0.0920138888888889 0.08821614583333326 0.17881944444444445 0.10883246527777768 0.1896701388888889 0.11751302083333326 0.16905381944444445 0.12185329861111116 0.14518229166666669 0.11859809027777768 0.11805555555555557 0.1196831597222221 0.09526909722222224
1 0.08604600694444442 0.18315972222222224 0.10666232638888884 0.19401041666666669 0.1044921875 0.2092013888888889 0.08713107638888884 0.216796875
5 0.10883246527777768 0.20269097222222224 0.11317274305555558 0.22005208333333334 0.1044921875 0.22547743055555555 0.10883246527777768 0.24934895833333334 0.09255642361111116 0.2406684027777778 0.07628038194444442 0.2384982638888889 0.08170572916666674 0.22222222222222224 0.08279079861111116 0.21462673611111113 0.09364149305555558 0.21788194444444445 0.10123697916666674 0.21354166666666669
