1 0.9975043402777779 0.2536892361111111 0.9801432291666667 0.26236979166666663 0.9660373263888888 0.2808159722222222 0.9692925347222223 0.2927517361111111 0.9258897569444444 0.3372395833333333 0.8282335069444444 0.5249565972222222 0.7859157986111112 0.5737847222222222 0.7175564236111112 0.6323784722222222 0.6188151041666667 0.7061631944444444 0.5417751736111112 0.7278645833333333 0.4799262152777778 0.7376302083333333 0.4354383680555556 0.7365451388888888 0.4018012152777778 0.7202690972222222 0.3638237847222222 0.6898871527777778 0.3236762152777778 0.65625 0.3041449652777778 0.6030815972222222 0.2943793402777778 0.5151909722222222 0.24880642361111116 0.5282118055555556 -2.7755575615628914e-17 0.5530924479166667 0.0 0.998046875 0.998046875 0.998046875
1 0.30740017361111116 0.5423177083333333 0.3399522569444444 0.5249565972222222 0.3779296875 0.5640190972222222 0.4126519097222222 0.59765625 0.3790147569444444 0.634548611111111 0.3594835069444444 0.6193576388888888 0.3583984375 0.6551649305555556 0.37575954861111116 0.6681857638888888 0.4018012152777778 0.7105034722222222 0.34212239583333337 0.6692708333333333 0.32150607638888895 0.6421440972222222 0.3008897569444444 0.587890625
3 0.5276692708333334 0.685546875 0.48209635416666674 0.6920572916666666 0.47884114583333337 0.7105034722222222 0.42350260416666674 0.7061631944444444 0.42458767361111116 0.663845486111111 0.4115668402777778 0.6627604166666666 0.41048177083333337 0.6356336805555556 0.4267578125 0.6388888888888888 0.4256727430555556 0.6128472222222222 0.5200737847222222 0.6291232638888888
1 0.4962022569444444 0.7072482638888888 0.5113932291666667 0.6920572916666666 0.48752170138888895 0.693142361111111 0.4853515625 0.6974826388888888
0 0.2998046875 0.45551215277777773 0.32584635416666674 0.44574652777777773 0.32584635416666674 0.527126736111111 0.30740017361111116 0.5303819444444444 0.29763454861111116 0.5130208333333333
0 0.3377821180555556 0.3860677083333333 0.33561197916666674 0.4197048611111111 0.34537760416666674 0.4034288194444444 0.37575954861111116 0.3980034722222222 0.4072265625 0.41427951388888884 0.4419487847222222 0.44574652777777773 0.4549696180555556 0.47504340277777773 0.49728732638888895 0.48263888888888884 0.49186197916666674 0.44791666666666663 0.4669053819444444 0.4490017361111111 0.46365017361111116 0.43598090277777773 0.4256727430555556 0.4077690972222222 0.40397135416666674 0.3817274305555555 0.39963107638888895 0.3611111111111111 0.3833550347222222 0.3611111111111111 0.38118489583333337 0.3426649305555555 0.3681640625 0.36328125 0.35080295138888895 0.3643663194444444
0 0.4126519097222222 0.5835503472222222 0.43977864583333337 0.595486111111111 0.4951171875 0.509765625 0.5016276041666667 0.5141059027777778 0.49837239583333337 0.48480902777777773 0.4614800347222222 0.47721354166666663 0.4571397569444444 0.509765625 0.44954427083333337 0.5336371527777778
0 0.4321831597222222 0.5965711805555556 0.4180772569444444 0.5868055555555556 0.4126519097222222 0.607421875 0.39420572916666674 0.626953125 0.3833550347222222 0.6378038194444444 0.3638237847222222 0.626953125 0.36056857638888895 0.6529947916666666 0.38118489583333337 0.666015625 0.38444010416666674 0.6790364583333333 0.40505642361111116 0.7094184027777778 0.42024739583333337 0.7191840277777778 0.4224175347222222 0.7105034722222222 0.41482204861111116 0.6985677083333333 0.41048177083333337 0.6898871527777778 0.40939670138888895 0.6725260416666666 0.40505642361111116 0.6584201388888888 0.40397135416666674 0.6378038194444444 0.41482204861111116 0.6291232638888888 0.42024739583333337 0.615017361111111 0.42458767361111116 0.6063368055555556
0 0.5048828125 0.5314670138888888 0.47884114583333337 0.566189236111111 0.4951171875 0.5868055555555556 0.5113932291666667 0.575954861111111
3 0.48209635416666674 0.5770399305555556 0.46799045138888895 0.59765625 0.4842664930555556 0.6139322916666666 0.4940321180555556 0.5998263888888888 0.49837239583333337 0.6161024305555556 0.516818576388889 0.6204427083333333 0.5135633680555556 0.5824652777777778 0.5016276041666667 0.5900607638888888
3 0.5992838541666667 0.5651041666666666 0.7381727430555556 0.4696180555555555 0.7685546875 0.5651041666666666 0.6188151041666667 0.6671006944444444 0.6220703125 0.7007378472222222 0.5754123263888888 0.7170138888888888 0.5667317708333333 0.6844618055555556 0.5320095486111112 0.6898871527777778 0.5081380208333334 0.5065104166666666 0.48209635416666674 0.3318142361111111 0.4755859375 0.294921875 0.4701605902777778 0.24175347222222224 0.49294704861111116 0.2309027777777778 0.5005425347222222 0.28190104166666663 0.5092230902777778 0.2764756944444444 0.507052951388889 0.23741319444444445 0.5352647569444444 0.22547743055555555 0.5439453125 0.26236979166666663
3 0.9953342013888888 0.20052083333333334 0.9204644097222223 0.23198784722222224 0.9139539930555556 0.17122395833333334 0.8900824652777779 0.07790798611111112 0.9399956597222223 0.06380208333333334 0.9844835069444444 0.04752604166666668 0.998046875 0.05065604967948717
0 0.9975043402777779 0.22222222222222224 0.8900824652777779 0.2732204861111111 0.8965928819444444 0.294921875 0.9150390625 0.2981770833333333 0.9193793402777779 0.3372395833333333 0.9616970486111112 0.2970920138888889 0.9584418402777779 0.27973090277777773 0.9606119791666667 0.2634548611111111 0.998046875 0.24670767086988304 0.998046875 0.22439236111111113 0.998046875 0.22222222222222224
0 0.8130425347222223 0.2970920138888889 0.8293185763888888 0.28949652777777773 0.8314887152777779 0.3079427083333333 0.8173828125 0.3166232638888889 0.8195529513888888 0.333984375 0.8119574652777779 0.35026041666666663 0.8119574652777779 0.36762152777777773 0.8054470486111112 0.3611111111111111 0.8076171875 0.34375 0.8065321180555556 0.3253038194444444 0.8000217013888888 0.3046875
0 0.5385199652777778 0.23198784722222224 0.5515407986111112 0.22439236111111113 0.5580512152777779 0.2384982638888889 0.5797526041666667 0.236328125 0.5927734375 0.2536892361111111 0.6014539930555556 0.2580295138888889 0.6188151041666667 0.25043402777777773 0.6177300347222223 0.2645399305555555 0.6101345486111112 0.2840711805555555 0.6144748263888888 0.3046875 0.6123046875 0.32096354166666663 0.5981987847222223 0.3133680555555555 0.5797526041666667 0.29926215277777773 0.5689019097222223 0.3079427083333333 0.5591362847222223 0.3101128472222222 0.5461154513888888 0.2667100694444444
0 0.5602213541666667 0.32096354166666663 0.5602213541666667 0.314453125 0.5732421875 0.3122829861111111 0.5808376736111112 0.3231336805555555 0.5927734375 0.3296440972222222 0.6003689236111112 0.3198784722222222 0.6101345486111112 0.32421875 0.6068793402777779 0.3394097222222222 0.6090494791666667 0.35785590277777773 0.6101345486111112 0.36762152777777773 0.5927734375 0.3665364583333333 0.5732421875 0.3654513888888889 0.5634765625 0.35785590277777773
0 0.5678168402777779 0.3719618055555555 0.5840928819444444 0.3708767361111111 0.5873480902777779 0.3882378472222222 0.5906032986111112 0.4077690972222222 0.6057942708333333 0.4077690972222222 0.6025390625 0.3904079861111111 0.5981987847222223 0.3741319444444444 0.6188151041666667 0.373046875 0.6177300347222223 0.38932291666666663 0.6199001736111112 0.4077690972222222 0.6426866319444444 0.41861979166666663 0.6698133680555556 0.4327256944444444 0.6817491319444444 0.44140625 0.6980251736111112 0.45334201388888884 0.7132161458333333 0.44791666666666663 0.7218967013888888 0.4348958333333333 0.7197265625 0.42621527777777773 0.7490234375 0.4197048611111111 0.7468532986111112 0.44791666666666663 0.7544487847222223 0.45334201388888884 0.7175564236111112 0.4782986111111111 0.6014539930555556 0.5553385416666666 0.5851779513888888 0.4685329861111111
0 0.7566189236111112 0.4934895833333333 0.7750651041666667 0.4815538194444444 0.7739800347222223 0.4598524305555555 0.7598741319444444 0.4544270833333333 0.7414279513888888 0.4620225694444444
0 0.7718098958333333 0.5249565972222222 0.8108723958333333 0.49782986111111105 0.8249782986111112 0.5249565972222222 0.8011067708333333 0.5509982638888888 0.7945963541666667 0.5477430555555556 0.7772352430555556 0.5509982638888888 0.7750651041666667 0.55859375 0.7642144097222223 0.546657986111111 0.7587890625 0.527126736111111
0 0.7848307291666667 0.5705295138888888 0.6264105902777779 0.6953125 0.6253255208333333 0.6671006944444444 0.7685546875 0.5672743055555556
1 0.28678385416666674 0.5162760416666666 0.24880642361111116 0.5249565972222222 0.13161892361111116 0.536892361111111 0.0 0.5496296762992832 0.0014105902777777901 0.0030381944444444566 0.3486328125 0.0008680555555555677 0.998046875 0.0008680555555555677 0.998046875 0.04535590277777779 0.9497612847222223 0.058376736111111126 0.8933376736111112 0.07248263888888891 0.8846571180555556 0.09309895833333334 0.8748914930555556 0.1430121527777778 0.8879123263888888 0.197265625 0.8835720486111112 0.21788194444444445 0.8933376736111112 0.2287326388888889 0.8911675347222223 0.255859375 0.998046875 0.20870672487745098 0.998046875 0.216796875 0.8922526041666667 0.2688802083333333 0.7956814236111112 0.3025173611111111 0.6133897569444444 0.3350694444444444 0.6166449652777779 0.29926215277777773 0.6166449652777779 0.2775607638888889 0.6264105902777779 0.26019965277777773 0.6242404513888888 0.24392361111111113 0.6057942708333333 0.2536892361111111 0.5906032986111112 0.24826388888888892 0.5840928819444444 0.2309027777777778 0.5667317708333333 0.23307291666666669 0.5569661458333333 0.23307291666666669 0.5526258680555556 0.2189670138888889 0.5428602430555556 0.22222222222222224 0.5287543402777778 0.2211371527777778 0.5179036458333334 0.22439236111111113 0.507052951388889 0.22764756944444445 0.48860677083333337 0.2265625 0.4766710069444444 0.236328125 0.45930989583333337 0.2384982638888889 0.4376085069444444 0.27213541666666663 0.4224175347222222 0.2981770833333333 0.4126519097222222 0.31119791666666663 0.37575954861111116 0.35026041666666663 0.3583984375 0.3589409722222222 0.35188802083333337 0.3589409722222222 0.3377821180555556 0.3719618055555555 0.33235677083333337 0.3828125 0.3334418402777778 0.4131944444444444 0.32259114583333337 0.44140625 0.30305989583333337 0.4490017361111111 0.29654947916666674 0.4544270833333333 0.29763454861111116 0.46527777777777773 0.29654947916666674 0.48480902777777773 0.2954644097222222 0.5
3 0.43001302083333337 0.38498263888888884 0.4766710069444444 0.36328125 0.47233072916666674 0.3415798611111111 0.4603949652777778 0.3415798611111111 0.4321831597222222 0.3491753472222222 0.41482204861111116 0.3546006944444444
0 0.4376085069444444 0.38498263888888884 0.4419487847222222 0.39474826388888884 0.4571397569444444 0.3828125 0.4669053819444444 0.3914930555555555 0.46907552083333337 0.4055989583333333 0.4766710069444444 0.42838541666666663 0.47775607638888895 0.4446614583333333 0.4940321180555556 0.4424913194444444 0.4864366319444444 0.3958333333333333 0.4842664930555556 0.3654513888888889 0.4669053819444444 0.36762152777777773 0.44845920138888895 0.37955729166666663
1 0.6133897569444444 0.34049479166666663 0.6112196180555556 0.353515625 0.6133897569444444 0.3665364583333333 0.6220703125 0.3708767361111111 0.6209852430555556 0.38498263888888884 0.6242404513888888 0.39908854166666663 0.6274956597222223 0.4099392361111111 0.6437717013888888 0.4153645833333333 0.6643880208333333 0.42621527777777773 0.6850043402777779 0.4305555555555555 0.6893446180555556 0.4403211805555555 0.7001953125 0.4490017361111111 0.7164713541666667 0.44357638888888884 0.7164713541666667 0.4348958333333333 0.7175564236111112 0.421875 0.7370876736111112 0.41861979166666663 0.7544487847222223 0.41861979166666663 0.7511935763888888 0.431640625 0.7511935763888888 0.44357638888888884 0.7674696180555556 0.4490017361111111 0.7772352430555556 0.45551215277777773 0.7772352430555556 0.4739583333333333 0.7794053819444444 0.48263888888888884 0.7631293402777779 0.4934895833333333 0.7631293402777779 0.5043402777777778 0.7696397569444444 0.5162760416666666 0.7924262152777779 0.509765625 0.8032769097222223 0.5010850694444444 0.8097873263888888 0.4934895833333333 0.8195529513888888 0.507595486111111 0.8271484375 0.5184461805555556 0.8304036458333333 0.5217013888888888 0.8748914930555556 0.42838541666666663 0.9193793402777779 0.3459201388888889 0.9172092013888888 0.3253038194444444 0.9139539930555556 0.3036024305555555 0.8998480902777779 0.2981770833333333 0.8933376736111112 0.294921875 0.8879123263888888 0.27973090277777773 0.8857421875 0.2732204861111111 0.8358289930555556 0.2905815972222222 0.8304036458333333 0.2970920138888889 0.8358289930555556 0.3079427083333333 0.8228081597222223 0.3198784722222222 0.8238932291666667 0.3296440972222222 0.8228081597222223 0.3459201388888889 0.8195529513888888 0.3567708333333333 0.8152126736111112 0.3708767361111111 0.8087022569444444 0.3784722222222222 0.8011067708333333 0.36328125 0.8065321180555556 0.333984375 0.7989366319444444 0.3177083333333333 0.7956814236111112 0.3079427083333333 0.7891710069444444 0.3036024305555555 0.6622178819444444 0.32855902777777773
0 0.8944227430555556 0.0920138888888889 0.9117838541666667 0.17881944444444445 0.8911675347222223 0.1896701388888889 0.8824869791666667 0.16905381944444445 0.8781467013888888 0.14518229166666669 0.8814019097222223 0.11805555555555557 0.8803168402777779 0.09526909722222224
1 0.9139539930555556 0.18315972222222224 0.8933376736111112 0.19401041666666669 0.8955078125 0.2092013888888889 0.9128689236111112 0.216796875
5 0.8911675347222223 0.20269097222222224 0.8868272569444444 0.22005208333333334 0.8955078125 0.22547743055555555 0.8911675347222223 0.24934895833333334 0.9074435763888888 0.2406684027777778 0.9237196180555556 0.2384982638888889 0.9182942708333333 0.22222222222222224 0.9172092013888888 0.21462673611111113 0.9063585069444444 0.21788194444444445 0.8987630208333333 0.21354166666666669
