2 0.00420673076923081 0.5130471912955465 0.2588246457489879 0.5264897520242915 0.3125948886639676 0.5628637398785425 0.4043205971659919 0.5889581224696356 0.4264612854251012 0.6095173329959515 0.4312057186234818 0.6182154605263158 0.4248798076923077 0.6245413714574899 0.41380946356275305 0.6253321103238867 0.4019483805668016 0.6435191042510122 0.3987854251012146 0.6601246204453441 0.4090650303643725 0.6680320091093117 0.4051113360323887 0.6791023532388664 0.39641320850202433 0.6862190030364372 0.4288335020242915 0.7281281629554656 0.4533464068825911 0.7265466852226721 0.46204453441295545 0.7447336791497976 0.5213499493927125 0.7486873734817814 0.5063259109311741 0.8926018471659919 0.4739056174089069 0.9542794787449392 0.4027835984944331 0.998046875 0.0034159919028340646 0.998046875 0.0018345141700405465 0.998046875
2 0.23522649863760217 0.0 0.2999430668016195 0.4877435475708502 0.25803390688259115 0.5083027580971661 0.0018345141700405465 0.4932787196356275 0.0018345141700405465 0.0022298836032389057
0 0.4525556680161944 0.003811361336032428 0.4517649291497976 0.0694426872469636 0.447020495951417 0.07655933704453445 0.4486019736842105 0.09079263663967616 0.4525556680161944 0.10739815283400814 0.4715334008097166 0.3098273026315789 0.4818130060728745 0.32564207995951416 0.5600961538461539 0.33038651315789475 0.586190536437247 0.33275872975708504 0.5964701417004049 0.3430383350202429 0.602796052631579 0.3651790232793522 0.5964701417004049 0.3794123228744939 0.5980516194331984 0.3881104504048583 0.5933071862348178 0.3999715334008097 0.5885627530364372 0.41104187753036436 0.5901442307692307 0.438717737854251 0.5909349696356275 0.46639359817813764 0.5940979251012146 0.47588246457489874 0.6273089574898786 0.49644167510121456 0.6367978238866396 0.5035583248987855 0.6573570344129555 0.4735102479757085 0.6684273785425101 0.47430098684210525 0.6668459008097166 0.49644167510121456 0.6668459008097166 0.5209545799595142 0.6668459008097166 0.5691896508097166 0.6636829453441295 0.5802599949392713 0.6320533906882592 0.5857951670040487 0.6043775303643725 0.5818414726720648 0.5774924089068826 0.5794692560728745 0.5585146761133604 0.5739340840080972 0.5482350708502024 0.5541656123481782 0.5379554655870445 0.5454674848178138 0.5347925101214575 0.5612822621457491 0.5150240384615384 0.5676081730769231 0.48497596153846156 0.5557470900809717 0.4778593117408907 0.5351878795546559 0.5237221659919028 0.5288619686234818 0.5379554655870445 0.524908274291498 0.5371647267206477 0.5122564524291499 0.5585146761133604 0.5106749746963563 0.5640498481781376 0.4624399038461538 0.5767016700404858 0.4434621710526316 0.5759109311740891 0.3509457236842105 0.4778593117408907 0.3406661184210526 0.46441675101214575 0.3343402074898785 0.44306680161943324 0.13191105769230774 0.4403842659883721 0.002634447674418597
2 0.9970997073578595 0.8066863503344482 0.5836120401337793 0.9445155727424749 0.586878135451505 0.9588863921404682 0.5940635451505016 0.9726039924749164 0.6208455267558528 0.9961198787625418 0.7518812709030125 0.998046875 0.803746864548495 0.9797894021739131 0.842940008361204 0.9850151546822743 0.8638430183946488 0.9928537834448161 0.8716326557274248 0.998046875 0.9899142976588627 0.998046875 0.998046875 0.998046875 0.998046875 0.8079927884615385
2 0.5404995819397993 0.9575799540133779 0.43965344551282054 0.998046875 0.5326609531772575 0.998046875
2 0.5182901337792643 0.9112014005016723 0.4980403428093646 0.9510477633779264 0.5352738294314381 0.9379833821070235
0 0.9977529264214046 0.7942751881270903 0.5659751254180602 0.9255722198996655 0.539193143812709 0.9392898202341138 0.4888952759197325 0.9562735158862876 0.5182901337792643 0.9066288670568562 0.539193143812709 0.9379833821070235 0.5568300585284282 0.9281850961538461 0.5431124581939799 0.9151207148829432 0.5280884197324415 0.8961773620401338 0.5287416387959867 0.8491455894648829 0.52155622909699 0.8360812081939799 0.513064381270903 0.8844194188963211 0.4947742474916388 0.9255722198996655 0.47583089464882944 0.9575799540133779 0.40534012905922967 0.998046875 0.4314119983277592 0.998046875 0.5307012959866221 0.9510477633779264 0.5463785535117057 0.9392898202341138 0.5542171822742475 0.9334108486622074 0.5757734113712375 0.9405962583612041 0.6025553929765887 0.9301447533444817 0.998046875 0.8030923003056593
0 0.5483382107023411 0.6179060409698998 0.5222094481605352 0.8001541596989967 0.5326609531772575 0.7968880643812709 0.552257525083612 0.6590588419732442
1 0.5202497909698997 0.809952445652174 0.5359270484949833 0.7981945025083612 0.5483382107023411 0.8066863503344482 0.5555236204013378 0.8197507316053512 0.5581364966555185 0.8393473035117057 0.5411528010033445 0.8471859322742475 0.5307012959866221 0.8400005225752508
1 0.5535639632107023 0.9399430392976589 0.5744669732441472 0.9458220108695652 0.5940635451505016 0.9771765259197325 0.6155860926395276 0.998046875 0.5372334866220736 0.9974263168896321 0.5444188963210702 0.9641121446488294 0.5444188963210702 0.9530074205685619
1 0.8644962374581939 0.9961198787625418 0.8292224080267558 0.9869748118729097 0.8044000836120401 0.9869748118729097 0.7653222137517213 0.998046875 0.8638430183946488 0.998046875
0 0.003553511705685658 0.49444763795986624 0.25961538461538464 0.5107781145484951 0.28835702341137126 0.5048991429765887 0.30272784280936454 0.48595579013377926 0.33865489130434784 0.46766565635451507 0.3667433110367893 0.44741586538461536 0.36739653010033446 0.45982702759197325 0.3275501672240803 0.48464935200668896 0.3125261287625418 0.5029394857859533 0.31905831939799334 0.5101248954849499 0.3170986622073579 0.5244957148829432 0.3210179765886288 0.5434390677257526 0.33865489130434784 0.5558502299331104 0.34779995819397996 0.5610759824414716 0.3510660535117057 0.5663017349498328 0.373928720735786 0.5604227633779265 0.37850125418060204 0.5623824205685619 0.42292015050167225 0.5427858486622074 0.4405570652173913 0.5565034489966556 0.44774247491638797 0.5630356396321071 0.44904891304347827 0.5741403637123746 0.4510085702341137 0.5787128971571907 0.4307587792642141 0.5832854306020068 0.4301055602006689 0.5865515259197325 0.39809782608695654 0.5787128971571907 0.3817673494983278 0.5806725543478262 0.3157922240802676 0.5617292015050168 0.29684887123745823 0.540826191471572 0.26614757525083615 0.5231892767558529 0.22238189799331104 0.5179635242474917 0.10676212374581945 0.5133909908026756 0.0015938545150502026 0.5068588001672242
2 0.24132525083612044 0.0006140259197324772 0.4347964918256131 0.0 0.4523651215805471 0.29504654255319146 0.3912186550151976 0.2439922112462006 0.3716280395136778 0.26536379179331304 0.37697093465045595 0.29207826747720367 0.3924059650455927 0.3104815729483283 0.4131838905775076 0.29623385258358664 0.420901405775076 0.27189399696048633 0.44999050151975684 0.2968275075987842 0.4581939799331104 0.34224759615384615 0.4529682274247492 0.3664167015050167 0.3693561872909699 0.4382707984949833 0.30157674772036475 0.48382883738601823 0.2855480623100304 0.356193009118541 0.27901785714285715 0.3116688829787234 0.29029730243161095 0.3104815729483283 0.3003894376899696 0.3496628039513678 0.3158244680851064 0.34194528875379937 0.3330404635258359 0.35916128419452886 0.32413563829787234 0.3835011398176292 0.3110752279635258 0.40962196048632216 0.2980148176291793 0.42921257598784196 0.3045450227963526 0.46245725683890576 0.35916128419452886 0.4375237462006079 0.3751899696048632 0.41555851063829785 0.3698470744680851 0.3977488601823708 0.3609422492401216 0.38706306990881456 0.38825037993920974 0.3775645896656535 0.3965615501519757 0.32947853343465044 0.36865976443768994 0.3164181231003039 0.35203742401215804 0.2980148176291793 0.3211673632218845 0.29029730243161095 0.3229483282674772 0.3057323328267477 0.2796115121580547 0.3104815729483283 0.2748622720364742 0.29564019756838905 0.30513867781155013 0.2855480623100304 0.29742116261398177 0.2327127659574468 0.30513867781155013 0.23390007598784193 0.3152308130699088 0.27189399696048633 0.34194528875379937 0.2855480623100304 0.35322473404255317 0.2576462765957447 0.31998005319148937 0.23152545592705168 0.2689257218844985 0.22796352583586627 0.24132525083612044 0.0306621028428094 0.2628814799331104 0.028049226588628795 0.27790551839464883 0.01955737876254184 0.27790551839464883 0.0038801212374582296
3 0.47611132218844987 0.3502564589665653 0.5710961246200608 0.35381838905775076 0.5758453647416414 0.4410856762917933 0.5663468844984803 0.45770801671732525 0.5615976443768997 0.46067629179331304 0.5568484042553191 0.5063877279635258 0.5336958586626139 0.5087623480243161 0.5342895136778115 0.5212291033434651 0.46661284194528874 0.5259783434650456 0.4547397416413374 0.5307275835866261 0.4523651215805471 0.5491308890577508 0.4416793313069909 0.5491308890577508 0.425056990881459 0.5390387537993921 0.3734090045592705 0.5550674392097265 0.3550056990881459 0.5627849544072948 0.3508501139817629 0.5580357142857143 0.3288848784194529 0.5443816489361702 0.32354198328267475 0.5366641337386018 0.3205737082066869 0.5218227583586627 0.3193863981762918 0.5141052431610942 0.3211673632218845 0.5081686930091185 0.31879274316109424 0.5022321428571429 0.338383358662614 0.4879844224924012 0.36509783434650456 0.4713620820668693 0.38409479483282677 0.46661284194528874 0.4030917553191489 0.45711436170212766 0.4030917553191489 0.44464760638297873 0.40427906534954405 0.43277450607902734 0.4149648556231003 0.41615216565349544 0.4351491261398176 0.4001234802431611 0.4618636018237082 0.3722216945288754
1 0.3852821048632219 0.4321808510638298 0.39537424012158057 0.4351491261398176 0.40071713525835867 0.4523651215805471 0.40071713525835867 0.45770801671732525 0.3716280395136778 0.4660191869300912 0.3716280395136778 0.4476158814589666 0.37459631458966564 0.4369300911854103
3 0.4844224924012158 0.5930613601823708 0.5437879939209727 0.612058320668693 0.5366641337386018 0.6737984422492401 0.5301339285714286 0.6963573328267477 0.5087623480243161 0.690420782674772 0.507575037993921 0.6749857522796352 0.4654255319148936 0.6803286474164134 0.45711436170212766 0.6280870060790273 0.46839380699088146 0.6215568009118541 0.4654255319148936 0.5912803951367781
1 0.46245725683890576 0.5894994300911854 0.4351491261398176 0.5877184650455927 0.4303998860182371 0.6043408054711246 0.4363364361702128 0.6280870060790273 0.45652070668693007 0.6280870060790273 0.45592705167173253 0.6185885258358662 0.46305091185410335 0.6209631458966566
1 0.46661284194528874 0.5336958586626139 0.4784859422492401 0.5467562689969605 0.481454217325228 0.5716897796352584 0.46839380699088146 0.5794072948328267 0.4588953267477204 0.5746580547112462 0.4535524316109422 0.5675341945288753 0.4535524316109422 0.5592230243161094 0.46067629179331304 0.5396324088145896
1 0.5461626139817629 0.5615976443768997 0.5544737841945289 0.5770326747720365 0.5651595744680851 0.5811882598784195 0.5657532294832827 0.6025598404255319 0.5449753039513677 0.6025598404255319 0.5230100683890577 0.5978106003039514 0.5194481382978723 0.5841565349544073 0.5182608282674772 0.577626329787234 0.5336958586626139 0.5675341945288753
1 0.5681278495440729 0.6102773556231003 0.5924677051671733 0.6334299012158054 0.6031534954407295 0.62986797112462 0.6144329407294833 0.634023556231003 0.6251187310030395 0.6417410714285714 0.6257123860182371 0.6518332066869301 0.6399601063829787 0.654801481762918 0.6482712765957447 0.6743920972644377 0.6577697568389058 0.6844842325227963 0.6672682370820668 0.6993256079027356 0.6708301671732523 0.7106050531914894 0.6209631458966566 0.7177289133738601 0.6239314209726444 0.7337575987841946 0.6405537613981763 0.7373195288753799 0.6251187310030395 0.7527545592705167 0.6215568009118541 0.7652213145896657 0.6049344604863222 0.7681895896656535 0.5859375 0.7658149696048632 0.5651595744680851 0.7521609042553191 0.5633786094224924 0.733163943768997 0.5520991641337386 0.7070431231003039 0.5580357142857143 0.6435220364741642 0.5604103343465046 0.6310552811550152
1 0.9961531155015197 0.5331022036474165 0.9801244300911854 0.5135115881458967 0.9617211246200608 0.5146988981762918 0.9510353343465046 0.507575037993921 0.9290700987841946 0.5105433130699089 0.9082921732522796 0.5046067629179332 0.9029492781155015 0.481454217325228 0.8898888677811551 0.4820478723404255 0.8987936930091185 0.46839380699088146 0.8970127279635258 0.4410856762917933 0.8768284574468085 0.4375237462006079 0.8625807370820668 0.4476158814589666 0.8584251519756839 0.45533339665653494 0.8489266717325228 0.43871105623100304 0.8269614361702128 0.4315871960486322 0.8121200607902735 0.4375237462006079 0.7765007598784195 0.4482095364741641 0.7693768996960486 0.46067629179331304 0.7569101443768997 0.4767049772036474 0.7539418693009119 0.4867971124620061 0.7444433890577508 0.4933273176291793 0.7385068389057751 0.5063877279635258 0.7402878039513677 0.5230100683890577 0.7420687689969605 0.5384450987841946 0.7426624240121581 0.5562547492401215 0.7438497340425532 0.5764390197568389 0.7491926291793313 0.5811882598784195 0.7521609042553191 0.5954359802431611 0.7521609042553191 0.6096837006079028 0.7438497340425532 0.6179948708206687 0.7391004939209727 0.6280870060790273 0.7325702887537994 0.634023556231003 0.7224781534954408 0.6405537613981763 0.711198708206687 0.6435220364741642 0.7046685030395137 0.654801481762918 0.6945763677811551 0.6696428571428571 0.698731952887538 0.6803286474164134 0.6898271276595744 0.6886398176291794 0.6821096124620061 0.7005129179331306 0.6963573328267477 0.7301956686930091 0.7117923632218844 0.7349449088145896 0.7224781534954408 0.7385068389057751 0.7396941489361702 0.7177289133738601 0.755129179331307 0.720697188449848 0.7747197948328267 0.7224781534954408 0.8002469604863222 0.7301956686930091 0.8186502659574468 0.7337575987841946 0.8186502659574468 0.7117923632218844 0.8459583966565349 0.7177289133738601 0.8465520516717325 0.711198708206687 0.8780157674772037 0.7224781534954408 0.8869205927051672 0.720697188449848 0.8845459726443768 0.6951700227963525 0.920165273556231 0.6874525075987842 0.9189779635258358 0.6631126519756839 0.9124477583586627 0.6494585866261398 0.9243208586626139 0.6358045212765957 0.9195716185410334 0.6138392857142857 0.9100731382978723 0.6102773556231003 0.9177906534954408 0.6013725303951367 0.929663753799392 0.5960296352583586 0.9367876139817629 0.5948423252279635 0.9409431990881458 0.6138392857142857 0.946286094224924 0.6233377659574468 0.9635020896656535 0.6245250759878419 0.9694386398176291 0.6090900455927052 0.9830927051671733 0.599591565349544 0.9937784954407295 0.5936550151975684 0.9979340805471124 0.5930613601823708
2 0.4177665190735695 0.6301089918256131 0.433199931880109 0.6333021117166213 0.4544873978201635 0.6317055517711172 0.4576805177111717 0.6434136580381471 0.4598092643051771 0.6615080040871935 0.4630023841961853 0.6796023501362398 0.46353457084468663 0.6843920299727521 0.5007876362397821 0.6822632833787466 0.5039807561307902 0.6907782697547684 0.5093026226158038 0.6982288828337875 0.5295257152588556 0.7014220027247956 0.5268647820163488 0.7408038147138964 0.4645989441416894 0.7408038147138964 0.4576805177111717 0.7248382152588556 0.42947462534059944 0.7237738419618529 0.40392966621253407 0.6907782697547684 0.40978371934604907 0.6822632833787466 0.41297683923705725 0.6748126702997276 0.41297683923705725 0.6657654972752044 0.40552622615803813 0.6615080040871935 0.40392966621253407 0.653525204359673 0.4135090258855586 0.635963044959128
2 0.547620061307902 0.7094048024523161 0.5364441416893733 0.7924259196185286 0.5598603542234333 0.8174386920980926 0.5635856607629428 0.835533038147139 0.5646500340599455 0.842983651226158 0.5348475817438693 0.8504342643051771 0.5311222752043597 0.8924770095367848 0.5577316076294278 0.922279461852861 0.568375340599455 0.9212150885558583 0.998046875 0.7891308761290241 0.9978499659400545 0.5992421662125341 0.9749659400544959 0.6104180858310627 0.9691118869209809 0.6237227520435967 0.9675153269754768 0.6274480585831063 0.9446313010899183 0.6274480585831063 0.9307944482288828 0.6024352861035422 0.9164254087193461 0.6098858991825613 0.9244082084468666 0.6098858991825613 0.9297300749318801 0.6380917915531336 0.9169575953678474 0.6497998978201635 0.9233438351498637 0.6615080040871935 0.9254725817438693 0.6913104564032697 0.8887517029972752 0.6987610694822889 0.8908804495912807 0.7243060286103542 0.8759792234332425 0.7248382152588556 0.8514986376021798 0.7157910422343324 0.8509664509536785 0.719516348773842 0.822228371934605 0.7168554155313351 0.8216961852861036 0.7354819482288828 0.7950868528610354 0.7306922683923706 0.7796534400544959 0.7259025885558583 0.7439969346049047 0.7205807220708447 0.7264347752043597 0.7376106948228883 0.7237738419618529 0.7408038147138964 0.694503576294278 0.7328210149863761 0.6817310967302452 0.7051473092643052 0.672683923705722 0.706211682561308 0.6748126702997276 0.7104691757493188 0.6247871253405994 0.7205807220708447 0.6258514986376021 0.7290957084468666 0.6444780313351499 0.7338853882833788 0.6471389645776567 0.7360141348773842 0.6290446185286104 0.7535762942779292 0.6263836852861036 0.7615590940054496 0.6247871253405994 0.7658165871934605 0.5981777929155313 0.7700740803814714 0.5736972070844687 0.7631556539509536 0.5593281675749319 0.7477222411444142 0.5582637942779292 0.731224455040872
1 0.7626234673024523 0.14688351498637603 0.7796534400544959 0.15699506130790192 0.7759281335149864 0.1766859673024523 0.7722028269754768 0.19478031335149865 0.7525119209809265 0.20595623297002724 0.7354819482288828 0.1942481267029973 0.7349497615803815 0.17029972752043598 0.744529121253406 0.15593068801089918
1 0.6918426430517711 0.06173365122615804 0.7179197888283378 0.06918426430517712 0.7344175749318801 0.08248893051771117 0.7434647479564033 0.10271202316076294 0.7381428814713896 0.13038572888283378 0.7163232288828338 0.1500766348773842 0.6929070163487738 0.152737568119891 0.6716195504087193 0.15752724795640327 0.6556539509536785 0.14635132833787468 0.6599114441416893 0.1090982629427793 0.6678942438692098 0.09739015667574932 0.659379257493188 0.08887517029972752 0.6482033378746594 0.07184519754768393 0.6482033378746594 0.05481522479564033 0.6641689373297003 0.042574931880108996
1 0.626915871934605 0.07290957084468665 0.6386239782016349 0.08408549046321526 0.6460745912806539 0.10164764986376022 0.651928644414169 0.13038572888283378 0.640220538147139 0.1458191416893733 0.6338342983651226 0.15380194141689374 0.6189330722070845 0.15699506130790192 0.6045640326975477 0.13996508855585832 0.5971134196185286 0.12666042234332425 0.5981777929155313 0.10696951634877384 0.60935371253406 0.08887517029972752 0.6221261920980926 0.06918426430517712
1 0.6029674727520437 0.0878107970027248 0.5928559264305178 0.07290957084468665 0.5715684604904633 0.05321866485013624 0.5518775544959128 0.05321866485013624 0.5481522479564033 0.0638623978201635 0.5407016348773842 0.06971645095367847 0.5273969686648502 0.07131301089918256 0.5119635558583107 0.08621423705722071 0.510899182561308 0.10856607629427793 0.5305900885558583 0.12453167574931881 0.560924727520436 0.1330466621253406 0.5721006471389646 0.1362397820163488 0.5816800068119891 0.12399948910081744 0.5907271798365122 0.12187074250681199
1 0.45821270435967304 0.05747615803814714 0.45821270435967304 0.04683242506811989 0.46832425068119893 0.03193119891008175 0.47896798365122617 0.03139901226158038 0.4896117166212534 0.04204274523160763 0.4970623297002725 0.05694397138964578 0.49919107629427795 0.07397394414168937 0.5034485694822889 0.08727861035422343 0.506641689373297 0.09951890326975477 0.5055773160762943 0.10696951634877384 0.49812670299727524 0.11229138283378746 0.48907952997275206 0.11814543596730245 0.47630705040871935 0.12293511580381472 0.4624701975476839 0.12080636920980926 0.4576805177111717 0.11282356948228883 0.45501958446866486 0.10164764986376022 0.4518264645776567 0.08727861035422343 0.4518264645776567 0.07450613079019074 0.4587448910081744 0.06705551771117166
2 0.4986588896457766 0.11920980926430517 0.5114313692098093 0.11601668937329701 0.572632833787466 0.14369039509536785 0.5827443801089919 0.13091791553133517 0.6098858991825613 0.15752724795640327 0.6338342983651226 0.1601881811989101 0.6466067779291553 0.1447547683923706 0.6753448569482289 0.16391348773841963 0.713662295640327 0.15593068801089918 0.7397394414168937 0.13517540871934605 0.7455934945504087 0.1458191416893733 0.731224455040872 0.17296066076294278 0.7290957084468666 0.201166553133515 0.7663487738419619 0.2080849795640327 0.7801856267029973 0.1857331403269755 0.7865718664850136 0.15060882152588556 0.7732672002724795 0.14688351498637603 0.751979734332425 0.14262602179836512 0.742932561307902 0.13411103542234332 0.7477222411444142 0.10217983651226158 0.7376106948228883 0.07716706403269755 0.7115335490463215 0.06279802452316076 0.6934392029972752 0.056411784741144416 0.6609758174386922 0.03672087874659401 0.6466067779291553 0.04896117166212534 0.6428814713896458 0.06971645095367847 0.6609758174386922 0.09792234332425068 0.6567183242506812 0.13145010217983652 0.6423492847411444 0.07876362397820164 0.6194652588555859 0.061201464577656677 0.6088215258855586 0.08461767711171662 0.57422939373297 0.05108991825613079 0.5454913147138964 0.05108991825613079 0.5407016348773842 0.06439458446866485 0.5263325953678474 0.06705551771117166 0.5071738760217984 0.08514986376021799 0.4986588896457766 0.049493358310626706 0.4795001702997275 0.02181965258855586 0.4688564373297003 0.028205892370572208 0.45821270435967304 0.03884962534059946 0.4576805177111717 0.0 0.998046875 0.0 0.9983821525885557 0.5321866485013624 0.9808199931880108 0.512495742506812 0.9653865803814712 0.5108991825613078 0.9547428474114439 0.5061095027247957 0.9307944482288826 0.509302622615804 0.9121679155313349 0.5034485694822888 0.8999276226158037 0.4395861716621253 0.877043596730245 0.4342643051771117 0.863738930517711 0.4379896117166212 0.8435158378746592 0.4268136920980926 0.8248893051771116 0.4257493188010899 0.7775246934604902 0.44331147820163486 0.7684775204359671 0.45129427792915533 0.7471900544959127 0.4853542234332425 0.731756641689373 0.4481011580381471 0.7216450953678473 0.44331147820163486 0.7046151226158037 0.44011835831062673 0.6764092302452314 0.4342643051771117 0.6567183242506811 0.427345878746594 0.6333021117166211 0.4151055858310627 0.6173365122615802 0.42042745231607626 0.6194652588555856 0.4598092643051771 0.6088215258855585 0.4576805177111717 0.6061605926430516 0.4379896117166212 0.5944524863760217 0.4268136920980926 0.5933881130790188 0.4140412125340599 0.602435286103542 0.39701123978201636 0.6279802452316074 0.39754342643051777 0.674280483651226 0.403929666212534 0.7035507493188009 0.4018009196185286 0.7019541893732968 0.3586938010899182 0.7003576294277927 0.3352775885558583 0.6673620572207082 0.32995572207084467 0.625851498637602 0.32889134877384196 0.589130619891008 0.3304879087193461 0.5689075272479562 0.32835916212534055 0.48588641008174394 0.324633855585831 0.4784357970027248 0.311329189373297 0.46885643732970034 0.2293724455040872 0.45874489100817445 0.13091791553133514
