1 0.9975043402777779 0.7463107638888888 0.9801432291666667 0.7376302083333334 0.9660373263888888 0.7191840277777778 0.9692925347222223 0.7072482638888888 0.9258897569444444 0.6627604166666667 0.8282335069444444 0.4750434027777778 0.7859157986111112 0.4262152777777778 0.7175564236111112 0.3676215277777778 0.6188151041666667 0.2938368055555556 0.5417751736111112 0.27213541666666674 0.4799262152777778 0.26236979166666674 0.4354383680555556 0.26345486111111116 0.4018012152777778 0.2797309027777778 0.3638237847222222 0.3101128472222222 0.3236762152777778 0.34375 0.3041449652777778 0.3969184027777778 0.2943793402777778 0.4848090277777778 0.24880642361111116 0.4717881944444444 -2.7755575615628914e-17 0.4469075520833333 0.0 0.001953125 0.998046875 0.001953125
1 0.30740017361111116 0.45768229166666674 0.3399522569444444 0.4750434027777778 0.3779296875 0.4359809027777778 0.4126519097222222 0.40234375 0.3790147569444444 0.36545138888888895 0.3594835069444444 0.38064236111111116 0.3583984375 0.3448350694444444 0.37575954861111116 0.33181423611111116 0.4018012152777778 0.2894965277777778 0.34212239583333337 0.33072916666666674 0.32150607638888895 0.3578559027777778 0.3008897569444444 0.412109375
3 0.5276692708333334 0.314453125 0.48209635416666674 0.30794270833333337 0.47884114583333337 0.2894965277777778 0.42350260416666674 0.2938368055555556 0.42458767361111116 0.33615451388888895 0.4115668402777778 0.33723958333333337 0.41048177083333337 0.3643663194444444 0.4267578125 0.36111111111111116 0.4256727430555556 0.3871527777777778 0.5200737847222222 0.37087673611111116
1 0.4962022569444444 0.29275173611111116 0.5113932291666667 0.30794270833333337 0.48752170138888895 0.30685763888888895 0.4853515625 0.30251736111111116
0 0.2998046875 0.5444878472222223 0.32584635416666674 0.5542534722222223 0.32584635416666674 0.47287326388888895 0.30740017361111116 0.4696180555555556 0.29763454861111116 0.48697916666666674
0 0.3377821180555556 0.6139322916666667 0.33561197916666674 0.5802951388888888 0.34537760416666674 0.5965711805555556 0.37575954861111116 0.6019965277777778 0.4072265625 0.5857204861111112 0.4419487847222222 0.5542534722222223 0.4549696180555556 0.5249565972222223 0.49728732638888895 0.5173611111111112 0.49186197916666674 0.5520833333333334 0.4669053819444444 0.5509982638888888 0.46365017361111116 0.5640190972222223 0.4256727430555556 0.5922309027777778 0.40397135416666674 0.6182725694444444 0.39963107638888895 0.6388888888888888 0.3833550347222222 0.6388888888888888 0.38118489583333337 0.6573350694444444 0.3681640625 0.63671875 0.35080295138888895 0.6356336805555556
0 0.4126519097222222 0.4164496527777778 0.43977864583333337 0.40451388888888895 0.4951171875 0.490234375 0.5016276041666667 0.4858940972222222 0.49837239583333337 0.5151909722222223 0.4614800347222222 0.5227864583333334 0.4571397569444444 0.490234375 0.44954427083333337 0.4663628472222222
0 0.4321831597222222 0.4034288194444444 0.4180772569444444 0.4131944444444444 0.4126519097222222 0.392578125 0.39420572916666674 0.373046875 0.3833550347222222 0.3621961805555556 0.3638237847222222 0.373046875 0.36056857638888895 0.34700520833333337 0.38118489583333337 0.333984375 0.38444010416666674 0.32096354166666674 0.40505642361111116 0.2905815972222222 0.42024739583333337 0.2808159722222222 0.4224175347222222 0.2894965277777778 0.41482204861111116 0.30143229166666674 0.41048177083333337 0.3101128472222222 0.40939670138888895 0.32747395833333337 0.40505642361111116 0.34157986111111116 0.40397135416666674 0.3621961805555556 0.41482204861111116 0.37087673611111116 0.42024739583333337 0.38498263888888895 0.42458767361111116 0.3936631944444444
0 0.5048828125 0.46853298611111116 0.47884114583333337 0.43381076388888895 0.4951171875 0.4131944444444444 0.5113932291666667 0.42404513888888895
3 0.48209635416666674 0.4229600694444444 0.46799045138888895 0.40234375 0.4842664930555556 0.38606770833333337 0.4940321180555556 0.40017361111111116 0.49837239583333337 0.3838975694444444 0.516818576388889 0.37955729166666674 0.5135633680555556 0.4175347222222222 0.5016276041666667 0.40993923611111116
3 0.5992838541666667 0.43489583333333337 0.7381727430555556 0.5303819444444444 0.7685546875 0.43489583333333337 0.6188151041666667 0.3328993055555556 0.6220703125 0.2992621527777778 0.5754123263888888 0.28298611111111116 0.5667317708333333 0.3155381944444444 0.5320095486111112 0.3101128472222222 0.5081380208333334 0.49348958333333337 0.48209635416666674 0.6681857638888888 0.4755859375 0.705078125 0.4701605902777778 0.7582465277777778 0.49294704861111116 0.7690972222222222 0.5005425347222222 0.7180989583333334 0.5092230902777778 0.7235243055555556 0.507052951388889 0.7625868055555556 0.5352647569444444 0.7745225694444444 0.5439453125 0.7376302083333334
3 0.9953342013888888 0.7994791666666666 0.9204644097222223 0.7680121527777778 0.9139539930555556 0.8287760416666666 0.8900824652777779 0.9220920138888888 0.9399956597222223 0.9361979166666666 0.9844835069444444 0.9524739583333334 0.998046875 0.9493439503205128
0 0.9975043402777779 0.7777777777777778 0.8900824652777779 0.7267795138888888 0.8965928819444444 0.705078125 0.9150390625 0.7018229166666667 0.9193793402777779 0.6627604166666667 0.9616970486111112 0.7029079861111112 0.9584418402777779 0.7202690972222223 0.9606119791666667 0.7365451388888888 0.998046875 0.753292329130117 0.998046875 0.7756076388888888 0.998046875 0.7777777777777778
0 0.8130425347222223 0.7029079861111112 0.8293185763888888 0.7105034722222223 0.8314887152777779 0.6920572916666667 0.8173828125 0.6833767361111112 0.8195529513888888 0.666015625 0.8119574652777779 0.6497395833333334 0.8119574652777779 0.6323784722222223 0.8054470486111112 0.6388888888888888 0.8076171875 0.65625 0.8065321180555556 0.6746961805555556 0.8000217013888888 0.6953125
0 0.5385199652777778 0.7680121527777778 0.5515407986111112 0.7756076388888888 0.5580512152777779 0.7615017361111112 0.5797526041666667 0.763671875 0.5927734375 0.7463107638888888 0.6014539930555556 0.7419704861111112 0.6188151041666667 0.7495659722222223 0.6177300347222223 0.7354600694444444 0.6101345486111112 0.7159288194444444 0.6144748263888888 0.6953125 0.6123046875 0.6790364583333334 0.5981987847222223 0.6866319444444444 0.5797526041666667 0.7007378472222223 0.5689019097222223 0.6920572916666667 0.5591362847222223 0.6898871527777778 0.5461154513888888 0.7332899305555556
0 0.5602213541666667 0.6790364583333334 0.5602213541666667 0.685546875 0.5732421875 0.6877170138888888 0.5808376736111112 0.6768663194444444 0.5927734375 0.6703559027777778 0.6003689236111112 0.6801215277777778 0.6101345486111112 0.67578125 0.6068793402777779 0.6605902777777778 0.6090494791666667 0.6421440972222223 0.6101345486111112 0.6323784722222223 0.5927734375 0.6334635416666667 0.5732421875 0.6345486111111112 0.5634765625 0.6421440972222223
0 0.5678168402777779 0.6280381944444444 0.5840928819444444 0.6291232638888888 0.5873480902777779 0.6117621527777778 0.5906032986111112 0.5922309027777778 0.6057942708333333 0.5922309027777778 0.6025390625 0.6095920138888888 0.5981987847222223 0.6258680555555556 0.6188151041666667 0.626953125 0.6177300347222223 0.6106770833333334 0.6199001736111112 0.5922309027777778 0.6426866319444444 0.5813802083333334 0.6698133680555556 0.5672743055555556 0.6817491319444444 0.55859375 0.6980251736111112 0.5466579861111112 0.7132161458333333 0.5520833333333334 0.7218967013888888 0.5651041666666667 0.7197265625 0.5737847222222223 0.7490234375 0.5802951388888888 0.7468532986111112 0.5520833333333334 0.7544487847222223 0.5466579861111112 0.7175564236111112 0.5217013888888888 0.6014539930555556 0.44466145833333337 0.5851779513888888 0.5314670138888888
0 0.7566189236111112 0.5065104166666667 0.7750651041666667 0.5184461805555556 0.7739800347222223 0.5401475694444444 0.7598741319444444 0.5455729166666667 0.7414279513888888 0.5379774305555556
0 0.7718098958333333 0.4750434027777778 0.8108723958333333 0.502170138888889 0.8249782986111112 0.4750434027777778 0.8011067708333333 0.44900173611111116 0.7945963541666667 0.4522569444444444 0.7772352430555556 0.44900173611111116 0.7750651041666667 0.44140625 0.7642144097222223 0.45334201388888895 0.7587890625 0.47287326388888895
0 0.7848307291666667 0.42947048611111116 0.6264105902777779 0.3046875 0.6253255208333333 0.3328993055555556 0.7685546875 0.4327256944444444
1 0.28678385416666674 0.48372395833333337 0.24880642361111116 0.4750434027777778 0.13161892361111116 0.46310763888888895 0.0 0.45037032370071683 0.0014105902777777901 0.9969618055555556 0.3486328125 0.9991319444444444 0.998046875 0.9991319444444444 0.998046875 0.9546440972222222 0.9497612847222223 0.9416232638888888 0.8933376736111112 0.927517361111111 0.8846571180555556 0.9069010416666666 0.8748914930555556 0.8569878472222222 0.8879123263888888 0.802734375 0.8835720486111112 0.7821180555555556 0.8933376736111112 0.7712673611111112 0.8911675347222223 0.744140625 0.998046875 0.791293275122549 0.998046875 0.783203125 0.8922526041666667 0.7311197916666667 0.7956814236111112 0.6974826388888888 0.6133897569444444 0.6649305555555556 0.6166449652777779 0.7007378472222223 0.6166449652777779 0.7224392361111112 0.6264105902777779 0.7398003472222223 0.6242404513888888 0.7560763888888888 0.6057942708333333 0.7463107638888888 0.5906032986111112 0.751736111111111 0.5840928819444444 0.7690972222222222 0.5667317708333333 0.7669270833333333 0.5569661458333333 0.7669270833333333 0.5526258680555556 0.7810329861111112 0.5428602430555556 0.7777777777777778 0.5287543402777778 0.7788628472222222 0.5179036458333334 0.7756076388888888 0.507052951388889 0.7723524305555556 0.48860677083333337 0.7734375 0.4766710069444444 0.763671875 0.45930989583333337 0.7615017361111112 0.4376085069444444 0.7278645833333334 0.4224175347222222 0.7018229166666667 0.4126519097222222 0.6888020833333334 0.37575954861111116 0.6497395833333334 0.3583984375 0.6410590277777778 0.35188802083333337 0.6410590277777778 0.3377821180555556 0.6280381944444444 0.33235677083333337 0.6171875 0.3334418402777778 0.5868055555555556 0.32259114583333337 0.55859375 0.30305989583333337 0.5509982638888888 0.29654947916666674 0.5455729166666667 0.29763454861111116 0.5347222222222223 0.29654947916666674 0.5151909722222223 0.2954644097222222 0.5
3 0.43001302083333337 0.6150173611111112 0.4766710069444444 0.63671875 0.47233072916666674 0.6584201388888888 0.4603949652777778 0.6584201388888888 0.4321831597222222 0.6508246527777778 0.41482204861111116 0.6453993055555556
0 0.4376085069444444 0.6150173611111112 0.4419487847222222 0.6052517361111112 0.4571397569444444 0.6171875 0.4669053819444444 0.6085069444444444 0.46907552083333337 0.5944010416666667 0.4766710069444444 0.5716145833333334 0.47775607638888895 0.5553385416666667 0.4940321180555556 0.5575086805555556 0.4864366319444444 0.6041666666666667 0.4842664930555556 0.6345486111111112 0.4669053819444444 0.6323784722222223 0.44845920138888895 0.6204427083333334
1 0.6133897569444444 0.6595052083333334 0.6112196180555556 0.646484375 0.6133897569444444 0.6334635416666667 0.6220703125 0.6291232638888888 0.6209852430555556 0.6150173611111112 0.6242404513888888 0.6009114583333334 0.6274956597222223 0.5900607638888888 0.6437717013888888 0.5846354166666667 0.6643880208333333 0.5737847222222223 0.6850043402777779 0.5694444444444444 0.6893446180555556 0.5596788194444444 0.7001953125 0.5509982638888888 0.7164713541666667 0.5564236111111112 0.7164713541666667 0.5651041666666667 0.7175564236111112 0.578125 0.7370876736111112 0.5813802083333334 0.7544487847222223 0.5813802083333334 0.7511935763888888 0.568359375 0.7511935763888888 0.5564236111111112 0.7674696180555556 0.5509982638888888 0.7772352430555556 0.5444878472222223 0.7772352430555556 0.5260416666666667 0.7794053819444444 0.5173611111111112 0.7631293402777779 0.5065104166666667 0.7631293402777779 0.4956597222222222 0.7696397569444444 0.48372395833333337 0.7924262152777779 0.490234375 0.8032769097222223 0.4989149305555556 0.8097873263888888 0.5065104166666667 0.8195529513888888 0.49240451388888895 0.8271484375 0.4815538194444444 0.8304036458333333 0.47829861111111116 0.8748914930555556 0.5716145833333334 0.9193793402777779 0.6540798611111112 0.9172092013888888 0.6746961805555556 0.9139539930555556 0.6963975694444444 0.8998480902777779 0.7018229166666667 0.8933376736111112 0.705078125 0.8879123263888888 0.7202690972222223 0.8857421875 0.7267795138888888 0.8358289930555556 0.7094184027777778 0.8304036458333333 0.7029079861111112 0.8358289930555556 0.6920572916666667 0.8228081597222223 0.6801215277777778 0.8238932291666667 0.6703559027777778 0.8228081597222223 0.6540798611111112 0.8195529513888888 0.6432291666666667 0.8152126736111112 0.6291232638888888 0.8087022569444444 0.6215277777777778 0.8011067708333333 0.63671875 0.8065321180555556 0.666015625 0.7989366319444444 0.6822916666666667 0.7956814236111112 0.6920572916666667 0.7891710069444444 0.6963975694444444 0.6622178819444444 0.6714409722222223
0 0.8944227430555556 0.9079861111111112 0.9117838541666667 0.8211805555555556 0.8911675347222223 0.8103298611111112 0.8824869791666667 0.8309461805555556 0.8781467013888888 0.8548177083333333 0.8814019097222223 0.8819444444444444 0.8803168402777779 0.9047309027777778
1 0.9139539930555556 0.8168402777777778 0.8933376736111112 0.8059895833333333 0.8955078125 0.7907986111111112 0.9128689236111112 0.783203125
5 0.8911675347222223 0.7973090277777778 0.8868272569444444 0.7799479166666666 0.8955078125 0.7745225694444444 0.8911675347222223 0.7506510416666666 0.9074435763888888 0.7593315972222222 0.9237196180555556 0.7615017361111112 0.9182942708333333 0.7777777777777778 0.9172092013888888 0.7853732638888888 0.9063585069444444 0.7821180555555556 0.8987630208333333 0.7864583333333333
